timestamp,直線との距離:,startx:,starty:,goalx:,goaly:,x:,y:,操作量,sp
2024-02-09 11:55:58,0.0,70788.2693839719,-171737.57179871772,70772.9149468953,-171738.43357661384,70788.2693839719,-171737.57179871772,0,20.0
timestamp,直線との距離:,startx:,starty:,goalx:,goaly:,x:,y:,操作量,sp
2024-02-09 11:55:58,0.0,70788.2693839719,-171737.57179871772,70772.9149468953,-171738.43357661384,70788.2693839719,-171737.57179871772,0,20.0
2024-02-09 11:55:58,0.0,70788.2693839719,-171737.57179871772,70772.9149468953,-171738.43357661384,70788.2693839719,-171737.57179871772,0,20.0
2024-02-09 11:55:59,0.017943214548403634,70788.2693839719,-171737.57179871772,70772.9149468953,-171738.43357661384,70787.97577470943,-171737.60624918467,-1,20.0
2024-02-09 11:56:00,0.001951240368536333,70788.2693839719,-171737.57179871772,70772.9149468953,-171738.43357661384,70787.27319890229,-171737.62966457225,0,20.0
2024-02-09 11:56:00,-0.010975148515376235,70788.2693839719,-171737.57179871772,70772.9149468953,-171738.43357661384,70786.72193483725,-171737.64765789855,0,20.0
2024-02-09 11:56:01,-0.0440334373728459,70788.2693839719,-171737.57179871772,70772.9149468953,-171738.43357661384,70785.84091037225,-171737.66399566084,0,20.0
2024-02-09 11:56:01,-0.0440334373728459,70788.2693839719,-171737.57179871772,70772.9149468953,-171738.43357661384,70785.84091037225,-171737.66399566084,0,20.0
2024-02-09 11:56:02,-0.14354516024427927,70788.2693839719,-171737.57179871772,70772.9149468953,-171738.43357661384,70784.24528751234,-171737.65388270997,2,20.0
2024-02-09 11:56:02,-0.14354516024427927,70788.2693839719,-171737.57179871772,70772.9149468953,-171738.43357661384,70784.24528751234,-171737.65388270997,1,20.0
2024-02-09 11:56:03,-0.2782332002777952,70788.2693839719,-171737.57179871772,70772.9149468953,-171738.43357661384,70782.628342176,-171737.60973481924,3,20.0
2024-02-09 11:56:03,-0.329122742800564,70788.2693839719,-171737.57179871772,70772.9149468953,-171738.43357661384,70781.97090604425,-171737.59566422243,3,20.0
2024-02-09 11:56:04,-0.4077959854850238,70788.2693839719,-171737.57179871772,70772.9149468953,-171738.43357661384,70780.98212455724,-171737.57236317566,4,20.0
2024-02-09 11:56:04,-0.4511231201202372,70788.2693839719,-171737.57179871772,70772.9149468953,-171738.43357661384,70780.33641268886,-171737.5652088565,4,20.0
2024-02-09 11:56:05,-0.48624888101433666,70788.2693839719,-171737.57179871772,70772.9149468953,-171738.43357661384,70779.34999153603,-171737.5853913515,5,20.0
2024-02-09 11:56:05,-0.5167668579742077,70788.2693839719,-171737.57179871772,70772.9149468953,-171738.43357661384,70778.69742114712,-171737.5914512881,5,20.0
2024-02-09 11:56:06,-0.5364601333296043,70788.2693839719,-171737.57179871772,70772.9149468953,-171738.43357661384,70777.7532246682,-171737.62472066877,5,20.0
2024-02-09 11:56:06,-0.5145314005463147,70788.2693839719,-171737.57179871772,70772.9149468953,-171738.43357661384,70776.2581805972,-171737.73059424653,4,20.0
2024-02-09 11:56:07,-0.4739707526817609,70788.2693839719,-171737.57179871772,70772.9149468953,-171738.43357661384,70775.6801903781,-171737.8036588108,4,20.0
2024-02-09 11:56:08,-0.4479969936705621,70788.2693839719,-171737.57179871772,70772.9149468953,-171738.43357661384,70775.07437216208,-171737.86367539395,4,20.0
2024-02-09 11:56:08,-0.4479969936705621,70788.2693839719,-171737.57179871772,70772.9149468953,-171738.43357661384,70775.07437216208,-171737.86367539395,4,20.0
2024-02-09 11:56:09,-0.29509271172190876,70788.2693839719,-171737.57179871772,70772.9149468953,-171738.43357661384,70773.27562916749,-171738.11777595317,1,20.0
timestamp,直線との距離:,startx:,starty:,goalx:,goaly:,x:,y:,操作量,sp
2024-02-09 11:56:10,-0.37455461071124774,70772.40751669699,-171738.25820949874,70767.81304474265,-171743.65567093433,70771.83807299407,-171738.3493307458,4,20.0
2024-02-09 11:56:10,-0.37455461071124774,70772.40751669699,-171738.25820949874,70767.81304474265,-171743.65567093433,70771.83807299407,-171738.3493307458,3,20.0
2024-02-09 11:56:10,-0.7603770804009754,70772.40751669699,-171738.25820949874,70767.81304474265,-171743.65567093433,70771.0774084581,-171738.6477095173,10,20.0
2024-02-09 11:56:11,-0.8712484808140396,70772.40751669699,-171738.25820949874,70767.81304474265,-171743.65567093433,70770.49036049828,-171739.1663102346,9,20.0
2024-02-09 11:56:11,-0.945339448240297,70772.40751669699,-171738.25820949874,70767.81304474265,-171743.65567093433,70770.07555192785,-171739.53931195333,9,20.0
2024-02-09 11:56:12,-1.0121925187264245,70772.40751669699,-171738.25820949874,70767.81304474265,-171743.65567093433,70769.4703503622,-171740.14714851353,10,20.0
2024-02-09 11:56:12,-1.0121925187264245,70772.40751669699,-171738.25820949874,70767.81304474265,-171743.65567093433,70769.4703503622,-171740.14714851353,10,20.0
2024-02-09 11:56:13,-1.0395912927708026,70772.40751669699,-171738.25820949874,70767.81304474265,-171743.65567093433,70768.91995606618,-171740.75146726944,10,20.0
2024-02-09 11:56:13,-0.9308994624082527,70772.40751669699,-171738.25820949874,70767.81304474265,-171743.65567093433,70768.12316828182,-171741.8551968294,8,20.0
2024-02-09 11:56:14,-0.8288493589284543,70772.40751669699,-171738.25820949874,70767.81304474265,-171743.65567093433,70767.65634164828,-171742.56105039598,7,20.0
timestamp,直線との距離:,startx:,starty:,goalx:,goaly:,x:,y:,操作量,sp
2024-02-09 11:56:14,0.0,70767.36223785336,-171743.0472444998,70767.4504649894,-171758.08261034725,70767.36223785336,-171743.0472444998,-6,20.0
2024-02-09 11:56:15,-0.39470967662918477,70767.36223785336,-171743.0472444998,70767.4504649894,-171758.08261034725,70766.97169136626,-171743.75787903956,6,20.0
2024-02-09 11:56:16,-0.8276338864528782,70767.36223785336,-171743.0472444998,70767.4504649894,-171758.08261034725,70766.54335888714,-171744.54165621614,11,20.0
2024-02-09 11:56:16,-1.1229022334091476,70767.36223785336,-171743.0472444998,70767.4504649894,-171758.08261034725,70766.25117949526,-171745.06893165084,13,20.0
2024-02-09 11:56:17,-1.5394714914343866,70767.36223785336,-171743.0472444998,70767.4504649894,-171758.08261034725,70765.83925667925,-171745.8619845557,18,20.0
2024-02-09 11:56:17,-1.9280085747544127,70767.36223785336,-171743.0472444998,70767.4504649894,-171758.08261034725,70765.45545284575,-171746.66974870712,21,20.0
2024-02-09 11:56:18,-2.1745910061697833,70767.36223785336,-171743.0472444998,70767.4504649894,-171758.08261034725,70765.21197903845,-171747.20023322402,23,20.0
2024-02-09 11:56:18,-2.454324658747365,70767.36223785336,-171743.0472444998,70767.4504649894,-171758.08261034725,70764.93708918864,-171748.0265182039,26,20.0
2024-02-09 11:56:19,-2.454324658747365,70767.36223785336,-171743.0472444998,70767.4504649894,-171758.08261034725,70764.93708918864,-171748.0265182039,24,20.0
2024-02-09 11:56:19,-2.680986114337431,70767.36223785336,-171743.0472444998,70767.4504649894,-171758.08261034725,70764.71981448548,-171749.62684136664,28,20.0
2024-02-09 11:56:20,-2.690123132326418,70767.36223785336,-171743.0472444998,70767.4504649894,-171758.08261034725,70764.71394987057,-171750.18453988075,26,20.0
2024-02-09 11:56:20,-2.589696672906933,70767.36223785336,-171743.0472444998,70767.4504649894,-171758.08261034725,70764.81918125623,-171751.0030842792,25,20.0
2024-02-09 11:56:21,-2.4010827400820522,70767.36223785336,-171743.0472444998,70767.4504649894,-171758.08261034725,70765.01226397287,-171751.76408569826,22,20.0
2024-02-09 11:56:21,-2.4010827400820522,70767.36223785336,-171743.0472444998,70767.4504649894,-171758.08261034725,70765.01226397287,-171751.76408569826,24,20.0
2024-02-09 11:56:22,-1.868684113388299,70767.36223785336,-171743.0472444998,70767.4504649894,-171758.08261034725,70765.55148396321,-171752.9249970541,14,20.0
2024-02-09 11:56:23,-1.400416427279703,70767.36223785336,-171743.0472444998,70767.4504649894,-171758.08261034725,70766.0232254901,-171753.51562320522,10,20.0
2024-02-09 11:56:23,-1.0574743822032795,70767.36223785336,-171743.0472444998,70767.4504649894,-171758.08261034725,70766.36830397137,-171753.87870115106,8,20.0
2024-02-09 11:56:24,-0.5038254350072722,70767.36223785336,-171743.0472444998,70767.4504649894,-171758.08261034725,70766.92481372168,-171754.36460501887,1,20.0
2024-02-09 11:56:24,-0.5038254350072722,70767.36223785336,-171743.0472444998,70767.4504649894,-171758.08261034725,70766.92481372168,-171754.36460501887,5,20.0
2024-02-09 11:56:25,0.12532321843879593,70767.36223785336,-171743.0472444998,70767.4504649894,-171758.08261034725,70767.55657339137,-171754.80771955088,-6,20.0
2024-02-09 11:56:25,0.9995766543558681,70767.36223785336,-171743.0472444998,70767.4504649894,-171758.08261034725,70768.43414120251,-171755.36997898069,-17,20.0
2024-02-09 11:56:26,1.4849753283884253,70767.36223785336,-171743.0472444998,70767.4504649894,-171758.08261034725,70768.92111843798,-171755.63756786473,-19,20.0
2024-02-09 11:56:26,2.1801027285073236,70767.36223785336,-171743.0472444998,70767.4504649894,-171758.08261034725,70769.6187117563,-171756.05576170652,-27,20.0
2024-02-09 11:56:27,2.871778983743165,70767.36223785336,-171743.0472444998,70767.4504649894,-171758.08261034725,70770.31319844084,-171756.53267607553,-34,20.0
2024-02-09 11:56:27,3.3060415875537976,70767.36223785336,-171743.0472444998,70767.4504649894,-171758.08261034725,70770.74960991536,-171756.8976051414,-37,20.0
2024-02-09 11:56:28,3.885196685055014,70767.36223785336,-171743.0472444998,70767.4504649894,-171758.08261034725,70771.33257418592,-171757.54505212515,-43,20.0
2024-02-09 11:56:28,4.343951798323076,70767.36223785336,-171743.0472444998,70767.4504649894,-171758.08261034725,70771.7975573788,-171758.60507411615,-47,20.0
2024-02-09 11:56:29,4.3941888562870774,70767.36223785336,-171743.0472444998,70767.4504649894,-171758.08261034725,70771.85258518855,-171759.42135020765,-45,20.0
2024-02-09 11:56:29,4.267470254721462,70767.36223785336,-171743.0472444998,70767.4504649894,-171758.08261034725,70771.72902337687,-171759.9596912981,-42,20.0
2024-02-09 11:56:30,3.8423049210709967,70767.36223785336,-171743.0472444998,70767.4504649894,-171758.08261034725,70771.30799644919,-171760.66619166586,-36,20.0
2024-02-09 11:56:31,3.2649115314161223,70767.36223785336,-171743.0472444998,70767.4504649894,-171758.08261034725,70770.7335518524,-171761.17040888072,-29,20.0
2024-02-09 11:56:31,3.2649115314161223,70767.36223785336,-171743.0472444998,70767.4504649894,-171758.08261034725,70770.7335518524,-171761.17040888072,-33,20.0
2024-02-09 11:56:32,1.9565009603044128,70767.36223785336,-171743.0472444998,70767.4504649894,-171758.08261034725,70769.42736488214,-171761.553186134,-11,20.0
2024-02-09 11:56:32,1.1218123973867722,70767.36223785336,-171743.0472444998,70767.4504649894,-171758.08261034725,70768.59211085273,-171761.45927021865,-6,20.0
2024-02-09 11:56:33,0.3493486445154674,70767.36223785336,-171743.0472444998,70767.4504649894,-171758.08261034725,70767.81848804145,-171761.2640138399,1,20.0
2024-02-09 11:56:33,-0.17347713408746904,70767.36223785336,-171743.0472444998,70767.4504649894,-171758.08261034725,70767.29484136608,-171761.12565337808,5,20.0
2024-02-09 11:56:34,-0.7790316707584338,70767.36223785336,-171743.0472444998,70767.4504649894,-171758.08261034725,70766.68839012632,-171760.97461699037,12,20.0
2024-02-09 11:56:34,-1.381055992231444,70767.36223785336,-171743.0472444998,70767.4504649894,-171758.08261034725,70766.0856101748,-171760.84761142754,18,20.0
2024-02-09 11:56:35,-1.822784337662606,70767.36223785336,-171743.0472444998,70767.4504649894,-171758.08261034725,70765.64334429539,-171760.75730274295,21,20.0
2024-02-09 11:56:35,-2.43723097215545,70767.36223785336,-171743.0472444998,70767.4504649894,-171758.08261034725,70765.02821642547,-171760.64301170188,28,20.0
2024-02-09 11:56:36,-2.368068832095191,70767.36223785336,-171743.0472444998,70767.4504649894,-171758.08261034725,70765.09784059106,-171760.72154558773,23,20.0
2024-02-09 11:56:37,-2.1696177381114756,70767.36223785336,-171743.0472444998,70767.4504649894,-171758.08261034725,70765.29675367911,-171760.7996947835,20,20.0
2024-02-09 11:56:37,-2.0114665170231625,70767.36223785336,-171743.0472444998,70767.4504649894,-171758.08261034725,70765.45387055216,-171760.6229607294,19,20.0
2024-02-09 11:56:38,-1.570114257673853,70767.36223785336,-171743.0472444998,70767.4504649894,-171758.08261034725,70765.89354642702,-171760.3359821253,12,20.0
2024-02-09 11:56:38,-1.0510785194113703,70767.36223785336,-171743.0472444998,70767.4504649894,-171758.08261034725,70766.4100768895,-171759.9075187917,6,20.0
2024-02-09 11:56:39,-0.648854034265313,70767.36223785336,-171743.0472444998,70767.4504649894,-171758.08261034725,70766.81149461847,-171759.76885405974,3,20.0
2024-02-09 11:56:39,-0.21666428979556612,70767.36223785336,-171743.0472444998,70767.4504649894,-171758.08261034725,70767.2422288895,-171759.51954924146,-1,20.0
timestamp,直線との距離:,startx:,starty:,goalx:,goaly:,x:,y:,操作量,sp
2024-02-09 11:56:41,0.0,70767.9126403897,-171758.8927232114,70776.22406187186,-171762.44386814098,70767.9126403897,-171758.8927232114,-1,20.0
timestamp,直線との距離:,startx:,starty:,goalx:,goaly:,x:,y:,操作量,sp
2024-02-09 11:56:41,0.5812079401138255,70767.9126403897,-171758.8927232114,70776.22406187186,-171762.44386814098,70768.16357566661,-171758.36790229892,-7,20.0
2024-02-09 11:56:41,0.5812079401138255,70767.9126403897,-171758.8927232114,70776.22406187186,-171762.44386814098,70768.16357566661,-171758.36790229892,-6,20.0
2024-02-09 11:56:41,0.9530925380639287,70767.9126403897,-171758.8927232114,70776.22406187186,-171762.44386814098,70768.3533464725,-171758.04457728768,-10,20.0
2024-02-09 11:56:42,1.0878275783712328,70767.9126403897,-171758.8927232114,70776.22406187186,-171762.44386814098,70768.35901555988,-171757.9004815793,-12,20.0
2024-02-09 11:56:42,1.132346743568455,70767.9126403897,-171758.8927232114,70776.22406187186,-171762.44386814098,70768.33001794656,-171757.83967957995,-12,20.0
2024-02-09 11:56:43,1.1861839138762307,70767.9126403897,-171758.8927232114,70776.22406187186,-171762.44386814098,70768.3529693903,-171757.79094049524,-12,20.0
2024-02-09 11:56:44,1.2277783733613774,70767.9126403897,-171758.8927232114,70776.22406187186,-171762.44386814098,70768.54061295518,-171757.82588126487,-13,20.0
2024-02-09 11:56:44,1.205046646389448,70767.9126403897,-171758.8927232114,70776.22406187186,-171762.44386814098,70768.62885762425,-171757.88830441804,-13,20.0
2024-02-09 11:56:45,1.205046646389448,70767.9126403897,-171758.8927232114,70776.22406187186,-171762.44386814098,70768.62885762425,-171757.88830441804,-13,20.0
2024-02-09 11:56:45,1.117090073648107,70767.9126403897,-171758.8927232114,70776.22406187186,-171762.44386814098,70768.8982169395,-171758.09903965538,-12,20.0
2024-02-09 11:56:46,1.0407048082628088,70767.9126403897,-171758.8927232114,70776.22406187186,-171762.44386814098,70769.18576284131,-171758.3049620678,-11,20.0
2024-02-09 11:56:46,0.8354370230362407,70767.9126403897,-171758.8927232114,70776.22406187186,-171762.44386814098,70769.68790176834,-171758.74272522898,-9,20.0
2024-02-09 11:56:47,0.8354370230362407,70767.9126403897,-171758.8927232114,70776.22406187186,-171762.44386814098,70769.68790176834,-171758.74272522898,-9,20.0
2024-02-09 11:56:47,0.3570954707839632,70767.9126403897,-171758.8927232114,70776.22406187186,-171762.44386814098,70770.47577075117,-171759.5995242648,-4,20.0
2024-02-09 11:56:48,-0.027110017245990513,70767.9126403897,-171758.8927232114,70776.22406187186,-171762.44386814098,70770.8830846442,-171760.19135856288,0,20.0
2024-02-09 11:56:48,-0.41935906718098676,70767.9126403897,-171758.8927232114,70776.22406187186,-171762.44386814098,70771.29833679713,-171760.79533155594,4,20.0
2024-02-09 11:56:49,-0.41935906718098676,70767.9126403897,-171758.8927232114,70776.22406187186,-171762.44386814098,70771.29833679713,-171760.79533155594,4,20.0
2024-02-09 11:56:49,-1.1448702579218546,70767.9126403897,-171758.8927232114,70776.22406187186,-171762.44386814098,70771.9673495856,-171761.87013310895,12,20.0
2024-02-09 11:56:50,-1.6030104667888139,70767.9126403897,-171758.8927232114,70776.22406187186,-171762.44386814098,70772.37327897512,-171762.54177632203,16,20.0
2024-02-09 11:56:50,-1.6030104667888139,70767.9126403897,-171758.8927232114,70776.22406187186,-171762.44386814098,70772.37327897512,-171762.54177632203,16,20.0
2024-02-09 11:56:51,-1.9315710641329022,70767.9126403897,-171758.8927232114,70776.22406187186,-171762.44386814098,70772.64296128205,-171763.0142948859,19,20.0
2024-02-09 11:56:52,-2.752127299523952,70767.9126403897,-171758.8927232114,70776.22406187186,-171762.44386814098,70773.61280926941,-171764.32098846167,28,20.0
2024-02-09 11:56:52,-2.976478955067026,70767.9126403897,-171758.8927232114,70776.22406187186,-171762.44386814098,70773.98199998525,-171764.7227008511,29,20.0
2024-02-09 11:56:53,-3.2910751197208006,70767.9126403897,-171758.8927232114,70776.22406187186,-171762.44386814098,70774.58904151623,-171765.32417415056,33,20.0
2024-02-09 11:56:53,-3.2910751197208006,70767.9126403897,-171758.8927232114,70776.22406187186,-171762.44386814098,70774.58904151623,-171765.32417415056,32,20.0
2024-02-09 11:56:54,-3.44507993283947,70767.9126403897,-171758.8927232114,70776.22406187186,-171762.44386814098,70775.28381313189,-171765.7884956953,34,20.0
2024-02-09 11:56:54,-3.364214966313432,70767.9126403897,-171758.8927232114,70776.22406187186,-171762.44386814098,70776.5146845117,-171766.2264620672,33,20.0
2024-02-09 11:56:55,-3.09986612364033,70767.9126403897,-171758.8927232114,70776.22406187186,-171762.44386814098,70777.29846361972,-171766.27387351333,30,20.0
2024-02-09 11:56:55,-2.9058637441553246,70767.9126403897,-171758.8927232114,70776.22406187186,-171762.44386814098,70777.81973055638,-171766.28562218967,28,20.0
2024-02-09 11:56:56,-2.4007357112683856,70767.9126403897,-171758.8927232114,70776.22406187186,-171762.44386814098,70778.63706013678,-171766.08553262978,23,20.0
2024-02-09 11:56:56,-2.4007357112683856,70767.9126403897,-171758.8927232114,70776.22406187186,-171762.44386814098,70778.63706013678,-171766.08553262978,24,20.0
2024-02-09 11:56:57,-1.8282852362573208,70767.9126403897,-171758.8927232114,70776.22406187186,-171762.44386814098,70779.39870018605,-171765.7884391905,17,20.0
2024-02-09 11:56:57,-1.0969246549944582,70767.9126403897,-171758.8927232114,70776.22406187186,-171762.44386814098,70780.1262201696,-171765.30396047232,10,20.0
2024-02-09 11:56:58,0.22302098096017445,70767.9126403897,-171758.8927232114,70776.22406187186,-171762.44386814098,70781.07264546727,-171764.2729534349,-4,20.0
2024-02-09 11:56:58,0.22302098096017445,70767.9126403897,-171758.8927232114,70776.22406187186,-171762.44386814098,70781.07264546727,-171764.2729534349,-3,20.0
2024-02-09 11:56:59,1.6629882035969343,70767.9126403897,-171758.8927232114,70776.22406187186,-171762.44386814098,70781.86667975172,-171763.04631797204,-19,20.0
2024-02-09 11:57:00,1.6629882035969343,70767.9126403897,-171758.8927232114,70776.22406187186,-171762.44386814098,70781.86667975172,-171763.04631797204,-17,20.0
2024-02-09 11:57:00,2.5197966499879434,70767.9126403897,-171758.8927232114,70776.22406187186,-171762.44386814098,70782.34397828429,-171762.31851089603,-27,20.0
2024-02-09 11:57:01,3.649393209288955,70767.9126403897,-171758.8927232114,70776.22406187186,-171762.44386814098,70783.04064900341,-171761.38778898923,-38,20.0
2024-02-09 11:57:01,4.471785731588372,70767.9126403897,-171758.8927232114,70776.22406187186,-171762.44386814098,70783.6740721052,-171760.764113493,-46,20.0
2024-02-09 11:57:02,4.999004903834542,70767.9126403897,-171758.8927232114,70776.22406187186,-171762.44386814098,70784.15267872011,-171760.39527782073,-51,20.0
2024-02-09 11:57:02,5.614946798445191,70767.9126403897,-171758.8927232114,70776.22406187186,-171762.44386814098,70784.92085928292,-171760.05368405604,-57,20.0
2024-02-09 11:57:03,6.031488745160038,70767.9126403897,-171758.8927232114,70776.22406187186,-171762.44386814098,70785.75032290656,-171759.95511201318,-61,20.0
2024-02-09 11:57:03,6.165724229842795,70767.9126403897,-171758.8927232114,70776.22406187186,-171762.44386814098,70786.30585109342,-171760.04649280864,-62,20.0
2024-02-09 11:57:04,6.058239657095537,70767.9126403897,-171758.8927232114,70776.22406187186,-171762.44386814098,70786.99225873423,-171760.4566522266,-61,20.0
2024-02-09 11:57:04,6.058239657095537,70767.9126403897,-171758.8927232114,70776.22406187186,-171762.44386814098,70786.99225873423,-171760.4566522266,-61,20.0
2024-02-09 11:57:05,5.496359089552485,70767.9126403897,-171758.8927232114,70776.22406187186,-171762.44386814098,70787.49793467791,-171761.28372589554,-55,20.0
2024-02-09 11:57:06,4.906710451619266,70767.9126403897,-171758.8927232114,70776.22406187186,-171762.44386814098,70787.54770314373,-171761.94620459556,-49,20.0
2024-02-09 11:57:06,4.255323992942607,70767.9126403897,-171758.8927232114,70776.22406187186,-171762.44386814098,70787.32123144077,-171762.55779360473,-42,20.0
2024-02-09 11:57:07,3.370421376720908,70767.9126403897,-171758.8927232114,70776.22406187186,-171762.44386814098,70786.51292738273,-171763.1747260425,-33,20.0
2024-02-09 11:57:07,3.0941009931902324,70767.9126403897,-171758.8927232114,70776.22406187186,-171762.44386814098,70786.10149641956,-171763.29942285366,-31,20.0
2024-02-09 11:57:08,2.8496079441355384,70767.9126403897,-171758.8927232114,70776.22406187186,-171762.44386814098,70785.50422503,-171763.31010662985,-29,20.0
2024-02-09 11:57:08,2.71125337623211,70767.9126403897,-171758.8927232114,70776.22406187186,-171762.44386814098,70785.05146977826,-171763.26711599028,-27,20.0
2024-02-09 11:57:09,2.5429267410967134,70767.9126403897,-171758.8927232114,70776.22406187186,-171762.44386814098,70784.44123703455,-171763.1894345692,-26,20.0
2024-02-09 11:57:09,2.053212889180373,70767.9126403897,-171758.8927232114,70776.22406187186,-171762.44386814098,70783.16573208633,-171763.17700155452,-21,20.0
2024-02-09 11:57:10,1.5433536960817553,70767.9126403897,-171758.8927232114,70776.22406187186,-171762.44386814098,70781.88797152255,-171763.18551189496,-15,20.0
2024-02-09 11:57:10,1.0851111608818385,70767.9126403897,-171758.8927232114,70776.22406187186,-171762.44386814098,70781.03652335412,-171763.32003819058,-11,20.0
2024-02-09 11:57:11,0.4814295040203629,70767.9126403897,-171758.8927232114,70776.22406187186,-171762.44386814098,70779.76338188446,-171763.43254951376,-5,20.0
2024-02-09 11:57:11,-0.14356416410442605,70767.9126403897,-171758.8927232114,70776.22406187186,-171762.44386814098,70778.52614179754,-171763.58357588094,2,20.0
2024-02-09 11:57:12,-0.5227480397049363,70767.9126403897,-171758.8927232114,70776.22406187186,-171762.44386814098,70777.83272917212,-171763.69965207897,5,20.0
2024-02-09 11:57:12,-1.081282005933327,70767.9126403897,-171758.8927232114,70776.22406187186,-171762.44386814098,70776.83394584284,-171763.88028994596,11,20.0
2024-02-09 11:57:13,-1.489994394461109,70767.9126403897,-171758.8927232114,70776.22406187186,-171762.44386814098,70776.2592859127,-171764.07921536049,15,20.0
2024-02-09 11:57:13,-1.6125055640148465,70767.9126403897,-171758.8927232114,70776.22406187186,-171762.44386814098,70776.13670826523,-171764.16006774665,16,20.0
2024-02-09 11:57:14,-1.5547275712492064,70767.9126403897,-171758.8927232114,70776.22406187186,-171762.44386814098,70775.98321664461,-171764.0316559947,15,20.0
2024-02-09 11:57:15,-1.5649875668594295,70767.9126403897,-171758.8927232114,70776.22406187186,-171762.44386814098,70775.91792062095,-171764.01491481336,15,20.0
2024-02-09 11:57:15,-1.6500196495208004,70767.9126403897,-171758.8927232114,70776.22406187186,-171762.44386814098,70775.90757027378,-171764.10296082264,16,20.0
2024-02-09 11:57:16,-1.6500196495208004,70767.9126403897,-171758.8927232114,70776.22406187186,-171762.44386814098,70775.90757027378,-171764.10296082264,16,20.0
2024-02-09 11:57:16,-1.7980462871336798,70767.9126403897,-171758.8927232114,70776.22406187186,-171762.44386814098,70775.91499270526,-171764.2671039983,18,20.0
2024-02-09 11:57:17,-2.1511655960955434,70767.9126403897,-171758.8927232114,70776.22406187186,-171762.44386814098,70775.62669332344,-171764.52792525655,21,20.0
2024-02-09 11:57:17,-2.18291135850089,70767.9126403897,-171758.8927232114,70776.22406187186,-171762.44386814098,70775.37972758562,-171764.45692846025,21,20.0
2024-02-09 11:57:18,-2.18291135850089,70767.9126403897,-171758.8927232114,70776.22406187186,-171762.44386814098,70775.37972758562,-171764.45692846025,21,20.0
2024-02-09 11:57:18,-1.7764654065074512,70767.9126403897,-171758.8927232114,70776.22406187186,-171762.44386814098,70775.80018367028,-171764.19458242197,17,20.0
2024-02-09 11:57:19,-1.2278061591251888,70767.9126403897,-171758.8927232114,70776.22406187186,-171762.44386814098,70775.73654885739,-171763.57075316907,11,20.0
timestamp,直線との距離:,startx:,starty:,goalx:,goaly:,x:,y:,操作量,sp
2024-02-09 11:57:19,0.3441444136390827,70775.73654885739,-171763.57075316907,70787.19721004953,-171761.99585771572,70775.45536414956,-171763.2620143151,-6,20.0
2024-02-09 11:57:20,0.367194312583413,70775.73654885739,-171763.57075316907,70787.19721004953,-171761.99585771572,70775.13583747343,-171763.28265636004,-4,20.0
2024-02-09 11:57:20,0.3517532339668964,70775.73654885739,-171763.57075316907,70787.19721004953,-171761.99585771572,70774.93828665545,-171763.32538948845,-4,20.0
2024-02-09 11:57:21,0.3517532339668964,70775.73654885739,-171763.57075316907,70787.19721004953,-171761.99585771572,70774.93828665545,-171763.32538948845,-4,20.0
2024-02-09 11:57:21,0.3608950551120915,70775.73654885739,-171763.57075316907,70787.19721004953,-171761.99585771572,70775.0636094987,-171763.2989402036,-4,20.0
2024-02-09 11:57:22,0.3608950551120915,70775.73654885739,-171763.57075316907,70787.19721004953,-171761.99585771572,70775.0636094987,-171763.2989402036,-4,20.0
2024-02-09 11:57:23,0.31435004539073813,70775.73654885739,-171763.57075316907,70787.19721004953,-171761.99585771572,70775.85601477965,-171763.23703227023,-4,20.0
2024-02-09 11:57:23,0.31435004539073813,70775.73654885739,-171763.57075316907,70787.19721004953,-171761.99585771572,70775.85601477965,-171763.23703227023,-4,20.0
2024-02-09 11:57:24,0.2771040823099059,70775.73654885739,-171763.57075316907,70787.19721004953,-171761.99585771572,70776.96159181441,-171763.12270262057,-3,20.0
2024-02-09 11:57:24,0.26358551449695744,70775.73654885739,-171763.57075316907,70787.19721004953,-171761.99585771572,70777.66808628634,-171763.03926352406,-3,20.0
2024-02-09 11:57:25,0.2729713331404101,70775.73654885739,-171763.57075316907,70787.19721004953,-171761.99585771572,70778.39803339318,-171762.92948199162,-3,20.0
2024-02-09 11:57:25,0.2729713331404101,70775.73654885739,-171763.57075316907,70787.19721004953,-171761.99585771572,70778.39803339318,-171762.92948199162,-3,20.0
2024-02-09 11:57:26,0.2908295224755119,70775.73654885739,-171763.57075316907,70787.19721004953,-171761.99585771572,70779.09133698938,-171762.81618392808,-3,20.0
2024-02-09 11:57:26,0.2940596467740721,70775.73654885739,-171763.57075316907,70787.19721004953,-171761.99585771572,70779.8395569563,-171762.71010492812,-3,20.0
2024-02-09 11:57:27,0.2706820302301647,70775.73654885739,-171763.57075316907,70787.19721004953,-171761.99585771572,70780.57914917264,-171762.63206932257,-3,20.0
2024-02-09 11:57:27,0.26506828678269034,70775.73654885739,-171763.57075316907,70787.19721004953,-171761.99585771572,70781.37277909057,-171762.5286771796,-3,20.0
2024-02-09 11:57:28,0.19193519882332113,70775.73654885739,-171763.57075316907,70787.19721004953,-171761.99585771572,70782.18695196239,-171762.49061594132,-2,20.0
2024-02-09 11:57:29,0.1617976544917056,70775.73654885739,-171763.57075316907,70787.19721004953,-171761.99585771572,70782.74451324022,-171762.44441802803,-2,20.0
2024-02-09 11:57:29,0.12274837041500039,70775.73654885739,-171763.57075316907,70787.19721004953,-171761.99585771572,70783.56039155705,-171762.371718321,-2,20.0
2024-02-09 11:57:30,0.03909503030806695,70775.73654885739,-171763.57075316907,70787.19721004953,-171761.99585771572,70784.40999656983,-171762.33940720395,-1,20.0
2024-02-09 11:57:30,-0.014320641279436714,70775.73654885739,-171763.57075316907,70787.19721004953,-171761.99585771572,70784.95725308383,-171762.31812223198,0,20.0
2024-02-09 11:57:31,-0.10072812332699613,70775.73654885739,-171763.57075316907,70787.19721004953,-171761.99585771572,70785.77197233074,-171762.29338505413,1,20.0
timestamp,直線との距離:,startx:,starty:,goalx:,goaly:,x:,y:,操作量,sp
2024-02-09 11:57:31,-0.0,70786.6113025339,-171762.30246386753,70786.83232565675,-171756.73123756476,70786.6113025339,-171762.30246386753,-90,20.0
2024-02-09 11:57:32,-0.8599871941154473,70786.6113025339,-171762.30246386753,70786.83232565675,-171756.73123756476,70787.47106340162,-171762.32522088054,-95,20.0
2024-02-09 11:57:32,-1.4302940280102707,70786.6113025339,-171762.30246386753,70786.83232565675,-171756.73123756476,70788.0406377339,-171762.3549929377,-88,20.0
2024-02-09 11:57:33,-2.0643960848126,70786.6113025339,-171762.30246386753,70786.83232565675,-171756.73123756476,70788.65957117446,-171762.74991432502,-77,20.0
2024-02-09 11:57:33,-2.2516116831200867,70786.6113025339,-171762.30246386753,70786.83232565675,-171756.73123756476,70788.82383433769,-171763.33217777495,-66,20.0
2024-02-09 11:57:34,-2.1795480296072376,70786.6113025339,-171762.30246386753,70786.83232565675,-171756.73123756476,70788.73839272767,-171763.66796075486,-55,20.0
2024-02-09 11:57:35,-1.8619202642073178,70786.6113025339,-171762.30246386753,70786.83232565675,-171756.73123756476,70788.40560333536,-171764.04383475272,-47,20.0
2024-02-09 11:57:35,-1.0198915684931782,70786.6113025339,-171762.30246386753,70786.83232565675,-171756.73123756476,70787.55255807663,-171764.3048280724,-43,20.0
2024-02-09 11:57:36,-0.6228344765074434,70786.6113025339,-171762.30246386753,70786.83232565675,-171756.73123756476,70787.15761519368,-171764.243663217,-40,20.0
2024-02-09 11:57:36,-0.23259619727191536,70786.6113025339,-171762.30246386753,70786.83232565675,-171756.73123756476,70786.77268819805,-171764.10204640625,-39,20.0
2024-02-09 11:57:37,0.3155845964556463,70786.6113025339,-171762.30246386753,70786.83232565675,-171756.73123756476,70786.23885238706,-171763.7295896376,-41,20.0
2024-02-09 11:57:37,0.6362023330021345,70786.6113025339,-171762.30246386753,70786.83232565675,-171756.73123756476,70785.93111618939,-171763.39853340838,-45,20.0
2024-02-09 11:57:38,0.8981008148131225,70786.6113025339,-171762.30246386753,70786.83232565675,-171756.73123756476,70785.68426321822,-171763.0140952611,-49,20.0
2024-02-09 11:57:38,1.0854300518579914,70786.6113025339,-171762.30246386753,70786.83232565675,-171756.73123756476,70785.51473544583,-171762.56166765623,-55,20.0
2024-02-09 11:57:39,1.1716774628633344,70786.6113025339,-171762.30246386753,70786.83232565675,-171756.73123756476,70785.45752700474,-171761.82798580514,-61,20.0
2024-02-09 11:57:39,0.9805085489576847,70786.6113025339,-171762.30246386753,70786.83232565675,-171756.73123756476,70785.67621316886,-171761.13816193168,-65,20.0
2024-02-09 11:57:40,0.7151878449131652,70786.6113025339,-171762.30246386753,70786.83232565675,-171756.73123756476,70785.95816163614,-171760.7242945606,-68,20.0
2024-02-09 11:57:40,0.12038092740436918,70786.6113025339,-171762.30246386753,70786.83232565675,-171756.73123756476,70786.56974570465,-171760.31319480357,-68,20.0
2024-02-09 11:57:41,-0.5961383509651916,70786.6113025339,-171762.30246386753,70786.83232565675,-171756.73123756476,70787.29064412402,-171760.2170192288,-64,20.0
2024-02-09 11:57:41,-1.0566156710398102,70786.6113025339,-171762.30246386753,70786.83232565675,-171756.73123756476,70787.74644478755,-171760.3440320151,-59,20.0
2024-02-09 11:57:42,-1.0566156710398102,70786.6113025339,-171762.30246386753,70786.83232565675,-171756.73123756476,70787.74644478755,-171760.3440320151,-54,20.0
2024-02-09 11:57:42,-1.829163679827065,70786.6113025339,-171762.30246386753,70786.83232565675,-171756.73123756476,70788.48902128128,-171761.11482828966,-43,20.0
2024-02-09 11:57:43,-1.890367434001032,70786.6113025339,-171762.30246386753,70786.83232565675,-171756.73123756476,70788.5104431254,-171762.11880582583,-34,20.0
2024-02-09 11:57:44,-1.6326036591380746,70786.6113025339,-171762.30246386753,70786.83232565675,-171756.73123756476,70788.23068929744,-171762.66798776595,-27,20.0
2024-02-09 11:57:44,-1.3776133897791951,70786.6113025339,-171762.30246386753,70786.83232565675,-171756.73123756476,70787.96252968599,-171762.9948851708,-20,20.0
2024-02-09 11:57:45,-0.8900960859140019,70786.6113025339,-171762.30246386753,70786.83232565675,-171756.73123756476,70787.4591784398,-171763.3843372825,-16,20.0
