timestamp,直線との距離:,startx:,starty:,goalx:,goaly:,x:,y:,操作量,sp
2024-02-08 14:51:29,-0.0,70788.1898595828,-171738.95096597855,70772.9149468953,-171738.43357661384,70788.1898595828,-171738.95096597855,0,20.0
2024-02-08 14:51:29,-0.0,70788.1898595828,-171738.95096597855,70772.9149468953,-171738.43357661384,70788.1898595828,-171738.95096597855,0,20.0
2024-02-08 14:51:29,-0.015081600679174606,70788.1898595828,-171738.95096597855,70772.9149468953,-171738.43357661384,70788.17516814392,-171738.93537810273,0,20.0
2024-02-08 14:51:30,-0.032626785730363615,70788.1898595828,-171738.95096597855,70772.9149468953,-171738.43357661384,70788.01877093881,-171738.91252539502,0,20.0
2024-02-08 14:51:30,-0.06741378972126587,70788.1898595828,-171738.95096597855,70772.9149468953,-171738.43357661384,70787.37516258322,-171738.85591824332,0,20.0
2024-02-08 14:51:31,-0.09767091043080077,70788.1898595828,-171738.95096597855,70772.9149468953,-171738.43357661384,70786.8304887135,-171738.80719466563,1,20.0
2024-02-08 14:51:31,-0.17953374128483113,70788.1898595828,-171738.95096597855,70772.9149468953,-171738.43357661384,70785.92361435539,-171738.6945673864,2,20.0
2024-02-08 14:51:32,-0.2571390460316342,70788.1898595828,-171738.95096597855,70772.9149468953,-171738.43357661384,70784.9830431915,-171738.58505870219,3,20.0
2024-02-08 14:51:32,-0.3167980761017556,70788.1898595828,-171738.95096597855,70772.9149468953,-171738.43357661384,70784.34960626274,-171738.5039097856,3,20.0
2024-02-08 14:51:33,-0.4280465832436998,70788.1898595828,-171738.95096597855,70772.9149468953,-171738.43357661384,70783.39566407757,-171738.36028570402,5,20.0
2024-02-08 14:51:33,-0.4990017785738845,70788.1898595828,-171738.95096597855,70772.9149468953,-171738.43357661384,70782.76663867143,-171738.26798357035,5,20.0
2024-02-08 14:51:34,-0.6036827353442485,70788.1898595828,-171738.95096597855,70772.9149468953,-171738.43357661384,70781.81482051885,-171738.13100275042,6,20.0
2024-02-08 14:51:34,-0.6917342960950162,70788.1898595828,-171738.95096597855,70772.9149468953,-171738.43357661384,70780.87194904183,-171738.0109639036,7,20.0
2024-02-08 14:51:35,-0.8015639772918102,70788.1898595828,-171738.95096597855,70772.9149468953,-171738.43357661384,70779.91939295344,-171737.86880641128,8,20.0
2024-02-08 14:51:36,-0.8439246190651067,70788.1898595828,-171738.95096597855,70772.9149468953,-171738.43357661384,70779.27968542058,-171737.80475340647,8,20.0
2024-02-08 14:51:36,-0.9347529573346071,70788.1898595828,-171738.95096597855,70772.9149468953,-171738.43357661384,70778.31580120989,-171737.68122444977,9,20.0
2024-02-08 14:51:37,-1.0393308117371172,70788.1898595828,-171738.95096597855,70772.9149468953,-171738.43357661384,70776.76845894147,-171737.52417529508,11,20.0
2024-02-08 14:51:37,-1.0991611958040082,70788.1898595828,-171738.95096597855,70772.9149468953,-171738.43357661384,70776.16834906292,-171737.44398377466,11,20.0
2024-02-08 14:51:38,-1.0991611958040082,70788.1898595828,-171738.95096597855,70772.9149468953,-171738.43357661384,70776.16834906292,-171737.44398377466,10,20.0
2024-02-08 14:51:38,-1.112980488925134,70788.1898595828,-171738.95096597855,70772.9149468953,-171738.43357661384,70774.69461969745,-171737.38023863436,11,20.0
2024-02-08 14:51:39,-1.112870975429599,70788.1898595828,-171738.95096597855,70772.9149468953,-171738.43357661384,70774.098958337,-171737.36017206567,11,20.0
2024-02-08 14:51:40,-1.0967834127343115,70788.1898595828,-171738.95096597855,70772.9149468953,-171738.43357661384,70773.50181323865,-171737.35604245248,10,20.0
timestamp,直線との距離:,startx:,starty:,goalx:,goaly:,x:,y:,操作量,sp
2024-02-08 14:51:40,0.0,70772.58244780535,-171737.36369537062,70767.81304474265,-171743.65567093433,70772.58244780535,-171737.36369537062,-2,20.0
2024-02-08 14:51:41,-0.695554821924526,70772.58244780535,-171737.36369537062,70767.81304474265,-171743.65567093433,70771.6833738492,-171737.39835793865,7,20.0
2024-02-08 14:51:41,-1.353725487537559,70772.58244780535,-171737.36369537062,70767.81304474265,-171743.65567093433,70770.80399596067,-171737.46892288225,14,20.0
2024-02-08 14:51:42,-1.8069354414872645,70772.58244780535,-171737.36369537062,70767.81304474265,-171743.65567093433,70770.21957967686,-171737.4896577512,18,20.0
2024-02-08 14:51:42,-2.4620538394950375,70772.58244780535,-171737.36369537062,70767.81304474265,-171743.65567093433,70769.35919407623,-171737.54022011496,25,20.0
2024-02-08 14:51:43,-3.454458949400397,70772.58244780535,-171737.36369537062,70767.81304474265,-171743.65567093433,70767.98517844225,-171737.71003415255,35,20.0
2024-02-08 14:51:43,-3.8024593608744004,70772.58244780535,-171737.36369537062,70767.81304474265,-171743.65567093433,70767.45432341633,-171737.83427410034,38,20.0
2024-02-08 14:51:44,-4.072240506658389,70772.58244780535,-171737.36369537062,70767.81304474265,-171743.65567093433,70766.97712395442,-171738.01721469648,40,20.0
2024-02-08 14:51:44,-4.270141563151407,70772.58244780535,-171737.36369537062,70767.81304474265,-171743.65567093433,70766.53142145042,-171738.2775944596,42,20.0
2024-02-08 14:51:45,-4.438331544103304,70772.58244780535,-171737.36369537062,70767.81304474265,-171743.65567093433,70766.02004990008,-171738.67379135403,44,20.0
2024-02-08 14:51:45,-4.435269848428198,70772.58244780535,-171737.36369537062,70767.81304474265,-171743.65567093433,70765.77953995121,-171738.99614947397,44,20.0
2024-02-08 14:51:46,-4.311058441095453,70772.58244780535,-171737.36369537062,70767.81304474265,-171743.65567093433,70765.4908401157,-171739.58263414388,42,20.0
2024-02-08 14:51:46,-3.60281181136962,70772.58244780535,-171737.36369537062,70767.81304474265,-171743.65567093433,70765.47185374766,-171740.78012138582,35,20.0
2024-02-08 14:51:47,-3.184500162425924,70772.58244780535,-171737.36369537062,70767.81304474265,-171743.65567093433,70765.65263828293,-171741.2341016117,31,20.0
2024-02-08 14:51:48,-2.483191022930672,70772.58244780535,-171737.36369537062,70767.81304474265,-171743.65567093433,70766.06838649549,-171741.84658627294,24,20.0
2024-02-08 14:51:48,-2.483191022930672,70772.58244780535,-171737.36369537062,70767.81304474265,-171743.65567093433,70766.06838649549,-171741.84658627294,24,20.0
2024-02-08 14:51:49,-1.4825836984840182,70772.58244780535,-171737.36369537062,70767.81304474265,-171743.65567093433,70766.87915589527,-171742.43340585314,13,20.0
2024-02-08 14:51:49,-0.9582054283490066,70772.58244780535,-171737.36369537062,70767.81304474265,-171743.65567093433,70767.36476536734,-171742.66083349823,9,20.0
timestamp,直線との距離:,startx:,starty:,goalx:,goaly:,x:,y:,操作量,sp
2024-02-08 14:51:50,0.0,70768.15341338947,-171742.9048143292,70767.4504649894,-171758.08261034725,70768.15341338947,-171742.9048143292,-7,35.0
2024-02-08 14:51:50,0.8446303753053026,70768.15341338947,-171742.9048143292,70767.4504649894,-171758.08261034725,70768.98860584169,-171743.12814313368,-15,35.0
2024-02-08 14:51:51,1.4812999075989643,70768.15341338947,-171742.9048143292,70767.4504649894,-171758.08261034725,70769.62004626545,-171743.2557836091,-20,35.0
2024-02-08 14:51:51,2.610198045774088,70768.15341338947,-171742.9048143292,70767.4504649894,-171758.08261034725,70770.73941298504,-171743.48771043215,-35,35.0
2024-02-08 14:51:52,3.7494712489808397,70768.15341338947,-171742.9048143292,70767.4504649894,-171758.08261034725,70771.85951984143,-171743.92791111014,-46,35.0
2024-02-08 14:51:52,4.483828119108337,70768.15341338947,-171742.9048143292,70767.4504649894,-171758.08261034725,70772.57736297337,-171744.3014659881,-50,35.0
2024-02-08 14:51:53,5.421195139753125,70768.15341338947,-171742.9048143292,70767.4504649894,-171758.08261034725,70773.47782056138,-171745.12009560186,-61,35.0
2024-02-08 14:51:54,5.970212220854991,70768.15341338947,-171742.9048143292,70767.4504649894,-171758.08261034725,70773.97696755348,-171746.2095785537,-64,35.0
2024-02-08 14:51:54,6.00820621826052,70768.15341338947,-171742.9048143292,70767.4504649894,-171758.08261034725,70773.9634369614,-171747.32295736505,-61,35.0
2024-02-08 14:51:55,5.47546103968624,70768.15341338947,-171742.9048143292,70767.4504649894,-171758.08261034725,70773.3920728694,-171748.1444720982,-52,35.0
2024-02-08 14:51:55,4.888450311995884,70768.15341338947,-171742.9048143292,70767.4504649894,-171758.08261034725,70772.79363094708,-171748.37770392778,-45,35.0
2024-02-08 14:51:56,3.9239466952539037,70768.15341338947,-171742.9048143292,70767.4504649894,-171758.08261034725,70771.83486314517,-171748.23153521138,-33,35.0
2024-02-08 14:51:56,3.132923509002896,70768.15341338947,-171742.9048143292,70767.4504649894,-171758.08261034725,70771.07556197635,-171747.52829739283,-26,35.0
2024-02-08 14:51:57,2.8141859707430874,70768.15341338947,-171742.9048143292,70767.4504649894,-171758.08261034725,70770.80611458277,-171746.45666613642,-26,35.0
2024-02-08 14:51:57,2.8540263776428088,70768.15341338947,-171742.9048143292,70767.4504649894,-171758.08261034725,70770.88166912911,-171745.686462039,-29,35.0
2024-02-08 14:51:58,3.2574926893443323,70768.15341338947,-171742.9048143292,70767.4504649894,-171758.08261034725,70771.33665451969,-171744.5834196881,-36,35.0
2024-02-08 14:51:58,4.03190064141811,70768.15341338947,-171742.9048143292,70767.4504649894,-171758.08261034725,70772.15225017305,-171743.71203387753,-46,35.0
2024-02-08 14:51:59,5.449933293524913,70768.15341338947,-171742.9048143292,70767.4504649894,-171758.08261034725,70773.59682427256,-171743.17178095892,-65,35.0
2024-02-08 14:51:59,5.449933293524913,70768.15341338947,-171742.9048143292,70767.4504649894,-171758.08261034725,70773.59682427256,-171743.17178095892,-55,35.0
2024-02-08 14:52:00,6.237674055302289,70768.15341338947,-171742.9048143292,70767.4504649894,-171758.08261034725,70774.3830947249,-171743.22175936817,-68,35.0
2024-02-08 14:52:01,7.801005513792302,70768.15341338947,-171742.9048143292,70767.4504649894,-171758.08261034725,70775.88157216812,-171744.65824561732,-89,35.0
2024-02-08 14:52:01,7.879496953245486,70768.15341338947,-171742.9048143292,70767.4504649894,-171758.08261034725,70775.94967585494,-171744.88435070668,-80,35.0
2024-02-08 14:52:02,7.962631452656408,70768.15341338947,-171742.9048143292,70767.4504649894,-171758.08261034725,70776.02738819858,-171745.00334796877,-81,35.0
2024-02-08 14:52:02,8.045711546331551,70768.15341338947,-171742.9048143292,70767.4504649894,-171758.08261034725,70776.10587817778,-171745.10437885046,-82,35.0
2024-02-08 14:52:03,8.329724567385394,70768.15341338947,-171742.9048143292,70767.4504649894,-171758.08261034725,70776.38460725397,-171745.22504119293,-86,35.0
2024-02-08 14:52:03,8.646862775811764,70768.15341338947,-171742.9048143292,70767.4504649894,-171758.08261034725,70776.70247473581,-171745.21663507435,-89,35.0
2024-02-08 14:52:04,8.930298529539051,70768.15341338947,-171742.9048143292,70767.4504649894,-171758.08261034725,70776.99279870324,-171745.07446741138,-92,35.0
2024-02-08 14:52:04,9.170297102558708,70768.15341338947,-171742.9048143292,70767.4504649894,-171758.08261034725,70777.24730493866,-171744.76677815235,-94,35.0
2024-02-08 14:52:05,8.937919833245973,70768.15341338947,-171742.9048143292,70767.4504649894,-171758.08261034725,70777.02723991676,-171744.49555845448,-88,35.0
