timestamp,直線との距離:,startx:,starty:,goalx:,goaly:,x:,y:,操作量,sp
timestamp,直線との距離:,startx:,starty:,goalx:,goaly:,x:,y:,操作量,sp
2024-01-26 17:10:46,-0.0,70786.30582536652,-171742.8418824085,70774.48352805714,-171732.16460188924,70786.30582536652,-171742.8418824085,0,15.0
2024-01-26 17:10:46,-0.0,70786.30582536652,-171742.8418824085,70774.48352805714,-171732.16460188924,70786.30582536652,-171742.8418824085,0,15.0
2024-01-26 17:10:46,-0.0,70786.30582536652,-171742.8418824085,70774.48352805714,-171732.16460188924,70786.30582536652,-171742.8418824085,0,15.0
2024-01-26 17:10:47,-0.06446094584850191,70786.30582536652,-171742.8418824085,70774.48352805714,-171732.16460188924,70786.34437339325,-171742.78983777075,0,15.0
2024-01-26 17:10:47,-0.19452622457005325,70786.30582536652,-171742.8418824085,70774.48352805714,-171732.16460188924,70786.42781891204,-171742.6899423203,0,15.0
2024-01-26 17:10:48,-0.3105428712874948,70786.30582536652,-171742.8418824085,70774.48352805714,-171732.16460188924,70786.4431010449,-171742.54741537725,0,15.0
2024-01-26 17:10:48,-0.6441947162517809,70786.30582536652,-171742.8418824085,70774.48352805714,-171732.16460188924,70786.61852624724,-171742.25626434872,2,15.0
2024-01-26 17:10:49,-1.0517648697898627,70786.30582536652,-171742.8418824085,70774.48352805714,-171732.16460188924,70786.75543275042,-171741.83072253305,3,15.0
2024-01-26 17:10:49,-1.4191211149559937,70786.30582536652,-171742.8418824085,70774.48352805714,-171732.16460188924,70786.9558541553,-171741.5167310946,5,15.0
2024-01-26 17:10:50,-1.6689386243108384,70786.30582536652,-171742.8418824085,70774.48352805714,-171732.16460188924,70787.01204924661,-171741.23086192968,7,15.0
2024-01-26 17:10:50,-2.1437620808474254,70786.30582536652,-171742.8418824085,70774.48352805714,-171732.16460188924,70787.01242130669,-171740.59138753003,9,15.0
2024-01-26 17:10:51,-2.4848300459350234,70786.30582536652,-171742.8418824085,70774.48352805714,-171732.16460188924,70787.04715556598,-171740.16317880075,12,15.0
2024-01-26 17:10:51,-2.904558703254385,70786.30582536652,-171742.8418824085,70774.48352805714,-171732.16460188924,70786.99847238716,-171739.55363887164,15,15.0
2024-01-26 17:10:52,-3.2176185112766507,70786.30582536652,-171742.8418824085,70774.48352805714,-171732.16460188924,70786.9807337085,-171739.11577948465,19,15.0
2024-01-26 17:10:52,-3.584600222447575,70786.30582536652,-171742.8418824085,70774.48352805714,-171732.16460188924,70786.83010385215,-171738.4852415835,23,15.0
2024-01-26 17:10:53,-4.011832799216024,70786.30582536652,-171742.8418824085,70774.48352805714,-171732.16460188924,70786.24677631105,-171737.38272752566,27,15.0
2024-01-26 17:10:53,-4.0452355374462785,70786.30582536652,-171742.8418824085,70774.48352805714,-171732.16460188924,70785.98326576244,-171737.09972939006,31,15.0
2024-01-26 17:10:54,-3.9364318695715856,70786.30582536652,-171742.8418824085,70774.48352805714,-171732.16460188924,70785.63481667839,-171736.93163809684,34,15.0
2024-01-26 17:10:55,-3.7253589146879604,70786.30582536652,-171742.8418824085,70774.48352805714,-171732.16460188924,70785.2852868879,-171736.90037557558,37,15.0
2024-01-26 17:10:55,-3.3676765820621943,70786.30582536652,-171742.8418824085,70774.48352805714,-171732.16460188924,70784.7089069832,-171736.86178565476,39,15.0
2024-01-26 17:10:56,-2.7803441002287035,70786.30582536652,-171742.8418824085,70774.48352805714,-171732.16460188924,70784.17582188884,-171737.17174405843,41,15.0
2024-01-26 17:10:56,-2.4408198546380246,70786.30582536652,-171742.8418824085,70774.48352805714,-171732.16460188924,70783.85449257797,-171737.33903501267,43,15.0
2024-01-26 17:10:57,-1.9749818950502265,70786.30582536652,-171742.8418824085,70774.48352805714,-171732.16460188924,70783.5732344699,-171737.71272013785,44,15.0
2024-01-26 17:10:57,-1.5608110582534738,70786.30582536652,-171742.8418824085,70774.48352805714,-171732.16460188924,70783.519028446,-171738.22184692393,45,15.0
2024-01-26 17:10:58,-1.4170362108348509,70786.30582536652,-171742.8418824085,70774.48352805714,-171732.16460188924,70783.59172003798,-171738.48123047978,46,15.0
2024-01-26 17:10:58,-1.2591303897316903,70786.30582536652,-171742.8418824085,70774.48352805714,-171732.16460188924,70783.81972430849,-171738.8999253876,47,15.0
2024-01-26 17:10:59,-1.3586089627461566,70786.30582536652,-171742.8418824085,70774.48352805714,-171732.16460188924,70784.10312759831,-171739.02183600873,48,15.0
2024-01-26 17:10:59,-1.6597127119201776,70786.30582536652,-171742.8418824085,70774.48352805714,-171732.16460188924,70784.64002073822,-171739.10100150033,50,15.0
2024-01-26 17:11:00,-2.0749974703595724,70786.30582536652,-171742.8418824085,70774.48352805714,-171732.16460188924,70785.17063491768,-171739.02064066383,52,15.0
2024-01-26 17:11:00,-2.2476402711623744,70786.30582536652,-171742.8418824085,70774.48352805714,-171732.16460188924,70785.37609324243,-171738.97356885817,55,15.0
2024-01-26 17:11:01,-2.230939957967342,70786.30582536652,-171742.8418824085,70774.48352805714,-171732.16460188924,70785.60201241614,-171739.2001104115,57,15.0
2024-01-26 17:11:01,-2.2803444102584316,70786.30582536652,-171742.8418824085,70774.48352805714,-171732.16460188924,70786.00898277214,-171739.50109372512,59,15.0
2024-01-26 17:11:02,-1.927545425907795,70786.30582536652,-171742.8418824085,70774.48352805714,-171732.16460188924,70785.96707633938,-171739.93863212055,60,15.0
2024-01-26 17:11:02,-1.2162913961194128,70786.30582536652,-171742.8418824085,70774.48352805714,-171732.16460188924,70785.85829563189,-171740.79878063593,60,15.0
2024-01-26 17:11:03,-0.995286750430556,70786.30582536652,-171742.8418824085,70774.48352805714,-171732.16460188924,70786.09699468059,-171741.31215828937,61,15.0
2024-01-26 17:11:04,-0.602055311552659,70786.30582536652,-171742.8418824085,70774.48352805714,-171732.16460188924,70786.18862372015,-171741.92478046307,61,15.0
