timestamp,直線との距離:,startx:,starty:,goalx:,goaly:,x:,y:,操作量,sp
2024-02-08 14:07:33,0.0,70793.31144104798,-171737.72692199307,70772.9149468953,-171738.43357661384,70793.31144104798,-171737.72692199307,0,20.0
2024-02-08 14:07:33,0.0,70793.31144104798,-171737.72692199307,70772.9149468953,-171738.43357661384,70793.31144104798,-171737.72692199307,0,20.0
2024-02-08 14:07:34,0.0006701881870694279,70793.31144104798,-171737.72692199307,70772.9149468953,-171738.43357661384,70793.30103133201,-171737.7279532372,-1,20.0
2024-02-08 14:07:34,-0.010093524277793869,70793.31144104798,-171737.72692199307,70772.9149468953,-171738.43357661384,70793.28461209753,-171737.71775192555,0,20.0
2024-02-08 14:07:35,-0.02704380070560733,70793.31144104798,-171737.72692199307,70772.9149468953,-171738.43357661384,70792.9853766027,-171737.71115875815,0,20.0
2024-02-08 14:07:36,0.015071412489094441,70793.31144104798,-171737.72692199307,70772.9149468953,-171738.43357661384,70792.68783661639,-171737.76360777658,-1,20.0
2024-02-08 14:07:36,0.05927009507934226,70793.31144104798,-171737.72692199307,70772.9149468953,-171738.43357661384,70792.31671686332,-171737.8206907507,-1,20.0
2024-02-08 14:07:37,0.09180854083624766,70793.31144104798,-171737.72692199307,70772.9149468953,-171738.43357661384,70791.89257392363,-171737.8679435273,-2,20.0
2024-02-08 14:07:37,0.1466363389054257,70793.31144104798,-171737.72692199307,70772.9149468953,-171738.43357661384,70791.60037110881,-171737.93292784697,-2,20.0
2024-02-08 14:07:38,0.15595317681934948,70793.31144104798,-171737.72692199307,70772.9149468953,-171738.43357661384,70791.1724291099,-171737.9570767048,-2,20.0
2024-02-08 14:07:38,0.43558619788312786,70793.31144104798,-171737.72692199307,70772.9149468953,-171738.43357661384,70790.48722685968,-171738.2606169419,-7,20.0
2024-02-08 14:07:39,0.5312448739355012,70793.31144104798,-171737.72692199307,70772.9149468953,-171738.43357661384,70790.06413519592,-171738.37099139782,-6,20.0
2024-02-08 14:07:39,0.3592315677227991,70793.31144104798,-171737.72692199307,70772.9149468953,-171738.43357661384,70789.40190148096,-171738.22181855966,-3,20.0
2024-02-08 14:07:40,0.15367432200006928,70793.31144104798,-171737.72692199307,70772.9149468953,-171738.43357661384,70788.83568037557,-171738.03575521405,-1,20.0
2024-02-08 14:07:40,0.10507167469858453,70793.31144104798,-171737.72692199307,70772.9149468953,-171738.43357661384,70788.43017696735,-171738.00117243076,-1,20.0
2024-02-08 14:07:41,-0.0073526830554246575,70793.31144104798,-171737.72692199307,70772.9149468953,-171738.43357661384,70787.85900682955,-171737.90846931539,0,20.0
2024-02-08 14:07:41,-0.13473845277266464,70793.31144104798,-171737.72692199307,70772.9149468953,-171738.43357661384,70787.23601359068,-171737.80259126867,2,20.0
2024-02-08 14:07:42,-0.22629556943671522,70793.31144104798,-171737.72692199307,70772.9149468953,-171738.43357661384,70786.83692757417,-171737.72480590758,2,20.0
2024-02-08 14:07:42,-0.32194151612620175,70793.31144104798,-171737.72692199307,70772.9149468953,-171738.43357661384,70786.18780378334,-171737.65159204358,3,20.0
2024-02-08 14:07:43,-0.4381372615937986,70793.31144104798,-171737.72692199307,70772.9149468953,-171738.43357661384,70785.59864068154,-171737.5557386599,5,20.0
2024-02-08 14:07:44,-0.5296237508869838,70793.31144104798,-171737.72692199307,70772.9149468953,-171738.43357661384,70785.26287685441,-171737.47583011517,5,20.0
2024-02-08 14:07:44,-0.6446087867669689,70793.31144104798,-171737.72692199307,70772.9149468953,-171738.43357661384,70784.68537610947,-171737.38078411482,7,20.0
2024-02-08 14:07:45,-0.646644233271056,70793.31144104798,-171737.72692199307,70772.9149468953,-171738.43357661384,70783.83928789553,-171737.40806092328,6,20.0
2024-02-08 14:07:45,-0.6039038958234124,70793.31144104798,-171737.72692199307,70772.9149468953,-171738.43357661384,70783.48418926491,-171737.46312961128,5,20.0
2024-02-08 14:07:46,-0.6039038958234124,70793.31144104798,-171737.72692199307,70772.9149468953,-171738.43357661384,70783.48418926491,-171737.46312961128,6,20.0
2024-02-08 14:07:46,-0.4583719596589986,70793.31144104798,-171737.72692199307,70772.9149468953,-171738.43357661384,70782.77816447413,-171737.6332097197,3,20.0
2024-02-08 14:07:47,-0.44736235184810946,70793.31144104798,-171737.72692199307,70772.9149468953,-171738.43357661384,70782.33625958947,-171737.65953611964,4,20.0
2024-02-08 14:07:47,-0.4170303326273794,70793.31144104798,-171737.72692199307,70772.9149468953,-171738.43357661384,70782.01091405941,-171737.70115822201,3,20.0
2024-02-08 14:07:48,-0.367614463066948,70793.31144104798,-171737.72692199307,70772.9149468953,-171738.43357661384,70781.53554494873,-171737.76707332477,3,20.0
2024-02-08 14:07:48,-0.3201023145774333,70793.31144104798,-171737.72692199307,70772.9149468953,-171738.43357661384,70781.04288703918,-171737.83168255002,2,20.0
2024-02-08 14:07:49,-0.39173625739895135,70793.31144104798,-171737.72692199307,70772.9149468953,-171738.43357661384,70780.78490018098,-171737.76894381104,4,20.0
2024-02-08 14:07:49,-0.39173625739895135,70793.31144104798,-171737.72692199307,70772.9149468953,-171738.43357661384,70780.78490018098,-171737.76894381104,3,20.0
2024-02-08 14:07:50,-0.4201960646776572,70793.31144104798,-171737.72692199307,70772.9149468953,-171738.43357661384,70779.97801708293,-171737.7684221084,4,20.0
2024-02-08 14:07:50,-0.44801074933448287,70793.31144104798,-171737.72692199307,70772.9149468953,-171738.43357661384,70779.71115452595,-171737.7498364251,4,20.0
2024-02-08 14:07:51,-0.43381840260936694,70793.31144104798,-171737.72692199307,70772.9149468953,-171738.43357661384,70779.4067524707,-171737.77458356612,4,20.0
2024-02-08 14:07:52,-0.5792211577588686,70793.31144104798,-171737.72692199307,70772.9149468953,-171738.43357661384,70779.11334159403,-171737.6392590509,6,20.0
2024-02-08 14:07:52,-0.5983371313572675,70793.31144104798,-171737.72692199307,70772.9149468953,-171738.43357661384,70778.9070104398,-171737.62728013366,6,20.0
2024-02-08 14:07:53,-0.5616742689138269,70793.31144104798,-171737.72692199307,70772.9149468953,-171738.43357661384,70778.55308367757,-171737.67622709984,5,20.0
2024-02-08 14:07:53,-0.4982454253604976,70793.31144104798,-171737.72692199307,70772.9149468953,-171738.43357661384,70778.1814735307,-171737.75256876292,4,20.0
2024-02-08 14:07:54,-0.49595651584539396,70793.31144104798,-171737.72692199307,70772.9149468953,-171738.43357661384,70777.90477382885,-171737.76444555222,4,20.0
2024-02-08 14:07:54,-0.5397371361587482,70793.31144104798,-171737.72692199307,70772.9149468953,-171738.43357661384,70777.55263550908,-171737.73283880827,5,20.0
2024-02-08 14:07:55,-0.3788526865005929,70793.31144104798,-171737.72692199307,70772.9149468953,-171738.43357661384,70777.2014759491,-171737.90598602104,2,20.0
2024-02-08 14:07:55,-0.3796527139564166,70793.31144104798,-171737.72692199307,70772.9149468953,-171738.43357661384,70776.9875181221,-171737.91259827217,3,20.0
2024-02-08 14:07:56,-0.3796527139564166,70793.31144104798,-171737.72692199307,70772.9149468953,-171738.43357661384,70776.9875181221,-171737.91259827217,3,20.0
2024-02-08 14:07:56,-0.34631082524655205,70793.31144104798,-171737.72692199307,70772.9149468953,-171738.43357661384,70776.62643057431,-171737.9584703638,3,20.0
2024-02-08 14:07:57,-0.28749194501157965,70793.31144104798,-171737.72692199307,70772.9149468953,-171738.43357661384,70776.11949602519,-171738.03488773154,2,20.0
2024-02-08 14:07:57,-0.2618241068758283,70793.31144104798,-171737.72692199307,70772.9149468953,-171738.43357661384,70775.59618938793,-171738.07870139246,2,20.0
2024-02-08 14:07:58,-0.29884459440547373,70793.31144104798,-171737.72692199307,70772.9149468953,-171738.43357661384,70775.37651898812,-171738.04926936878,3,20.0
2024-02-08 14:07:59,-0.32295211375349886,70793.31144104798,-171737.72692199307,70772.9149468953,-171738.43357661384,70775.1930261407,-171738.03150465756,3,20.0
2024-02-08 14:07:59,-0.32455188309507765,70793.31144104798,-171737.72692199307,70772.9149468953,-171738.43357661384,70775.0219597921,-171738.03583067365,3,20.0
2024-02-08 14:08:00,-0.3184079995829314,70793.31144104798,-171737.72692199307,70772.9149468953,-171738.43357661384,70774.83466189248,-171738.0484673452,3,20.0
2024-02-08 14:08:00,-0.3184079995829314,70793.31144104798,-171737.72692199307,70772.9149468953,-171738.43357661384,70774.83466189248,-171738.0484673452,3,20.0
2024-02-08 14:08:01,-0.26227737428778836,70793.31144104798,-171737.72692199307,70772.9149468953,-171738.43357661384,70774.38416853876,-171738.12023938983,2,20.0
timestamp,直線との距離:,startx:,starty:,goalx:,goaly:,x:,y:,操作量,sp
2024-02-08 14:08:01,0.0,70774.25782016455,-171738.2213101448,70767.81304474265,-171743.65567093433,70774.25782016455,-171738.2213101448,-1,25.0
2024-02-08 14:08:02,-0.134018657570617,70774.25782016455,-171738.2213101448,70767.81304474265,-171743.65567093433,70774.09428301893,-171738.1839035097,1,25.0
2024-02-08 14:08:02,-0.24660909071591025,70774.25782016455,-171738.2213101448,70767.81304474265,-171743.65567093433,70773.97194720236,-171738.13978449663,2,25.0
2024-02-08 14:08:03,-0.275966542642547,70774.25782016455,-171738.2213101448,70767.81304474265,-171743.65567093433,70773.9311854146,-171738.1357543446,2,25.0
2024-02-08 14:08:03,-0.09352052941998286,70774.25782016455,-171738.2213101448,70767.81304474265,-171743.65567093433,70773.9618607012,-171738.34853855512,0,25.0
2024-02-08 14:08:04,0.003895104930746587,70774.25782016455,-171738.2213101448,70767.81304474265,-171743.65567093433,70773.96436492993,-171738.47385237133,-1,25.0
2024-02-08 14:08:04,0.06593751159737697,70774.25782016455,-171738.2213101448,70767.81304474265,-171743.65567093433,70773.86865925319,-171738.6357084212,-1,25.0
2024-02-08 14:08:05,0.20568104179745322,70774.25782016455,-171738.2213101448,70767.81304474265,-171743.65567093433,70773.67405511094,-171738.98259527388,-3,25.0
2024-02-08 14:08:06,0.37656967072350495,70774.25782016455,-171738.2213101448,70767.81304474265,-171743.65567093433,70773.57502231523,-171739.2896341338,-4,25.0
2024-02-08 14:08:06,0.49340162147226735,70774.25782016455,-171738.2213101448,70767.81304474265,-171743.65567093433,70773.31377547602,-171739.66274570744,-6,25.0
2024-02-08 14:08:07,0.6153026773241572,70774.25782016455,-171738.2213101448,70767.81304474265,-171743.65567093433,70772.9449263375,-171740.13322033643,-7,25.0
2024-02-08 14:08:07,0.625495110490542,70774.25782016455,-171738.2213101448,70767.81304474265,-171743.65567093433,70772.64135784406,-171740.4025275398,-7,25.0
2024-02-08 14:08:08,0.6860901786678262,70774.25782016455,-171738.2213101448,70767.81304474265,-171743.65567093433,70772.50226643009,-171740.5990740879,-7,25.0
2024-02-08 14:08:08,0.8626057746626253,70774.25782016455,-171738.2213101448,70767.81304474265,-171743.65567093433,70772.3247309598,-171740.97966834658,-9,25.0
2024-02-08 14:08:09,0.8626057746626253,70774.25782016455,-171738.2213101448,70767.81304474265,-171743.65567093433,70772.3247309598,-171740.97966834658,-9,25.0
2024-02-08 14:08:09,1.0459632950090196,70774.25782016455,-171738.2213101448,70767.81304474265,-171743.65567093433,70772.0097084288,-171741.48514402917,-11,25.0
2024-02-08 14:08:10,1.045700909826653,70774.25782016455,-171738.2213101448,70767.81304474265,-171743.65567093433,70771.82373133335,-171741.6416203411,-11,25.0
2024-02-08 14:08:10,1.286045160119727,70774.25782016455,-171738.2213101448,70767.81304474265,-171743.65567093433,70771.71419208232,-171742.04837052446,-14,25.0
2024-02-08 14:08:11,1.286045160119727,70774.25782016455,-171738.2213101448,70767.81304474265,-171743.65567093433,70771.71419208232,-171742.04837052446,-13,25.0
2024-02-08 14:08:11,1.5545927243186675,70774.25782016455,-171738.2213101448,70767.81304474265,-171743.65567093433,70771.54004156022,-171742.54649380464,-16,25.0
2024-02-08 14:08:12,1.5720790168066003,70774.25782016455,-171738.2213101448,70767.81304474265,-171743.65567093433,70771.44415785187,-171742.65021793268,-16,25.0
2024-02-08 14:08:12,1.650929081070815,70774.25782016455,-171738.2213101448,70767.81304474265,-171743.65567093433,70771.49195976622,-171742.71305098626,-17,25.0
2024-02-08 14:08:13,1.8345503867462538,70774.25782016455,-171738.2213101448,70767.81304474265,-171743.65567093433,70771.52536935674,-171742.92506693045,-19,25.0
2024-02-08 14:08:14,1.8345503867462538,70774.25782016455,-171738.2213101448,70767.81304474265,-171743.65567093433,70771.52536935674,-171742.92506693045,-19,25.0
2024-02-08 14:08:14,2.2045880844842305,70774.25782016455,-171738.2213101448,70767.81304474265,-171743.65567093433,70771.21633544799,-171743.66968164017,-23,25.0
2024-02-08 14:08:15,2.454635522821621,70774.25782016455,-171738.2213101448,70767.81304474265,-171743.65567093433,70771.12758743789,-171744.07159258798,-25,25.0
2024-02-08 14:08:15,2.399232521278846,70774.25782016455,-171738.2213101448,70767.81304474265,-171743.65567093433,70770.99281661435,-171744.11276357053,-24,25.0
2024-02-08 14:08:16,2.399232521278846,70774.25782016455,-171738.2213101448,70767.81304474265,-171743.65567093433,70770.99281661435,-171744.11276357053,-24,25.0
2024-02-08 14:08:16,2.598126247115095,70774.25782016455,-171738.2213101448,70767.81304474265,-171743.65567093433,70770.86641886209,-171744.47950942625,-27,25.0
2024-02-08 14:08:17,2.598126247115095,70774.25782016455,-171738.2213101448,70767.81304474265,-171743.65567093433,70770.86641886209,-171744.47950942625,-26,25.0
2024-02-08 14:08:17,2.8086389820798723,70774.25782016455,-171738.2213101448,70767.81304474265,-171743.65567093433,70770.80515590264,-171744.80653070315,-29,25.0
2024-02-08 14:08:18,2.8784274085824566,70774.25782016455,-171738.2213101448,70767.81304474265,-171743.65567093433,70770.51093517065,-171745.14591078708,-29,25.0
2024-02-08 14:08:18,2.834418315395142,70774.25782016455,-171738.2213101448,70767.81304474265,-171743.65567093433,70770.52272767738,-171745.07840060894,-29,25.0
2024-02-08 14:08:19,2.781419039095973,70774.25782016455,-171738.2213101448,70767.81304474265,-171743.65567093433,70770.48818044378,-171745.0382053139,-28,25.0
2024-02-08 14:08:19,2.8590714963797392,70774.25782016455,-171738.2213101448,70767.81304474265,-171743.65567093433,70770.42476300334,-171745.1932541635,-29,25.0
2024-02-08 14:08:20,3.171738823736561,70774.25782016455,-171738.2213101448,70767.81304474265,-171743.65567093433,70770.39855751579,-171745.6243385631,-33,25.0
2024-02-08 14:08:20,3.171738823736561,70774.25782016455,-171738.2213101448,70767.81304474265,-171743.65567093433,70770.39855751579,-171745.6243385631,-32,25.0
2024-02-08 14:08:21,3.374525422932876,70774.25782016455,-171738.2213101448,70767.81304474265,-171743.65567093433,70770.41916824676,-171745.8722160975,-34,25.0
2024-02-08 14:08:22,3.454639600510623,70774.25782016455,-171738.2213101448,70767.81304474265,-171743.65567093433,70770.4351754839,-171745.96351258046,-35,25.0
2024-02-08 14:08:22,3.5003739729282644,70774.25782016455,-171738.2213101448,70767.81304474265,-171743.65567093433,70770.4058686545,-171746.04804794592,-36,25.0
2024-02-08 14:08:23,3.5003739729282644,70774.25782016455,-171738.2213101448,70767.81304474265,-171743.65567093433,70770.4058686545,-171746.04804794592,-36,25.0
2024-02-08 14:08:23,3.422825568665465,70774.25782016455,-171738.2213101448,70767.81304474265,-171743.65567093433,70770.47078287447,-171745.89187309006,-35,25.0
2024-02-08 14:08:24,3.4576535003048905,70774.25782016455,-171738.2213101448,70767.81304474265,-171743.65567093433,70770.87948582387,-171745.5928037644,-35,25.0
2024-02-08 14:08:24,3.7125866552573434,70774.25782016455,-171738.2213101448,70767.81304474265,-171743.65567093433,70771.83935146328,-171745.11689396406,-38,25.0
2024-02-08 14:08:25,3.8489665539248077,70774.25782016455,-171738.2213101448,70767.81304474265,-171743.65567093433,70772.39417155714,-171744.8274518015,-39,25.0
2024-02-08 14:08:25,3.9586632162296533,70774.25782016455,-171738.2213101448,70767.81304474265,-171743.65567093433,70772.92376274457,-171744.52437989003,-40,25.0
2024-02-08 14:08:26,4.076521297564254,70774.25782016455,-171738.2213101448,70767.81304474265,-171743.65567093433,70773.2839369236,-171744.37483933673,-41,25.0
2024-02-08 14:08:26,4.210625594744085,70774.25782016455,-171738.2213101448,70767.81304474265,-171743.65567093433,70773.8022935438,-171744.11316726715,-43,25.0
2024-02-08 14:08:27,4.392001507559815,70774.25782016455,-171738.2213101448,70767.81304474265,-171743.65567093433,70774.35131559818,-171743.8874715818,-45,25.0
2024-02-08 14:08:27,4.459200850793888,70774.25782016455,-171738.2213101448,70767.81304474265,-171743.65567093433,70774.64217114677,-171743.73011721877,-45,25.0
2024-02-08 14:08:28,4.445129525909799,70774.25782016455,-171738.2213101448,70767.81304474265,-171743.65567093433,70774.94364953315,-171743.45749861404,-45,25.0
2024-02-08 14:08:28,4.22652885991381,70774.25782016455,-171738.2213101448,70767.81304474265,-171743.65567093433,70774.94376636685,-171743.1714574535,-43,25.0
2024-02-08 14:08:29,3.901565740329936,70774.25782016455,-171738.2213101448,70767.81304474265,-171743.65567093433,70774.86377231867,-171742.81383895534,-39,25.0
2024-02-08 14:08:30,3.6741541344046964,70774.25782016455,-171738.2213101448,70767.81304474265,-171743.65567093433,70774.75093844949,-171742.61151480614,-37,25.0
2024-02-08 14:08:30,3.717753239062119,70774.25782016455,-171738.2213101448,70767.81304474265,-171743.65567093433,70774.94006823153,-171742.50906708807,-38,25.0
2024-02-08 14:08:31,3.717753239062119,70774.25782016455,-171738.2213101448,70767.81304474265,-171743.65567093433,70774.94006823153,-171742.50906708807,-38,25.0
2024-02-08 14:08:31,3.936860529340339,70774.25782016455,-171738.2213101448,70767.81304474265,-171743.65567093433,70775.49366455499,-171742.32886917042,-40,25.0
2024-02-08 14:08:32,4.328785961736808,70774.25782016455,-171738.2213101448,70767.81304474265,-171743.65567093433,70776.10037660749,-171742.32993941611,-44,25.0
2024-02-08 14:08:32,4.774670378610789,70774.25782016455,-171738.2213101448,70767.81304474265,-171743.65567093433,70776.643359872,-171742.45532857726,-49,25.0
2024-02-08 14:08:33,5.111651666938144,70774.25782016455,-171738.2213101448,70767.81304474265,-171743.65567093433,70776.95312412504,-171742.634920819,-52,25.0
2024-02-08 14:08:33,5.589382349290363,70774.25782016455,-171738.2213101448,70767.81304474265,-171743.65567093433,70777.30076448433,-171742.96668374672,-57,25.0
2024-02-08 14:08:34,5.833174178530003,70774.25782016455,-171738.2213101448,70767.81304474265,-171743.65567093433,70777.3855371119,-171743.21409598834,-59,25.0
2024-02-08 14:08:34,5.9976389415734905,70774.25782016455,-171738.2213101448,70767.81304474265,-171743.65567093433,70777.30953070665,-171743.49331574733,-61,25.0
2024-02-08 14:08:35,5.793232032518636,70774.25782016455,-171738.2213101448,70767.81304474265,-171743.65567093433,70776.70501204899,-171743.73568134502,-58,25.0
2024-02-08 14:08:35,5.647950220521253,70774.25782016455,-171738.2213101448,70767.81304474265,-171743.65567093433,70776.36378170116,-171743.83337622185,-57,25.0
2024-02-08 14:08:36,5.647950220521253,70774.25782016455,-171738.2213101448,70767.81304474265,-171743.65567093433,70776.36378170116,-171743.83337622185,-57,25.0
2024-02-08 14:08:36,5.476008180387646,70774.25782016455,-171738.2213101448,70767.81304474265,-171743.65567093433,70775.97135716611,-171743.9393658789,-55,25.0
2024-02-08 14:08:37,5.179017150884155,70774.25782016455,-171738.2213101448,70767.81304474265,-171743.65567093433,70775.46703665784,-171743.97613691172,-52,25.0
2024-02-08 14:08:38,4.564877707249888,70774.25782016455,-171738.2213101448,70767.81304474265,-171743.65567093433,70774.8892142753,-171743.6600372167,-46,25.0
2024-02-08 14:08:38,4.564877707249888,70774.25782016455,-171738.2213101448,70767.81304474265,-171743.65567093433,70774.8892142753,-171743.6600372167,-46,25.0
2024-02-08 14:08:39,4.817214720128917,70774.25782016455,-171738.2213101448,70767.81304474265,-171743.65567093433,70775.01896122977,-171743.8807038328,-49,25.0
2024-02-08 14:08:39,5.058445860426763,70774.25782016455,-171738.2213101448,70767.81304474265,-171743.65567093433,70775.17860617266,-171744.06163273947,-51,25.0
2024-02-08 14:08:40,5.226874689513002,70774.25782016455,-171738.2213101448,70767.81304474265,-171743.65567093433,70775.38528279187,-171744.10767387244,-53,25.0
2024-02-08 14:08:40,5.472363714928511,70774.25782016455,-171738.2213101448,70767.81304474265,-171743.65567093433,70775.79118128461,-171744.08652653193,-55,25.0
2024-02-08 14:08:41,5.647962897890573,70774.25782016455,-171738.2213101448,70767.81304474265,-171743.65567093433,70776.14912372231,-171744.01439661422,-57,25.0
2024-02-08 14:08:41,5.770875492890455,70774.25782016455,-171738.2213101448,70767.81304474265,-171743.65567093433,70776.50256698257,-171743.8771433072,-58,25.0
2024-02-08 14:08:42,5.914556421355249,70774.25782016455,-171738.2213101448,70767.81304474265,-171743.65567093433,70776.8575067938,-171743.7657942918,-60,25.0
2024-02-08 14:08:42,6.112776515908161,70774.25782016455,-171738.2213101448,70767.81304474265,-171743.65567093433,70777.36052868271,-171743.60092003577,-62,25.0
2024-02-08 14:08:43,6.18645038693238,70774.25782016455,-171738.2213101448,70767.81304474265,-171743.65567093433,70777.62088152427,-171743.47775521895,-62,25.0
2024-02-08 14:08:43,6.1398041133055425,70774.25782016455,-171738.2213101448,70767.81304474265,-171743.65567093433,70777.65031221425,-171743.39192259093,-62,25.0
2024-02-08 14:08:44,5.7660304749787095,70774.25782016455,-171738.2213101448,70767.81304474265,-171743.65567093433,70777.4772332848,-171743.04894803153,-58,25.0
2024-02-08 14:08:44,5.595288958017206,70774.25782016455,-171738.2213101448,70767.81304474265,-171743.65567093433,70777.4351563848,-171742.86108806034,-56,25.0
2024-02-08 14:08:45,5.461306436241225,70774.25782016455,-171738.2213101448,70767.81304474265,-171743.65567093433,70777.32790106314,-171742.7762707573,-55,25.0
2024-02-08 14:08:46,4.990558466305365,70774.25782016455,-171738.2213101448,70767.81304474265,-171743.65567093433,70776.85188393187,-171742.56189143888,-50,25.0
2024-02-08 14:08:46,4.567611071618607,70774.25782016455,-171738.2213101448,70767.81304474265,-171743.65567093433,70776.29180118191,-171742.4809238848,-46,25.0
2024-02-08 14:08:47,4.2300772656411585,70774.25782016455,-171738.2213101448,70767.81304474265,-171743.65567093433,70775.75160189261,-171742.49491625043,-42,25.0
2024-02-08 14:08:47,4.045896728424407,70774.25782016455,-171738.2213101448,70767.81304474265,-171743.65567093433,70775.29240317017,-171742.64120252887,-41,25.0
2024-02-08 14:08:48,3.9840675014040428,70774.25782016455,-171738.2213101448,70767.81304474265,-171743.65567093433,70775.04131440325,-171742.77204919388,-40,25.0
2024-02-08 14:08:48,3.9024432158729545,70774.25782016455,-171738.2213101448,70767.81304474265,-171743.65567093433,70774.68691859244,-171742.9641132692,-39,25.0
2024-02-08 14:08:49,3.907202510961886,70774.25782016455,-171738.2213101448,70767.81304474265,-171743.65567093433,70774.67705713146,-171742.97865408656,-40,25.0
2024-02-08 14:08:49,3.8920539951380855,70774.25782016455,-171738.2213101448,70767.81304474265,-171743.65567093433,70774.64749371482,-171742.98376738047,-39,25.0
2024-02-08 14:08:50,3.8966831452705706,70774.25782016455,-171738.2213101448,70767.81304474265,-171743.65567093433,70774.657206714,-171742.98163239253,-39,25.0
