timestamp,直線との距離:,startx:,starty:,goalx:,goaly:,x:,y:,操作量,sp
2024-01-26 17:08:52,-0.0,70781.31409015076,-171742.3222602885,70774.48352805714,-171732.16460188924,70781.31409015076,-171742.3222602885,0,15.0
timestamp,直線との距離:,startx:,starty:,goalx:,goaly:,x:,y:,操作量,sp
2024-01-26 17:08:53,-0.0,70781.31409015076,-171742.3222602885,70774.48352805714,-171732.16460188924,70781.31409015076,-171742.3222602885,0,15.0
2024-01-26 17:08:53,-0.0,70781.31409015076,-171742.3222602885,70774.48352805714,-171732.16460188924,70781.31409015076,-171742.3222602885,0,15.0
2024-01-26 17:08:53,0.4322845613601139,70781.31409015076,-171742.3222602885,70774.48352805714,-171732.16460188924,70780.61503528146,-171742.0573776518,-1,15.0
2024-01-26 17:08:54,-1.1633501225088707,70781.31409015076,-171742.3222602885,70774.48352805714,-171732.16460188924,70781.74992422118,-171740.88560547956,2,15.0
2024-01-26 17:08:54,-1.8583047990091937,70781.31409015076,-171742.3222602885,70774.48352805714,-171732.16460188924,70782.0696691345,-171740.11570276387,4,15.0
2024-01-26 17:08:55,-2.0435821653927997,70781.31409015076,-171742.3222602885,70774.48352805714,-171732.16460188924,70781.7297901885,-171739.27824637332,6,15.0
2024-01-26 17:08:55,-1.667229147583109,70781.31409015076,-171742.3222602885,70774.48352805714,-171732.16460188924,70780.86669351306,-171738.6691868538,6,15.0
2024-01-26 17:08:56,0.11968038914862945,70781.31409015076,-171742.3222602885,70774.48352805714,-171732.16460188924,70779.21734680186,-171739.41868788376,4,15.0
2024-01-26 17:08:56,3.0246478702213597,70781.31409015076,-171742.3222602885,70774.48352805714,-171732.16460188924,70776.2736808404,-171740.24703351784,-3,15.0
2024-01-26 17:08:57,3.930983654843157,70781.31409015076,-171742.3222602885,70774.48352805714,-171732.16460188924,70775.14584514881,-171740.19403784984,-7,15.0
2024-01-26 17:08:57,4.618367307777876,70781.31409015076,-171742.3222602885,70774.48352805714,-171732.16460188924,70774.3095055576,-171740.1821503142,-11,15.0
2024-01-26 17:08:58,4.658909032778673,70781.31409015076,-171742.3222602885,70774.48352805714,-171732.16460188924,70774.1791212478,-171740.06090986627,-15,15.0
2024-01-26 17:08:58,4.631981610070692,70781.31409015076,-171742.3222602885,70774.48352805714,-171732.16460188924,70774.18488888277,-171740.02123162508,-18,15.0
2024-01-26 17:08:59,4.780375162921167,70781.31409015076,-171742.3222602885,70774.48352805714,-171732.16460188924,70773.73103017728,-171739.61223138435,-21,15.0
2024-01-26 17:09:00,4.799351171779016,70781.31409015076,-171742.3222602885,70774.48352805714,-171732.16460188924,70773.5703188648,-171739.40724516712,-25,15.0
2024-01-26 17:09:00,4.6668045695316,70781.31409015076,-171742.3222602885,70774.48352805714,-171732.16460188924,70773.52221472157,-171739.09818013042,-28,15.0
2024-01-26 17:09:01,4.3358897906713585,70781.31409015076,-171742.3222602885,70774.48352805714,-171732.16460188924,70773.66380907185,-171738.71572848916,-30,15.0
2024-01-26 17:09:01,3.8881763591751235,70781.31409015076,-171742.3222602885,70774.48352805714,-171732.16460188924,70773.9116906731,-171738.28202674046,-32,15.0
2024-01-26 17:09:02,3.2731370098303296,70781.31409015076,-171742.3222602885,70774.48352805714,-171732.16460188924,70773.943501107,-171737.22715172698,-34,15.0
2024-01-26 17:09:02,2.9178861501253386,70781.31409015076,-171742.3222602885,70774.48352805714,-171732.16460188924,70774.07378848948,-171736.78427418775,-35,15.0
2024-01-26 17:09:03,2.6347128469307473,70781.31409015076,-171742.3222602885,70774.48352805714,-171732.16460188924,70774.28795432148,-171736.5952978598,-37,15.0
2024-01-26 17:09:03,2.382804403871176,70781.31409015076,-171742.3222602885,70774.48352805714,-171732.16460188924,70774.35847944592,-171736.2487430453,-38,15.0
2024-01-26 17:09:04,2.3732005991155996,70781.31409015076,-171742.3222602885,70774.48352805714,-171732.16460188924,70774.27018497502,-171736.10023077053,-40,15.0
2024-01-26 17:09:04,2.259491112862226,70781.31409015076,-171742.3222602885,70774.48352805714,-171732.16460188924,70774.17356697057,-171735.75277828585,-41,15.0
2024-01-26 17:09:05,2.1058732593345644,70781.31409015076,-171742.3222602885,70774.48352805714,-171732.16460188924,70774.12075881174,-171735.39895726426,-42,15.0
2024-01-26 17:09:05,1.928758096149118,70781.31409015076,-171742.3222602885,70774.48352805714,-171732.16460188924,70774.12612296196,-171735.0895353784,-43,15.0
2024-01-26 17:09:06,1.78982508222131,70781.31409015076,-171742.3222602885,70774.48352805714,-171732.16460188924,70773.9902013288,-171734.63843310298,-44,15.0
2024-01-26 17:09:06,1.576809663360099,70781.31409015076,-171742.3222602885,70774.48352805714,-171732.16460188924,70773.9903095676,-171734.25686022732,-45,15.0
2024-01-26 17:09:07,1.3953832599202742,70781.31409015076,-171742.3222602885,70774.48352805714,-171732.16460188924,70774.01814555716,-171733.97313003277,-46,15.0
2024-01-26 17:09:07,1.0295471528518116,70781.31409015076,-171742.3222602885,70774.48352805714,-171732.16460188924,70774.17816689842,-171733.55550028637,-46,15.0
