timestamp,直線との距離:,startx:,starty:,goalx:,goaly:,x:,y:,操作量,sp
2024-02-09 11:05:14,0.0,70786.3881915559,-171737.29372297873,70772.9149468953,-171738.43357661384,70786.3881915559,-171737.29372297873,0,20.0
timestamp,直線との距離:,startx:,starty:,goalx:,goaly:,x:,y:,操作量,sp
2024-02-09 11:05:14,0.0,70786.3881915559,-171737.29372297873,70772.9149468953,-171738.43357661384,70786.3881915559,-171737.29372297873,0,20.0
2024-02-09 11:05:14,-0.01370605637912181,70786.3881915559,-171737.29372297873,70772.9149468953,-171738.43357661384,70786.40983363487,-171737.2781370127,0,20.0
2024-02-09 11:05:15,-0.01370605637912181,70786.3881915559,-171737.29372297873,70772.9149468953,-171738.43357661384,70786.40983363487,-171737.2781370127,0,20.0
2024-02-09 11:05:16,-0.06792348105507572,70786.3881915559,-171737.29372297873,70772.9149468953,-171738.43357661384,70786.1117401319,-171737.24894499627,1,20.0
2024-02-09 11:05:16,-0.22029334371132187,70786.3881915559,-171737.29372297873,70772.9149468953,-171738.43357661384,70785.40825428446,-171737.15554661915,3,20.0
2024-02-09 11:05:17,-0.5664083575305442,70786.3881915559,-171737.29372297873,70772.9149468953,-171738.43357661384,70784.0005880692,-171736.9272855285,8,20.0
2024-02-09 11:05:17,-0.7623972203911461,70786.3881915559,-171737.29372297873,70772.9149468953,-171738.43357661384,70783.10953051623,-171736.80598113564,8,20.0
2024-02-09 11:05:18,-0.8923713123989352,70786.3881915559,-171737.29372297873,70772.9149468953,-171738.43357661384,70782.49654884418,-171736.72740176538,9,20.0
2024-02-09 11:05:18,-1.03408684689296,70786.3881915559,-171737.29372297873,70772.9149468953,-171738.43357661384,70781.87947512374,-171736.63738520112,11,20.0
2024-02-09 11:05:19,-1.1743077029252973,70786.3881915559,-171737.29372297873,70772.9149468953,-171738.43357661384,70781.25022450315,-171736.549898836,12,20.0
2024-02-09 11:05:19,-1.3100490090965675,70786.3881915559,-171737.29372297873,70772.9149468953,-171738.43357661384,70780.32580595618,-171736.49187960508,14,20.0
2024-02-09 11:05:20,-1.4135486922821199,70786.3881915559,-171737.29372297873,70772.9149468953,-171738.43357661384,70779.39335876792,-171736.4668964074,14,20.0
2024-02-09 11:05:20,-1.510866026742766,70786.3881915559,-171737.29372297873,70772.9149468953,-171738.43357661384,70778.4646731643,-171736.4477994088,15,20.0
2024-02-09 11:05:21,-1.5271937877968804,70786.3881915559,-171737.29372297873,70772.9149468953,-171738.43357661384,70777.86421694518,-171736.48221267984,15,20.0
2024-02-09 11:05:22,-1.5321989431248937,70786.3881915559,-171737.29372297873,70772.9149468953,-171738.43357661384,70776.99866313273,-171736.550416598,15,20.0
2024-02-09 11:05:22,-1.489102966902768,70786.3881915559,-171737.29372297873,70772.9149468953,-171738.43357661384,70776.13743395045,-171736.66652761053,14,20.0
2024-02-09 11:05:23,-1.4147298456897914,70786.3881915559,-171737.29372297873,70772.9149468953,-171738.43357661384,70775.56844840151,-171736.7893033165,13,20.0
2024-02-09 11:05:23,-1.2538233762468867,70786.3881915559,-171737.29372297873,70772.9149468953,-171738.43357661384,70774.7534863476,-171737.01973141954,11,20.0
2024-02-09 11:05:24,-1.0460602785968929,70786.3881915559,-171737.29372297873,70772.9149468953,-171738.43357661384,70773.94845281322,-171737.2963435717,9,20.0
2024-02-09 11:05:24,-0.6565624589407577,70786.3881915559,-171737.29372297873,70772.9149468953,-171738.43357661384,70772.88265645674,-171737.77740052447,3,20.0
timestamp,直線との距離:,startx:,starty:,goalx:,goaly:,x:,y:,操作量,sp
2024-02-09 11:05:25,0.0,70772.1302392503,-171738.18603874333,70767.81304474265,-171743.65567093433,70772.1302392503,-171738.18603874333,-5,20.0
2024-02-09 11:05:25,-0.2120266325596323,70772.1302392503,-171738.18603874333,70767.81304474265,-171743.65567093433,70771.63447693789,-171738.47192004463,5,20.0
2024-02-09 11:05:26,-0.5261250239701112,70772.1302392503,-171738.18603874333,70767.81304474265,-171743.65567093433,70770.88433166246,-171738.91534125438,12,20.0
2024-02-09 11:05:26,-0.8531682403088245,70772.1302392503,-171738.18603874333,70767.81304474265,-171743.65567093433,70770.1330296155,-171739.33933449944,19,20.0
2024-02-09 11:05:27,-1.182958953007229,70772.1302392503,-171738.18603874333,70767.81304474265,-171743.65567093433,70769.37274873533,-171739.77026881752,25,20.0
2024-02-09 11:05:28,-1.3543142275623283,70772.1302392503,-171738.18603874333,70767.81304474265,-171743.65567093433,70768.91920149422,-171740.0683114905,28,20.0
2024-02-09 11:05:28,-1.54937853192677,70772.1302392503,-171738.18603874333,70767.81304474265,-171743.65567093433,70768.11804917766,-171740.76848196887,32,20.0
2024-02-09 11:05:29,-1.5723379344623671,70772.1302392503,-171738.18603874333,70767.81304474265,-171743.65567093433,70767.7379675893,-171741.21296554297,31,20.0
2024-02-09 11:05:29,-1.513656280623721,70772.1302392503,-171738.18603874333,70767.81304474265,-171743.65567093433,70767.4213391208,-171741.7088300524,29,20.0
2024-02-09 11:05:30,-1.2871156926602825,70772.1302392503,-171738.18603874333,70767.81304474265,-171743.65567093433,70767.06234388905,-171742.52930259187,24,20.0
timestamp,直線との距離:,startx:,starty:,goalx:,goaly:,x:,y:,操作量,sp
2024-02-09 11:05:30,0.0,70766.84338813419,-171743.40908136283,70767.4504649894,-171758.08261034725,70766.84338813419,-171743.40908136283,-10,20.0
2024-02-09 11:05:31,-0.04441261879596727,70766.84338813419,-171743.40908136283,70767.4504649894,-171758.08261034725,70766.83529348235,-171744.2878337551,0,20.0
2024-02-09 11:05:31,-0.06754791197339796,70766.84338813419,-171743.40908136283,70767.4504649894,-171758.08261034725,70766.83463498364,-171744.8315940758,0,20.0
2024-02-09 11:05:32,-0.14066107108565382,70766.84338813419,-171743.40908136283,70767.4504649894,-171758.08261034725,70766.79627302794,-171745.6730700002,1,20.0
2024-02-09 11:05:32,-0.2852380594769228,70766.84338813419,-171743.40908136283,70767.4504649894,-171758.08261034725,70766.68777892936,-171746.54821151844,3,20.0
2024-02-09 11:05:33,-0.37519537985610724,70766.84338813419,-171743.40908136283,70767.4504649894,-171758.08261034725,70766.62165508275,-171747.1261455512,4,20.0
2024-02-09 11:05:33,-0.5285862889088928,70766.84338813419,-171743.40908136283,70767.4504649894,-171758.08261034725,70766.50476432344,-171748.01155482075,6,20.0
2024-02-09 11:05:34,-0.6770077160733039,70766.84338813419,-171743.40908136283,70767.4504649894,-171758.08261034725,70766.39261552,-171748.8913618505,7,20.0
2024-02-09 11:05:35,-0.7883779369571099,70766.84338813419,-171743.40908136283,70767.4504649894,-171758.08261034725,70766.30457177089,-171749.45748400336,8,20.0
2024-02-09 11:05:35,-0.9060906308121646,70766.84338813419,-171743.40908136283,70767.4504649894,-171758.08261034725,70766.2229460214,-171750.33216804292,9,20.0
2024-02-09 11:05:36,-1.0619392328357178,70766.84338813419,-171743.40908136283,70767.4504649894,-171758.08261034725,70766.10322133302,-171751.2085342058,11,20.0
2024-02-09 11:05:36,-1.129913444377839,70766.84338813419,-171743.40908136283,70767.4504649894,-171758.08261034725,70766.05901361424,-171751.78439470372,11,20.0
2024-02-09 11:05:37,-1.129913444377839,70766.84338813419,-171743.40908136283,70767.4504649894,-171758.08261034725,70766.05901361424,-171751.78439470372,11,20.0
2024-02-09 11:05:37,-1.259484754274361,70766.84338813419,-171743.40908136283,70767.4504649894,-171758.08261034725,70765.99830883194,-171753.45163246713,13,20.0
2024-02-09 11:05:38,-1.2660495330510724,70766.84338813419,-171743.40908136283,70767.4504649894,-171758.08261034725,70766.0160579536,-171754.03945446265,12,20.0
2024-02-09 11:05:38,-1.253489344920756,70766.84338813419,-171743.40908136283,70767.4504649894,-171758.08261034725,70766.06355216586,-171754.88357781686,12,20.0
2024-02-09 11:05:39,-1.2099264159222738,70766.84338813419,-171743.40908136283,70767.4504649894,-171758.08261034725,70766.1422004502,-171755.73071791427,11,20.0
2024-02-09 11:05:39,-1.141210896550464,70766.84338813419,-171743.40908136283,70767.4504649894,-171758.08261034725,70766.23429032447,-171756.29427375758,10,20.0
2024-02-09 11:05:40,-0.9896427105759127,70766.84338813419,-171743.40908136283,70767.4504649894,-171758.08261034725,70766.4216876844,-171757.1571592858,8,20.0
timestamp,直線との距離:,startx:,starty:,goalx:,goaly:,x:,y:,操作量,sp
2024-02-09 11:05:40,0.0,70766.67483759254,-171758.01419447456,70776.22406187186,-171762.44386814098,70766.67483759254,-171758.01419447456,-1,25.0
2024-02-09 11:05:41,-0.45883588545215687,70766.67483759254,-171758.01419447456,70776.22406187186,-171762.44386814098,70766.84942776058,-171758.60098221153,5,25.0
2024-02-09 11:05:41,-1.1389479214586664,70766.67483759254,-171758.01419447456,70776.22406187186,-171762.44386814098,70767.15778306806,-171759.49374511561,12,25.0
2024-02-09 11:05:42,-1.8294789052122387,70766.67483759254,-171758.01419447456,70776.22406187186,-171762.44386814098,70767.45675027488,-171760.3936384485,18,25.0
2024-02-09 11:05:42,-2.2360685698606257,70766.67483759254,-171758.01419447456,70776.22406187186,-171762.44386814098,70767.6325448778,-171760.9233911054,22,25.0
2024-02-09 11:05:43,-2.8752341156000627,70766.67483759254,-171758.01419447456,70776.22406187186,-171762.44386814098,70767.98534907194,-171761.79163536744,29,25.0
2024-02-09 11:05:44,-3.490561374538556,70766.67483759254,-171758.01419447456,70776.22406187186,-171762.44386814098,70768.38499819435,-171762.65533174164,35,25.0
2024-02-09 11:05:44,-3.831459179507809,70766.67483759254,-171758.01419447456,70776.22406187186,-171762.44386814098,70768.70965816989,-171763.18172411385,38,25.0
2024-02-09 11:05:45,-4.218920804858522,70766.67483759254,-171758.01419447456,70776.22406187186,-171762.44386814098,70769.33418413793,-171763.8985474574,42,25.0
2024-02-09 11:05:45,-4.323970196042639,70766.67483759254,-171758.01419447456,70776.22406187186,-171762.44386814098,70770.15225502734,-171764.39383396262,43,25.0
2024-02-09 11:05:46,-4.24890767997899,70766.67483759254,-171758.01419447456,70776.22406187186,-171762.44386814098,70770.73067532551,-171764.57940492156,42,25.0
2024-02-09 11:05:46,-3.847032632685865,70766.67483759254,-171758.01419447456,70776.22406187186,-171762.44386814098,70771.67034175397,-171764.57228710788,38,25.0
2024-02-09 11:05:47,-3.1638600965752706,70766.67483759254,-171758.01419447456,70776.22406187186,-171762.44386814098,70772.5498192619,-171764.22715978898,30,25.0
2024-02-09 11:05:47,-2.2231979677862164,70766.67483759254,-171758.01419447456,70776.22406187186,-171762.44386814098,70773.25242036417,-171763.5161389361,21,25.0
2024-02-09 11:05:48,-1.563885691929404,70766.67483759254,-171758.01419447456,70776.22406187186,-171762.44386814098,70773.5932649827,-171762.9474541835,14,25.0
2024-02-09 11:05:48,-0.534638636490329,70766.67483759254,-171758.01419447456,70776.22406187186,-171762.44386814098,70773.9628799547,-171761.9843165583,4,25.0
2024-02-09 11:05:49,0.14248340302630752,70766.67483759254,-171758.01419447456,70776.22406187186,-171762.44386814098,70774.1225134489,-171761.31193932757,-3,25.0
2024-02-09 11:05:49,0.8323422005773602,70766.67483759254,-171758.01419447456,70776.22406187186,-171762.44386814098,70774.26685078206,-171760.61842614002,-10,25.0
2024-02-09 11:05:50,1.8520105291484263,70766.67483759254,-171758.01419447456,70776.22406187186,-171762.44386814098,70774.41148024653,-171759.56148186096,-20,25.0
2024-02-09 11:05:51,2.519231585759591,70766.67483759254,-171758.01419447456,70776.22406187186,-171762.44386814098,70774.5387144462,-171758.8849896956,-26,25.0
2024-02-09 11:05:51,3.5326644524083406,70766.67483759254,-171758.01419447456,70776.22406187186,-171762.44386814098,70774.82351135154,-171757.89993966985,-37,25.0
2024-02-09 11:05:52,4.562357388018174,70766.67483759254,-171758.01419447456,70776.22406187186,-171762.44386814098,70775.24767210046,-171756.96161310512,-47,25.0
2024-02-09 11:05:52,4.562357388018174,70766.67483759254,-171758.01419447456,70776.22406187186,-171762.44386814098,70775.24767210046,-171756.96161310512,-46,25.0
2024-02-09 11:05:53,5.583046411497545,70766.67483759254,-171758.01419447456,70776.22406187186,-171762.44386814098,70775.93132770837,-171756.1535859504,-57,25.0
2024-02-09 11:05:53,6.957198845941431,70766.67483759254,-171758.01419447456,70776.22406187186,-171762.44386814098,70777.85412167078,-171755.5307261005,-71,25.0
2024-02-09 11:05:54,7.008452506724281,70766.67483759254,-171758.01419447456,70776.22406187186,-171762.44386814098,70778.78766739655,-171755.90727764944,-71,25.0
2024-02-09 11:05:54,7.008452506724281,70766.67483759254,-171758.01419447456,70776.22406187186,-171762.44386814098,70778.78766739655,-171755.90727764944,-71,25.0
2024-02-09 11:05:55,6.516490506312474,70766.67483759254,-171758.01419447456,70776.22406187186,-171762.44386814098,70779.34063210222,-171756.70610163506,-65,25.0
2024-02-09 11:05:56,5.669512857504455,70766.67483759254,-171758.01419447456,70776.22406187186,-171762.44386814098,70779.24999335318,-171757.59772488117,-56,25.0
2024-02-09 11:05:56,5.11214895496048,70766.67483759254,-171758.01419447456,70776.22406187186,-171762.44386814098,70778.90290786044,-171758.05113151087,-51,25.0
2024-02-09 11:05:57,4.508390266907772,70766.67483759254,-171758.01419447456,70776.22406187186,-171762.44386814098,70778.11593818731,-171758.35162905304,-45,25.0
2024-02-09 11:05:57,4.683985198461633,70766.67483759254,-171758.01419447456,70776.22406187186,-171762.44386814098,70776.72139431672,-171757.51116339344,-48,25.0
2024-02-09 11:05:58,5.114165003146938,70766.67483759254,-171758.01419447456,70776.22406187186,-171762.44386814098,70776.53210969386,-171756.94914834775,-52,25.0
2024-02-09 11:05:58,5.964330239494423,70766.67483759254,-171758.01419447456,70776.22406187186,-171762.44386814098,70776.61610071675,-171756.05092752128,-61,25.0
2024-02-09 11:05:59,6.910323176193746,70766.67483759254,-171758.01419447456,70776.22406187186,-171762.44386814098,70777.11159397628,-171755.23795749337,-71,25.0
2024-02-09 11:05:59,6.910323176193746,70766.67483759254,-171758.01419447456,70776.22406187186,-171762.44386814098,70777.11159397628,-171755.23795749337,-70,25.0
2024-02-09 11:06:00,7.635290242083695,70766.67483759254,-171758.01419447456,70776.22406187186,-171762.44386814098,70777.96015679368,-171754.8324171989,-78,25.0
2024-02-09 11:06:00,7.7045792949096334,70766.67483759254,-171758.01419447456,70776.22406187186,-171762.44386814098,70779.34809363484,-171755.3998693505,-78,25.0
2024-02-09 11:06:01,7.0076694122181795,70766.67483759254,-171758.01419447456,70776.22406187186,-171762.44386814098,70779.57715400831,-171756.27436625145,-70,25.0
