timestamp,直線との距離:,startx:,starty:,goalx:,goaly:,x:,y:,操作量,sp
timestamp,直線との距離:,startx:,starty:,goalx:,goaly:,x:,y:,操作量,sp
2024-01-29 11:17:36,-0.0,70776.31622707193,-171742.63174982273,70774.48352805714,-171732.16460188924,70776.31622707193,-171742.63174982273,0,30.0
2024-01-29 11:17:36,-0.0,70776.31622707193,-171742.63174982273,70774.48352805714,-171732.16460188924,70776.31622707193,-171742.63174982273,0,30.0
2024-01-29 11:17:37,-0.0,70776.31622707193,-171742.63174982273,70774.48352805714,-171732.16460188924,70776.31622707193,-171742.63174982273,0,30.0
2024-01-29 11:17:37,0.03548661661169526,70776.31622707193,-171742.63174982273,70774.48352805714,-171732.16460188924,70776.27725508172,-171742.61492693977,-1,30.0
2024-01-29 11:17:38,0.11929142743746411,70776.31622707193,-171742.63174982273,70774.48352805714,-171732.16460188924,70776.17682630639,-171742.52726333338,-1,30.0
2024-01-29 11:17:38,0.11929142743746411,70776.31622707193,-171742.63174982273,70774.48352805714,-171732.16460188924,70776.17682630639,-171742.52726333338,-1,30.0
2024-01-29 11:17:39,0.15109423327906243,70776.31622707193,-171742.63174982273,70774.48352805714,-171732.16460188924,70776.1392253571,-171742.49691139406,-1,30.0
2024-01-29 11:17:39,0.23105542860169578,70776.31622707193,-171742.63174982273,70774.48352805714,-171732.16460188924,70776.05107265491,-171742.45707438138,-1,30.0
2024-01-29 11:17:40,0.2579726276928808,70776.31622707193,-171742.63174982273,70774.48352805714,-171732.16460188924,70776.01738736965,-171742.42075829644,-2,30.0
2024-01-29 11:17:40,0.27884626743667185,70776.31622707193,-171742.63174982273,70774.48352805714,-171732.16460188924,70775.98769103829,-171742.37218259167,-2,30.0
2024-01-29 11:17:41,0.3244802991126692,70776.31622707193,-171742.63174982273,70774.48352805714,-171732.16460188924,70775.94134779781,-171742.3720969529,-2,30.0
2024-01-29 11:17:41,0.3435553787624209,70776.31622707193,-171742.63174982273,70774.48352805714,-171732.16460188924,70775.92347298669,-171742.38060940919,-2,30.0
2024-01-29 11:17:42,0.3435553787624209,70776.31622707193,-171742.63174982273,70774.48352805714,-171732.16460188924,70775.92347298669,-171742.38060940919,-3,30.0
2024-01-29 11:17:42,0.41009883599701996,70776.31622707193,-171742.63174982273,70774.48352805714,-171732.16460188924,70775.85849617884,-171742.3953386497,-3,30.0
2024-01-29 11:17:43,0.41009883599701996,70776.31622707193,-171742.63174982273,70774.48352805714,-171732.16460188924,70775.85849617884,-171742.3953386497,-3,30.0
2024-01-29 11:17:43,0.46329622795522907,70776.31622707193,-171742.63174982273,70774.48352805714,-171732.16460188924,70775.80985966515,-171742.4260093528,-4,30.0
2024-01-29 11:17:44,0.5266241234702049,70776.31622707193,-171742.63174982273,70774.48352805714,-171732.16460188924,70775.75021250827,-171742.45253347134,-4,30.0
2024-01-29 11:17:44,0.5266241234702049,70776.31622707193,-171742.63174982273,70774.48352805714,-171732.16460188924,70775.75021250827,-171742.45253347134,-4,30.0
2024-01-29 11:17:45,0.5934564109588268,70776.31622707193,-171742.63174982273,70774.48352805714,-171732.16460188924,70775.69122058064,-171742.5031190344,-5,30.0
2024-01-29 11:17:45,0.6322816042937714,70776.31622707193,-171742.63174982273,70774.48352805714,-171732.16460188924,70775.65216581574,-171742.5051811799,-5,30.0
2024-01-29 11:17:46,0.6429378101649441,70776.31622707193,-171742.63174982273,70774.48352805714,-171732.16460188924,70775.63987816827,-171742.49678933763,-6,30.0
2024-01-29 11:17:46,0.6466283206225443,70776.31622707193,-171742.63174982273,70774.48352805714,-171732.16460188924,70775.62235335255,-171742.41809770983,-6,30.0
2024-01-29 11:17:47,0.6484885415725573,70776.31622707193,-171742.63174982273,70774.48352805714,-171732.16460188924,70775.61344634344,-171742.37801280504,-7,30.0
2024-01-29 11:17:47,0.674425548854365,70776.31622707193,-171742.63174982273,70774.48352805714,-171732.16460188924,70775.57460624722,-171742.30657253443,-7,30.0
2024-01-29 11:17:48,0.6769638177570452,70776.31622707193,-171742.63174982273,70774.48352805714,-171732.16460188924,70775.56821560492,-171742.28479089667,-8,30.0
2024-01-29 11:17:48,0.6694878398722456,70776.31622707193,-171742.63174982273,70774.48352805714,-171732.16460188924,70775.56498406368,-171742.22298718092,-8,30.0
2024-01-29 11:17:49,0.6723099730536005,70776.31622707193,-171742.63174982273,70774.48352805714,-171732.16460188924,70775.55497280412,-171742.18217291083,-9,30.0
2024-01-29 11:17:50,0.6646533740339683,70776.31622707193,-171742.63174982273,70774.48352805714,-171732.16460188924,70775.55143892666,-171742.11759517333,-9,30.0
2024-01-29 11:17:50,0.6636552175466152,70776.31622707193,-171742.63174982273,70774.48352805714,-171732.16460188924,70775.54060719271,-171742.04994404694,-10,30.0
2024-01-29 11:17:51,0.6427104557299814,70776.31622707193,-171742.63174982273,70774.48352805714,-171732.16460188924,70775.54905122516,-171741.9767284891,-10,30.0
2024-01-29 11:17:51,0.6248015331147698,70776.31622707193,-171742.63174982273,70774.48352805714,-171732.16460188924,70775.55360972878,-171741.89892384107,-11,30.0
2024-01-29 11:17:52,0.5933916470502778,70776.31622707193,-171742.63174982273,70774.48352805714,-171732.16460188924,70775.56576686358,-171741.78623600522,-11,30.0
2024-01-29 11:17:52,0.5736164949403378,70776.31622707193,-171742.63174982273,70774.48352805714,-171732.16460188924,70775.56758933766,-171741.68198419313,-11,30.0
2024-01-29 11:17:53,0.5438947730430508,70776.31622707193,-171742.63174982273,70774.48352805714,-171732.16460188924,70775.58712845489,-171741.6212456282,-12,30.0
2024-01-29 11:17:53,0.5080230899412987,70776.31622707193,-171742.63174982273,70774.48352805714,-171732.16460188924,70775.60846688844,-171741.53512476108,-12,30.0
2024-01-29 11:17:54,0.44514021757454997,70776.31622707193,-171742.63174982273,70774.48352805714,-171732.16460188924,70775.65620807737,-171741.443182076,-12,30.0
2024-01-29 11:17:54,0.40076198278687275,70776.31622707193,-171742.63174982273,70774.48352805714,-171732.16460188924,70775.68807633151,-171741.36787767743,-12,30.0
2024-01-29 11:17:55,0.34256823300542605,70776.31622707193,-171742.63174982273,70774.48352805714,-171732.16460188924,70775.72999766168,-171741.2698843972,-12,30.0
2024-01-29 11:17:55,0.28989564705393717,70776.31622707193,-171742.63174982273,70774.48352805714,-171732.16460188924,70775.77561071038,-171741.22498862678,-13,30.0
2024-01-29 11:17:56,0.2183269587987765,70776.31622707193,-171742.63174982273,70774.48352805714,-171732.16460188924,70775.83619906245,-171741.156058105,-13,30.0
2024-01-29 11:17:56,0.15717459482919602,70776.31622707193,-171742.63174982273,70774.48352805714,-171732.16460188924,70775.88594013738,-171741.08557128566,-13,30.0
2024-01-29 11:17:57,0.11326085474100397,70776.31622707193,-171742.63174982273,70774.48352805714,-171732.16460188924,70775.9144901018,-171740.99400828077,-13,30.0
2024-01-29 11:17:58,0.08813786653814366,70776.31622707193,-171742.63174982273,70774.48352805714,-171732.16460188924,70775.92791265695,-171740.92500045613,-13,30.0
2024-01-29 11:17:58,0.04179256227780584,70776.31622707193,-171742.63174982273,70774.48352805714,-171732.16460188924,70775.96562505014,-171740.87166837172,-13,30.0
2024-01-29 11:17:59,0.016432399100943424,70776.31622707193,-171742.63174982273,70774.48352805714,-171732.16460188924,70775.98572734055,-171740.8394355248,-13,30.0
2024-01-29 11:17:59,-0.024414666667165782,70776.31622707193,-171742.63174982273,70774.48352805714,-171732.16460188924,70776.01184902641,-171740.75178505466,-13,30.0
2024-01-29 11:18:00,-0.024414666667165782,70776.31622707193,-171742.63174982273,70774.48352805714,-171732.16460188924,70776.01184902641,-171740.75178505466,-13,30.0
2024-01-29 11:18:00,-0.03716005940690246,70776.31622707193,-171742.63174982273,70774.48352805714,-171732.16460188924,70776.02648039581,-171740.76144911273,-13,30.0
2024-01-29 11:18:01,-0.08182200785971196,70776.31622707193,-171742.63174982273,70774.48352805714,-171732.16460188924,70776.06226034214,-171740.70684064453,-12,30.0
2024-01-29 11:18:02,-0.1133020492112983,70776.31622707193,-171742.63174982273,70774.48352805714,-171732.16460188924,70776.08416382068,-171740.6494106138,-12,30.0
