timestamp,直線との距離:,startx:,starty:,goalx:,goaly:,x:,y:,操作量,sp
2024-02-09 11:54:10,-0.0,70789.04931509348,-171738.9979790602,70772.9149468953,-171738.43357661384,70789.04931509348,-171738.9979790602,0,20.0
2024-02-09 11:54:11,-0.0,70789.04931509348,-171738.9979790602,70772.9149468953,-171738.43357661384,70789.04931509348,-171738.9979790602,0,20.0
2024-02-09 11:54:11,0.002435146530714293,70789.04931509348,-171738.9979790602,70772.9149468953,-171738.43357661384,70789.04865402583,-171739.00039257115,-1,20.0
2024-02-09 11:54:12,0.03637009748351789,70789.04931509348,-171738.9979790602,70772.9149468953,-171738.43357661384,70788.91568258671,-171739.0296967545,-1,20.0
2024-02-09 11:54:12,0.10575198503814356,70789.04931509348,-171738.9979790602,70772.9149468953,-171738.43357661384,70788.53824705625,-171739.085917865,-2,20.0
2024-02-09 11:54:13,0.238616119937814,70789.04931509348,-171738.9979790602,70772.9149468953,-171738.43357661384,70787.78290463756,-171739.19244034847,-4,20.0
2024-02-09 11:54:13,0.35758688939241345,70789.04931509348,-171738.9979790602,70772.9149468953,-171738.43357661384,70786.91303292505,-171739.2810545758,-5,20.0
2024-02-09 11:54:14,0.46959063646055244,70789.04931509348,-171738.9979790602,70772.9149468953,-171738.43357661384,70786.29614369775,-171739.37154719548,-6,20.0
2024-02-09 11:54:14,0.6292467381124959,70789.04931509348,-171738.9979790602,70772.9149468953,-171738.43357661384,70785.34055072998,-171739.49787299297,-8,20.0
2024-02-09 11:54:15,0.7760721924916179,70789.04931509348,-171738.9979790602,70772.9149468953,-171738.43357661384,70784.34944122685,-171739.6101178778,-9,20.0
2024-02-09 11:54:15,0.8636351103916516,70789.04931509348,-171738.9979790602,70772.9149468953,-171738.43357661384,70783.7124162684,-171739.67545034317,-10,20.0
2024-02-09 11:54:16,0.9664479154055132,70789.04931509348,-171738.9979790602,70772.9149468953,-171738.43357661384,70782.74129636945,-171739.7443549217,-11,20.0
2024-02-09 11:54:16,1.0651892717139184,70789.04931509348,-171738.9979790602,70772.9149468953,-171738.43357661384,70781.74146949261,-171739.80818135155,-12,20.0
2024-02-09 11:54:17,1.109497798992034,70789.04931509348,-171738.9979790602,70772.9149468953,-171738.43357661384,70781.07479130581,-171739.8291956584,-12,20.0
2024-02-09 11:54:17,1.1466936586814345,70789.04931509348,-171738.9979790602,70772.9149468953,-171738.43357661384,70780.09806790967,-171739.83224713823,-12,20.0
2024-02-09 11:54:18,1.1291106693058723,70789.04931509348,-171738.9979790602,70772.9149468953,-171738.43357661384,70779.11338223265,-171739.7802077313,-12,20.0
2024-02-09 11:54:19,1.0690265655549702,70789.04931509348,-171738.9979790602,70772.9149468953,-171738.43357661384,70778.48857465928,-171739.698230246,-11,20.0
2024-02-09 11:54:19,0.8537870628412737,70789.04931509348,-171738.9979790602,70772.9149468953,-171738.43357661384,70777.27927889967,-171739.44055625648,-8,20.0
2024-02-09 11:54:20,0.8537870628412737,70789.04931509348,-171738.9979790602,70772.9149468953,-171738.43357661384,70777.27927889967,-171739.44055625648,-9,20.0
2024-02-09 11:54:20,0.3750878615170799,70789.04931509348,-171738.9979790602,70772.9149468953,-171738.43357661384,70775.50332374118,-171738.89943889316,-1,20.0
2024-02-09 11:54:21,0.14785727221182635,70789.04931509348,-171738.9979790602,70772.9149468953,-171738.43357661384,70774.94567273546,-171738.65256191458,0,20.0
2024-02-09 11:54:21,-0.19963579361317857,70789.04931509348,-171738.9979790602,70772.9149468953,-171738.43357661384,70774.09657906886,-171738.27515383344,4,20.0
timestamp,直線との距離:,startx:,starty:,goalx:,goaly:,x:,y:,操作量,sp
2024-02-09 11:54:22,0.0,70773.32532642227,-171737.89417952497,70767.81304474265,-171743.65567093433,70773.32532642227,-171737.89417952497,-2,20.0
2024-02-09 11:54:22,-0.5886286243546429,70773.32532642227,-171737.89417952497,70767.81304474265,-171743.65567093433,70772.76080975909,-171737.63274597703,10,20.0
2024-02-09 11:54:23,-1.4491032398934807,70773.32532642227,-171737.89417952497,70767.81304474265,-171743.65567093433,70771.96984992232,-171737.21475831367,20,20.0
2024-02-09 11:54:23,-2.281589632074144,70773.32532642227,-171737.89417952497,70767.81304474265,-171743.65567093433,70771.18580842076,-171736.83002548484,28,20.0
2024-02-09 11:54:24,-2.844928831606806,70773.32532642227,-171737.89417952497,70767.81304474265,-171743.65567093433,70770.63427616365,-171736.59160254727,32,20.0
2024-02-09 11:54:24,-3.6717272931995724,70773.32532642227,-171737.89417952497,70767.81304474265,-171743.65567093433,70769.75426285814,-171736.3154081896,42,20.0
2024-02-09 11:54:25,-4.343957183702163,70773.32532642227,-171737.89417952497,70767.81304474265,-171743.65567093433,70768.91068103164,-171736.22472415003,48,20.0
2024-02-09 11:54:25,-4.70745418506851,70773.32532642227,-171737.89417952497,70767.81304474265,-171743.65567093433,70768.36530433365,-171736.26894611173,49,20.0
2024-02-09 11:54:26,-5.075756746801893,70773.32532642227,-171737.89417952497,70767.81304474265,-171743.65567093433,70767.6019715626,-171736.5340265081,53,20.0
2024-02-09 11:54:27,-5.208027904409697,70773.32532642227,-171737.89417952497,70767.81304474265,-171743.65567093433,70766.9740701823,-171736.9989803801,53,20.0
2024-02-09 11:54:27,-5.153978431848349,70773.32532642227,-171737.89417952497,70767.81304474265,-171743.65567093433,70766.67041031287,-171737.39455314155,51,20.0
2024-02-09 11:54:28,-4.902097582675398,70773.32532642227,-171737.89417952497,70767.81304474265,-171743.65567093433,70766.40801518157,-171738.0331656167,47,20.0
2024-02-09 11:54:28,-4.902097582675398,70773.32532642227,-171737.89417952497,70767.81304474265,-171743.65567093433,70766.40801518157,-171738.0331656167,49,20.0
2024-02-09 11:54:29,-4.430168922062996,70773.32532642227,-171737.89417952497,70767.81304474265,-171743.65567093433,70766.4030584974,-171738.72100775613,40,20.0
2024-02-09 11:54:29,-3.2996135794166115,70773.32532642227,-171737.89417952497,70767.81304474265,-171743.65567093433,70766.97530152985,-171739.75828163658,25,20.0
2024-02-09 11:54:30,-3.2996135794166115,70773.32532642227,-171737.89417952497,70767.81304474265,-171743.65567093433,70766.97530152985,-171739.75828163658,32,20.0
2024-02-09 11:54:30,-2.5802674592205124,70773.32532642227,-171737.89417952497,70767.81304474265,-171743.65567093433,70767.58512907059,-171740.16144325014,20,20.0
2024-02-09 11:54:31,-2.0862316419389244,70773.32532642227,-171737.89417952497,70767.81304474265,-171743.65567093433,70768.05805263191,-171740.38177900139,17,20.0
2024-02-09 11:54:31,-0.677966176862558,70773.32532642227,-171737.89417952497,70767.81304474265,-171743.65567093433,70769.74370092874,-171740.65702810636,-4,20.0
2024-02-09 11:54:32,-0.2644593753142944,70773.32532642227,-171737.89417952497,70767.81304474265,-171743.65567093433,70770.3405441993,-171740.6313537037,-1,20.0
2024-02-09 11:54:33,0.33937641945398905,70773.32532642227,-171737.89417952497,70767.81304474265,-171743.65567093433,70771.2695561924,-171740.53381082808,-8,20.0
2024-02-09 11:54:33,0.33937641945398905,70773.32532642227,-171737.89417952497,70767.81304474265,-171743.65567093433,70771.2695561924,-171740.53381082808,-4,20.0
2024-02-09 11:54:34,0.9469846958546678,70773.32532642227,-171737.89417952497,70767.81304474265,-171743.65567093433,70772.20133630237,-171740.43883171634,-14,20.0
2024-02-09 11:54:34,1.5678184866300247,70773.32532642227,-171737.89417952497,70767.81304474265,-171743.65567093433,70773.10956600108,-171740.38759889823,-21,20.0
2024-02-09 11:54:35,2.6877276724641246,70773.32532642227,-171737.89417952497,70767.81304474265,-171743.65567093433,70774.68575060803,-171740.3601430619,-35,20.0
2024-02-09 11:54:35,3.4232406555988595,70773.32532642227,-171737.89417952497,70767.81304474265,-171743.65567093433,70775.60704052963,-171740.46114704444,-40,20.0
2024-02-09 11:54:36,3.4232406555988595,70773.32532642227,-171737.89417952497,70767.81304474265,-171743.65567093433,70775.60704052963,-171740.46114704444,-35,20.0
2024-02-09 11:54:36,5.09155605520338,70773.32532642227,-171737.89417952497,70767.81304474265,-171743.65567093433,70777.19660930778,-171741.21299076747,-63,20.0
