timestamp,直線との距離:,startx:,starty:,goalx:,goaly:,x:,y:,操作量,sp
2024-02-09 14:08:31,-0.0,70785.878667105,-171739.4813090501,70772.9149468953,-171738.43357661384,70785.878667105,-171739.4813090501,0,20.0
2024-02-09 14:08:31,-0.0,70785.878667105,-171739.4813090501,70772.9149468953,-171738.43357661384,70785.878667105,-171739.4813090501,0,20.0
2024-02-09 14:08:32,0.008081095646403831,70785.878667105,-171739.4813090501,70772.9149468953,-171738.43357661384,70785.86077354898,-171739.48797033186,-1,20.0
2024-02-09 14:08:32,0.06631222226476677,70785.878667105,-171739.4813090501,70772.9149468953,-171738.43357661384,70785.70699382438,-171739.5339627982,-2,20.0
2024-02-09 14:08:33,0.18048130096510992,70785.878667105,-171739.4813090501,70772.9149468953,-171738.43357661384,70785.32092117926,-171739.61730161493,-3,20.0
2024-02-09 14:08:33,0.5363581928005202,70785.878667105,-171739.4813090501,70772.9149468953,-171738.43357661384,70783.94603168349,-171739.8632198427,-8,20.0
2024-02-09 14:08:34,0.6619621191180846,70785.878667105,-171739.4813090501,70772.9149468953,-171738.43357661384,70783.29949461298,-171739.9369799654,-8,20.0
2024-02-09 14:08:34,0.7661897389628687,70785.878667105,-171739.4813090501,70772.9149468953,-171738.43357661384,70782.65466101348,-171739.9894317561,-9,20.0
2024-02-09 14:08:35,0.7661897389628687,70785.878667105,-171739.4813090501,70772.9149468953,-171738.43357661384,70782.65466101348,-171739.9894317561,-8,20.0
2024-02-09 14:08:35,0.7758531943665322,70785.878667105,-171739.4813090501,70772.9149468953,-171738.43357661384,70780.64901460941,-171739.8370296714,-8,20.0
2024-02-09 14:08:36,0.6640744748748102,70785.878667105,-171739.4813090501,70772.9149468953,-171738.43357661384,70779.67347763607,-171739.64604323878,-6,20.0
2024-02-09 14:08:36,0.5259913531318815,70785.878667105,-171739.4813090501,70772.9149468953,-171738.43357661384,70779.04099738153,-171739.4563925994,-5,20.0
2024-02-09 14:08:37,0.25966496958009205,70785.878667105,-171739.4813090501,70772.9149468953,-171738.43357661384,70778.07459058557,-171739.1110924812,-1,20.0
2024-02-09 14:08:38,-0.0847483360238019,70785.878667105,-171739.4813090501,70772.9149468953,-171738.43357661384,70777.13291199692,-171738.68944936935,3,20.0
2024-02-09 14:08:38,-0.336557302351446,70785.878667105,-171739.4813090501,70772.9149468953,-171738.43357661384,70776.5193084722,-171738.3872276893,5,20.0
2024-02-09 14:08:39,-0.7137632521766303,70785.878667105,-171739.4813090501,70772.9149468953,-171738.43357661384,70775.67472247225,-171737.94053206517,9,20.0
2024-02-09 14:08:39,-0.7137632521766303,70785.878667105,-171739.4813090501,70772.9149468953,-171738.43357661384,70775.67472247225,-171737.94053206517,7,20.0
2024-02-09 14:08:40,-1.4396047705361117,70785.878667105,-171739.4813090501,70772.9149468953,-171738.43357661384,70773.97980391538,-171737.07533991744,19,20.0
2024-02-09 14:08:40,-1.6165194466122215,70785.878667105,-171739.4813090501,70772.9149468953,-171738.43357661384,70773.38685983552,-171736.84992643524,17,20.0
2024-02-09 14:08:41,-1.902973721578698,70785.878667105,-171739.4813090501,70772.9149468953,-171738.43357661384,70772.4511233254,-171736.48691157895,21,20.0
2024-02-09 14:08:41,-1.902973721578698,70785.878667105,-171739.4813090501,70772.9149468953,-171738.43357661384,70772.4511233254,-171736.48691157895,19,20.0
2024-02-09 14:08:42,-2.2036529445110347,70785.878667105,-171739.4813090501,70772.9149468953,-171738.43357661384,70770.57720688196,-171736.03380135927,24,20.0
2024-02-09 14:08:42,-2.2460088911511313,70785.878667105,-171739.4813090501,70772.9149468953,-171738.43357661384,70769.92896065774,-171735.93891581646,22,20.0
2024-02-09 14:08:43,-2.1730945845283736,70785.878667105,-171739.4813090501,70772.9149468953,-171738.43357661384,70768.93540736526,-171735.93176854376,21,20.0
2024-02-09 14:08:44,-1.9408766424579975,70785.878667105,-171739.4813090501,70772.9149468953,-171738.43357661384,70767.96982156049,-171736.08670468192,17,20.0
2024-02-09 14:08:44,-1.6994126820513888,70785.878667105,-171739.4813090501,70772.9149468953,-171738.43357661384,70767.38058677447,-171736.28133380844,15,20.0
2024-02-09 14:08:45,-1.302492582797802,70785.878667105,-171739.4813090501,70772.9149468953,-171738.43357661384,70766.5014789625,-171736.60849832153,10,20.0
2024-02-09 14:08:45,-0.8135028216627891,70785.878667105,-171739.4813090501,70772.9149468953,-171738.43357661384,70765.63881389826,-171737.029361612,4,20.0
2024-02-09 14:08:46,-0.46122799455249036,70785.878667105,-171739.4813090501,70772.9149468953,-171738.43357661384,70765.08116949287,-171737.3377160662,2,20.0
2024-02-09 14:08:46,0.056361524487953354,70785.878667105,-171739.4813090501,70772.9149468953,-171738.43357661384,70764.29385460331,-171737.793362196,-5,20.0
2024-02-09 14:08:47,0.30833073075842965,70785.878667105,-171739.4813090501,70772.9149468953,-171738.43357661384,70763.9775197006,-171738.02058668705,-5,20.0
2024-02-09 14:08:47,0.2766635940804372,70785.878667105,-171739.4813090501,70772.9149468953,-171738.43357661384,70764.17822462477,-171738.00503733766,-3,20.0
2024-02-09 14:08:48,0.14474262446975855,70785.878667105,-171739.4813090501,70772.9149468953,-171738.43357661384,70764.59320736371,-171737.90622527132,-1,20.0
2024-02-09 14:08:48,0.09262209072735106,70785.878667105,-171739.4813090501,70772.9149468953,-171738.43357661384,70765.1986401333,-171737.90286608064,-1,20.0
2024-02-09 14:08:49,0.24147659137847274,70785.878667105,-171739.4813090501,70772.9149468953,-171738.43357661384,70765.88941070269,-171738.1080342644,-4,20.0
2024-02-09 14:08:49,0.22087836672015612,70785.878667105,-171739.4813090501,70772.9149468953,-171738.43357661384,70766.38936773072,-171738.12777557937,-3,20.0
2024-02-09 14:08:50,0.4699395534403308,70785.878667105,-171739.4813090501,70772.9149468953,-171738.43357661384,70767.10860215715,-171738.43577764698,-7,20.0
2024-02-09 14:08:51,0.6858495802674442,70785.878667105,-171739.4813090501,70772.9149468953,-171738.43357661384,70767.74365787674,-171738.70371710765,-9,20.0
2024-02-09 14:08:51,1.1626071386658523,70785.878667105,-171739.4813090501,70772.9149468953,-171738.43357661384,70768.86616647097,-171739.2727507452,-15,20.0
2024-02-09 14:08:52,1.3386953986285823,70785.878667105,-171739.4813090501,70772.9149468953,-171738.43357661384,70769.32778267867,-171739.48672115174,-15,20.0
2024-02-09 14:08:52,1.3386953986285823,70785.878667105,-171739.4813090501,70772.9149468953,-171738.43357661384,70769.32778267867,-171739.48672115174,-14,20.0
2024-02-09 14:08:53,1.3125353517298346,70785.878667105,-171739.4813090501,70772.9149468953,-171738.43357661384,70770.11502182942,-171739.52410075173,-13,20.0
2024-02-09 14:08:53,1.48601093894325,70785.878667105,-171739.4813090501,70772.9149468953,-171738.43357661384,70771.59876310219,-171739.81805847448,-17,20.0
2024-02-09 14:08:54,1.5245966563158537,70785.878667105,-171739.4813090501,70772.9149468953,-171738.43357661384,70772.35372848393,-171739.91778657457,-16,20.0
2024-02-09 14:08:55,1.6381471598489583,70785.878667105,-171739.4813090501,70772.9149468953,-171738.43357661384,70773.0227338444,-171740.08577657543,-18,20.0
2024-02-09 14:08:55,1.6152198612537436,70785.878667105,-171739.4813090501,70772.9149468953,-171738.43357661384,70773.41810571395,-171740.0947286128,-16,20.0
2024-02-09 14:08:56,1.7557891458635806,70785.878667105,-171739.4813090501,70772.9149468953,-171738.43357661384,70773.88882879117,-171740.27380024947,-19,20.0
2024-02-09 14:08:56,1.7557891458635806,70785.878667105,-171739.4813090501,70772.9149468953,-171738.43357661384,70773.88882879117,-171740.27380024947,-18,20.0
2024-02-09 14:08:57,1.8023266230649204,70785.878667105,-171739.4813090501,70772.9149468953,-171738.43357661384,70774.10624726096,-171740.3380613064,-19,20.0
2024-02-09 14:08:57,1.7760221750081213,70785.878667105,-171739.4813090501,70772.9149468953,-171738.43357661384,70774.1073517327,-171740.31176035258,-18,20.0
2024-02-09 14:08:58,1.7990100818283714,70785.878667105,-171739.4813090501,70772.9149468953,-171738.43357661384,70774.10415520307,-171740.33456487022,-19,20.0
2024-02-09 14:08:59,1.861779959678198,70785.878667105,-171739.4813090501,70772.9149468953,-171738.43357661384,70774.15474215796,-171740.40162787415,-20,20.0
