timestamp,直線との距離:,startx:,starty:,goalx:,goaly:,x:,y:,操作量,sp
2024-01-26 16:16:05,-0.0,70765.72119777971,-171747.34910784574,70774.48352805714,-171732.16460188924,70765.72119777971,-171747.34910784574,0,15.0
timestamp,直線との距離:,startx:,starty:,goalx:,goaly:,x:,y:,操作量,sp
2024-01-26 16:16:05,-0.0,70765.72119777971,-171747.34910784574,70774.48352805714,-171732.16460188924,70765.72119777971,-171747.34910784574,0,15.0
2024-01-26 16:16:05,-0.0,70765.72119777971,-171747.34910784574,70774.48352805714,-171732.16460188924,70765.72119777971,-171747.34910784574,0,15.0
2024-01-26 16:16:06,0.07010961558996545,70765.72119777971,-171747.34910784574,70774.48352805714,-171732.16460188924,70765.62602077772,-171747.3737703153,0,15.0
2024-01-26 16:16:06,0.34511362915462945,70765.72119777971,-171747.34910784574,70774.48352805714,-171732.16460188924,70765.50008179492,-171747.04179631532,0,15.0
2024-01-26 16:16:07,0.6667039008696641,70765.72119777971,-171747.34910784574,70774.48352805714,-171732.16460188924,70765.30058896723,-171746.7440779939,0,15.0
2024-01-26 16:16:07,0.8390324290529073,70765.72119777971,-171747.34910784574,70774.48352805714,-171732.16460188924,70765.22264288829,-171746.5343648086,0,15.0
2024-01-26 16:16:08,1.150813006416965,70765.72119777971,-171747.34910784574,70774.48352805714,-171732.16460188924,70765.06538480699,-171746.18308348279,0,15.0
2024-01-26 16:16:08,1.588305983179137,70765.72119777971,-171747.34910784574,70774.48352805714,-171732.16460188924,70764.97663005878,-171745.4615701341,0,15.0
2024-01-26 16:16:09,1.9068904807926297,70765.72119777971,-171747.34910784574,70774.48352805714,-171732.16460188924,70764.88916704619,-171744.9757258103,0,15.0
2024-01-26 16:16:09,2.533407042037702,70765.72119777971,-171747.34910784574,70774.48352805714,-171732.16460188924,70764.56960667646,-171744.27599135332,0,15.0
2024-01-26 16:16:10,2.898254701515634,70765.72119777971,-171747.34910784574,70774.48352805714,-171732.16460188924,70764.4061709768,-171743.82924083114,0,15.0
2024-01-26 16:16:10,3.6545311405872174,70765.72119777971,-171747.34910784574,70774.48352805714,-171732.16460188924,70763.9437593621,-171743.11743902395,0,15.0
2024-01-26 16:16:11,4.336530756394862,70765.72119777971,-171747.34910784574,70774.48352805714,-171732.16460188924,70763.49764955009,-171742.5259975437,0,15.0
2024-01-26 16:16:11,4.58834542653046,70765.72119777971,-171747.34910784574,70774.48352805714,-171732.16460188924,70763.48858915431,-171742.03787746784,0,15.0
2024-01-26 16:16:12,5.2190544302123,70765.72119777971,-171747.34910784574,70774.48352805714,-171732.16460188924,70763.13256540871,-171741.39294341518,0,15.0
2024-01-26 16:16:12,5.819224168778471,70765.72119777971,-171747.34910784574,70774.48352805714,-171732.16460188924,70762.70196478923,-171740.93834765992,0,15.0
2024-01-26 16:16:13,6.589409139054985,70765.72119777971,-171747.34910784574,70774.48352805714,-171732.16460188924,70762.19588973372,-171740.27438388954,0,15.0
2024-01-26 16:16:13,7.404156886058553,70765.72119777971,-171747.34910784574,70774.48352805714,-171732.16460188924,70761.70415248988,-171739.4964142036,0,15.0
2024-01-26 16:16:14,7.89408500699698,70765.72119777971,-171747.34910784574,70774.48352805714,-171732.16460188924,70761.4402677703,-171738.97347863507,0,15.0
2024-01-26 16:16:15,8.482960515389799,70765.72119777971,-171747.34910784574,70774.48352805714,-171732.16460188924,70761.14948422772,-171738.29918671897,0,15.0
2024-01-26 16:16:15,8.798885522140704,70765.72119777971,-171747.34910784574,70774.48352805714,-171732.16460188924,70761.07069797802,-171737.80362717857,0,15.0
2024-01-26 16:16:16,9.18585116938726,70765.72119777971,-171747.34910784574,70774.48352805714,-171732.16460188924,70761.08575801559,-171737.00330319977,0,15.0
2024-01-26 16:16:16,9.197011291949316,70765.72119777971,-171747.34910784574,70774.48352805714,-171732.16460188924,70761.3135174748,-171736.58628323142,0,15.0
2024-01-26 16:16:17,8.94589228527334,70765.72119777971,-171747.34910784574,70774.48352805714,-171732.16460188924,70761.45878705863,-171736.83697044753,0,15.0
2024-01-26 16:16:17,8.702818855568527,70765.72119777971,-171747.34910784574,70774.48352805714,-171732.16460188924,70761.57021106253,-171737.1302124072,0,15.0
2024-01-26 16:16:18,8.341903980850708,70765.72119777971,-171747.34910784574,70774.48352805714,-171732.16460188924,70761.81225683886,-171737.43286859614,0,15.0
2024-01-26 16:16:18,8.218656573385902,70765.72119777971,-171747.34910784574,70774.48352805714,-171732.16460188924,70762.12529094666,-171737.13699103924,0,15.0
2024-01-26 16:16:19,8.124897607121081,70765.72119777971,-171747.34910784574,70774.48352805714,-171732.16460188924,70762.39515922886,-171736.85691750192,0,15.0
2024-01-26 16:16:19,7.622529903659594,70765.72119777971,-171747.34910784574,70774.48352805714,-171732.16460188924,70762.80481212748,-171737.15213564257,0,15.0
2024-01-26 16:16:20,7.834413952344612,70765.72119777971,-171747.34910784574,70774.48352805714,-171732.16460188924,70762.747771266,-171736.82705401216,0,15.0
2024-01-26 16:16:20,8.43509807931914,70765.72119777971,-171747.34910784574,70774.48352805714,-171732.16460188924,70762.38008473392,-171736.26240337206,0,15.0
2024-01-26 16:16:21,8.706283428868394,70765.72119777971,-171747.34910784574,70774.48352805714,-171732.16460188924,70762.39731711132,-171735.68996364748,0,15.0
2024-01-26 16:16:21,8.237346615950374,70765.72119777971,-171747.34910784574,70774.48352805714,-171732.16460188924,70762.59179609083,-171736.29117591082,0,15.0
2024-01-26 16:16:22,7.864219068303589,70765.72119777971,-171747.34910784574,70774.48352805714,-171732.16460188924,70762.99159747086,-171736.34488731076,0,15.0
