timestamp,直線との距離:,startx:,starty:,goalx:,goaly:,x:,y:,操作量,sp
timestamp,直線との距離:,startx:,starty:,goalx:,goaly:,x:,y:,操作量,sp
2024-01-29 11:23:22,-0.0,70777.75893002047,-171743.35416396297,70774.48352805714,-171732.16460188924,70777.75893002047,-171743.35416396297,0,30.0
2024-01-29 11:23:22,-0.0,70777.75893002047,-171743.35416396297,70774.48352805714,-171732.16460188924,70777.75893002047,-171743.35416396297,0,30.0
2024-01-29 11:23:22,-0.03367044682184789,70777.75893002047,-171743.35416396297,70774.48352805714,-171732.16460188924,70777.79985323072,-171743.37411442265,0,30.0
2024-01-29 11:23:23,-0.14868148986355728,70777.75893002047,-171743.35416396297,70774.48352805714,-171732.16460188924,70777.88545681689,-171743.25716439882,0,30.0
2024-01-29 11:23:24,-0.5201472369876555,70777.75893002047,-171743.35416396297,70774.48352805714,-171732.16460188924,70778.0340497932,-171742.44252695658,1,30.0
2024-01-29 11:23:24,-0.8740050057702672,70777.75893002047,-171743.35416396297,70774.48352805714,-171732.16460188924,70778.19466299022,-171741.7316307186,2,30.0
2024-01-29 11:23:25,-1.5681354576017508,70777.75893002047,-171743.35416396297,70774.48352805714,-171732.16460188924,70778.59422740547,-171740.62581716778,4,30.0
2024-01-29 11:23:25,-2.403086026893124,70777.75893002047,-171743.35416396297,70774.48352805714,-171732.16460188924,70779.13765538984,-171739.51021392999,7,30.0
2024-01-29 11:23:26,-3.0395120090985035,70777.75893002047,-171743.35416396297,70774.48352805714,-171732.16460188924,70779.59036389235,-171738.79135780368,10,30.0
2024-01-29 11:23:26,-4.077278042200731,70777.75893002047,-171743.35416396297,70774.48352805714,-171732.16460188924,70780.38128939479,-171737.79932521572,14,30.0
2024-01-29 11:23:27,-5.168761666020271,70777.75893002047,-171743.35416396297,70774.48352805714,-171732.16460188924,70781.26579035002,-171736.93575615925,20,30.0
2024-01-29 11:23:27,-5.938320182839217,70777.75893002047,-171743.35416396297,70774.48352805714,-171732.16460188924,70781.91889187008,-171736.4275932238,25,30.0
2024-01-29 11:23:28,-7.088178285691888,70777.75893002047,-171743.35416396297,70774.48352805714,-171732.16460188924,70782.91752992311,-171735.74615460433,32,30.0
2024-01-29 11:23:28,-8.15612418127068,70777.75893002047,-171743.35416396297,70774.48352805714,-171732.16460188924,70783.8965056013,-171735.28911868887,39,30.0
2024-01-29 11:23:29,-8.577588991986348,70777.75893002047,-171743.35416396297,70774.48352805714,-171732.16460188924,70784.48748736543,-171735.80781159428,46,30.0
2024-01-29 11:23:29,-8.32534024113248,70777.75893002047,-171743.35416396297,70774.48352805714,-171732.16460188924,70784.5417974275,-171736.89125071486,51,30.0
2024-01-29 11:23:30,-7.802481230000285,70777.75893002047,-171743.35416396297,70774.48352805714,-171732.16460188924,70784.22474030119,-171737.6692724317,56,30.0
2024-01-29 11:23:31,-6.692277935905695,70777.75893002047,-171743.35416396297,70774.48352805714,-171732.16460188924,70783.36153322377,-171738.6722209097,59,30.0
2024-01-29 11:23:31,-5.7755031751944195,70777.75893002047,-171743.35416396297,70774.48352805714,-171732.16460188924,70782.65556187274,-171739.52379766628,61,30.0
2024-01-29 11:23:32,-5.270159930940838,70777.75893002047,-171743.35416396297,70774.48352805714,-171732.16460188924,70782.27748840656,-171740.03102386906,64,30.0
2024-01-29 11:23:32,-4.81985497862309,70777.75893002047,-171743.35416396297,70774.48352805714,-171732.16460188924,70781.96453598155,-171740.56480532055,67,30.0
2024-01-29 11:23:33,-4.715273144220263,70777.75893002047,-171743.35416396297,70774.48352805714,-171732.16460188924,70781.89814228563,-171740.71025721947,70,30.0
2024-01-29 11:23:33,-4.835800312186127,70777.75893002047,-171743.35416396297,70774.48352805714,-171732.16460188924,70782.00384934759,-171740.64235035222,74,30.0
2024-01-29 11:23:34,-4.83820048247059,70777.75893002047,-171743.35416396297,70774.48352805714,-171732.16460188924,70781.99083522639,-171740.58934735027,77,30.0
