timestamp,直線との距離:,startx:,starty:,goalx:,goaly:,x:,y:,操作量,sp
timestamp,直線との距離:,startx:,starty:,goalx:,goaly:,x:,y:,操作量,sp
2024-01-26 16:15:11,-0.0,70773.63184534782,-171749.12901839043,70774.48352805714,-171732.16460188924,70773.63184534782,-171749.12901839043,0,15.0
2024-01-26 16:15:11,-0.0,70773.63184534782,-171749.12901839043,70774.48352805714,-171732.16460188924,70773.63184534782,-171749.12901839043,0,15.0
2024-01-26 16:15:11,-0.0,70773.63184534782,-171749.12901839043,70774.48352805714,-171732.16460188924,70773.63184534782,-171749.12901839043,0,15.0
2024-01-26 16:15:12,-0.10181754628760166,70773.63184534782,-171749.12901839043,70774.48352805714,-171732.16460188924,70773.73384303263,-171749.1279844831,0,15.0
2024-01-26 16:15:12,-0.15280446800991138,70773.63184534782,-171749.12901839043,70774.48352805714,-171732.16460188924,70773.7882772708,-171749.06059747457,1,15.0
2024-01-26 16:15:13,-0.07420284299602367,70773.63184534782,-171749.12901839043,70774.48352805714,-171732.16460188924,70773.7239507605,-171748.77428385886,1,15.0
2024-01-26 16:15:13,0.18477006198016166,70773.63184534782,-171749.12901839043,70774.48352805714,-171732.16460188924,70773.50882235015,-171747.89446165634,0,15.0
2024-01-26 16:15:14,0.2881714438372384,70773.63184534782,-171749.12901839043,70774.48352805714,-171732.16460188924,70773.4253806805,-171747.4942960885,-2,15.0
2024-01-26 16:15:15,0.5106017388786578,70773.63184534782,-171749.12901839043,70774.48352805714,-171732.16460188924,70773.25894884412,-171746.3732993803,-5,15.0
2024-01-26 16:15:15,0.8494507181400385,70773.63184534782,-171749.12901839043,70774.48352805714,-171732.16460188924,70772.94711049207,-171745.8267822238,-10,15.0
2024-01-26 16:15:16,0.8494507181400385,70773.63184534782,-171749.12901839043,70774.48352805714,-171732.16460188924,70772.94711049207,-171745.8267822238,-14,15.0
2024-01-26 16:15:16,1.7617986567225281,70773.63184534782,-171749.12901839043,70774.48352805714,-171732.16460188924,70772.06631031947,-171745.1755042087,-25,15.0
2024-01-26 16:15:17,1.7617986567225281,70773.63184534782,-171749.12901839043,70774.48352805714,-171732.16460188924,70772.06631031947,-171745.1755042087,-33,15.0
2024-01-26 16:15:17,2.1998049422109096,70773.63184534782,-171749.12901839043,70774.48352805714,-171732.16460188924,70771.63729354987,-171744.98545676615,-45,15.0
2024-01-26 16:15:18,2.9395492083225627,70773.63184534782,-171749.12901839043,70774.48352805714,-171732.16460188924,70770.91100807776,-171744.69881762128,-61,15.0
2024-01-26 16:15:18,3.8004570842906893,70773.63184534782,-171749.12901839043,70774.48352805714,-171732.16460188924,70770.08026967208,-171744.07628390883,-82,15.0
2024-01-26 16:15:19,3.8004570842906893,70773.63184534782,-171749.12901839043,70774.48352805714,-171732.16460188924,70770.08026967208,-171744.07628390883,-90,15.0
2024-01-26 16:15:19,4.069563763954022,70773.63184534782,-171749.12901839043,70774.48352805714,-171732.16460188924,70769.83035526733,-171743.687247776,-90,15.0
2024-01-26 16:15:20,4.339334304298136,70773.63184534782,-171749.12901839043,70774.48352805714,-171732.16460188924,70769.59036792417,-171743.08723753438,-90,15.0
2024-01-26 16:15:20,4.406366926439892,70773.63184534782,-171749.12901839043,70774.48352805714,-171732.16460188924,70769.5514870969,-171742.52480864548,-90,15.0
2024-01-26 16:15:21,4.263994334178829,70773.63184534782,-171749.12901839043,70774.48352805714,-171732.16460188924,70769.70399691156,-171742.3264598975,-90,15.0
2024-01-26 16:15:21,3.82676141736371,70773.63184534782,-171749.12901839043,70774.48352805714,-171732.16460188924,70770.14600215429,-171742.24236987435,-90,15.0
2024-01-26 16:15:22,3.500388174310453,70773.63184534782,-171749.12901839043,70774.48352805714,-171732.16460188924,70770.46247231588,-171742.44781390732,-90,15.0
2024-01-26 16:15:22,3.204335519735063,70773.63184534782,-171749.12901839043,70774.48352805714,-171732.16460188924,70770.72433382696,-171743.13628404957,-90,15.0
2024-01-26 16:15:23,3.0504349367297934,70773.63184534782,-171749.12901839043,70774.48352805714,-171732.16460188924,70770.84729767038,-171743.75636462064,-90,15.0
2024-01-26 16:15:23,2.9530030713146678,70773.63184534782,-171749.12901839043,70774.48352805714,-171732.16460188924,70770.9275677008,-171744.10065034503,-90,15.0
2024-01-26 16:15:24,3.1072871128373287,70773.63184534782,-171749.12901839043,70774.48352805714,-171732.16460188924,70770.75651343845,-171744.43082101783,-90,15.0
2024-01-26 16:15:24,3.3771902584398794,70773.63184534782,-171749.12901839043,70774.48352805714,-171732.16460188924,70770.4819387171,-171744.51710190202,-90,15.0
2024-01-26 16:15:25,4.1788869700431155,70773.63184534782,-171749.12901839043,70774.48352805714,-171732.16460188924,70769.70325334856,-171744.0386341982,-90,15.0
2024-01-26 16:15:25,4.1788869700431155,70773.63184534782,-171749.12901839043,70774.48352805714,-171732.16460188924,70769.70325334856,-171744.0386341982,-90,15.0
2024-01-26 16:15:26,4.233351959570171,70773.63184534782,-171749.12901839043,70774.48352805714,-171732.16460188924,70769.66329216748,-171743.74837079734,-90,15.0
2024-01-26 16:15:26,4.2341977825972785,70773.63184534782,-171749.12901839043,70774.48352805714,-171732.16460188924,70769.62904115164,-171744.41373775442,-90,15.0
2024-01-26 16:15:27,3.844627189307689,70773.63184534782,-171749.12901839043,70774.48352805714,-171732.16460188924,70769.98682722442,-171745.0566170968,-90,15.0
2024-01-26 16:15:27,3.598791205858081,70773.63184534782,-171749.12901839043,70774.48352805714,-171732.16460188924,70770.21149547283,-171745.48441806276,-90,15.0
2024-01-26 16:15:28,3.338551388320813,70773.63184534782,-171749.12901839043,70774.48352805714,-171732.16460188924,70770.45786522466,-171745.7672202451,-90,15.0
2024-01-26 16:15:29,3.035869644223363,70773.63184534782,-171749.12901839043,70774.48352805714,-171732.16460188924,70770.75084375881,-171745.96808876598,-90,15.0
2024-01-26 16:15:29,2.5017281913075498,70773.63184534782,-171749.12901839043,70774.48352805714,-171732.16460188924,70771.2734875292,-171746.21050730944,-90,15.0
2024-01-26 16:15:30,1.9285900994957301,70773.63184534782,-171749.12901839043,70774.48352805714,-171732.16460188924,70771.82984043901,-171746.55922427305,-90,15.0
2024-01-26 16:15:30,1.4411788887019776,70773.63184534782,-171749.12901839043,70774.48352805714,-171732.16460188924,70772.3058386856,-171746.79878305117,-90,15.0
2024-01-26 16:15:31,0.9422111713805045,70773.63184534782,-171749.12901839043,70774.48352805714,-171732.16460188924,70772.79142379973,-171747.07786439624,-90,15.0
2024-01-26 16:15:31,0.5033130164688339,70773.63184534782,-171749.12901839043,70774.48352805714,-171732.16460188924,70773.21842328589,-171747.32588077013,-90,15.0
2024-01-26 16:15:32,0.31399106156868445,70773.63184534782,-171749.12901839043,70774.48352805714,-171732.16460188924,70773.39651165309,-171747.55438866306,-90,15.0
2024-01-26 16:15:32,-0.06321667789218417,70773.63184534782,-171749.12901839043,70774.48352805714,-171732.16460188924,70773.75084979959,-171748.01938405752,-90,15.0
2024-01-26 16:15:33,-0.23713448279014934,70773.63184534782,-171749.12901839043,70774.48352805714,-171732.16460188924,70773.90079438801,-171748.50126242352,-90,15.0
2024-01-26 16:15:33,-0.4163018815297796,70773.63184534782,-171749.12901839043,70774.48352805714,-171732.16460188924,70774.06382801213,-171748.8271209536,-90,15.0
2024-01-26 16:15:34,-0.57241869405494,70773.63184534782,-171749.12901839043,70774.48352805714,-171732.16460188924,70774.20153839551,-171749.19766956635,-90,15.0
