timestamp,直線との距離:,startx:,starty:,goalx:,goaly:,x:,y:,操作量,sp
2024-02-08 14:14:55,0.0,70791.34586475909,-171735.04918890924,70772.9149468953,-171738.43357661384,70791.34586475909,-171735.04918890924,0,20.0
timestamp,直線との距離:,startx:,starty:,goalx:,goaly:,x:,y:,操作量,sp
2024-02-08 14:14:55,0.0,70791.34586475909,-171735.04918890924,70772.9149468953,-171738.43357661384,70791.34586475909,-171735.04918890924,0,20.0
2024-02-08 14:14:55,0.0,70791.34586475909,-171735.04918890924,70772.9149468953,-171738.43357661384,70791.34586475909,-171735.04918890924,0,20.0
2024-02-08 14:14:55,0.00418184663490018,70791.34586475909,-171735.04918890924,70772.9149468953,-171738.43357661384,70791.35329783376,-171735.05207577132,-1,20.0
2024-02-08 14:14:56,-0.05058405294622586,70791.34586475909,-171735.04918890924,70772.9149468953,-171738.43357661384,70791.05795362496,-171735.05062696568,0,20.0
2024-02-08 14:14:56,-0.24136906645525175,70791.34586475909,-171735.04918890924,70772.9149468953,-171738.43357661384,70790.38486496136,-171734.98024842638,3,20.0
2024-02-08 14:14:57,-0.5056664028819677,70791.34586475909,-171735.04918890924,70772.9149468953,-171738.43357661384,70789.52640564156,-171734.86916727337,6,20.0
2024-02-08 14:14:58,-0.6891749395780228,70791.34586475909,-171735.04918890924,70772.9149468953,-171738.43357661384,70788.92797659997,-171734.79247745397,8,20.0
2024-02-08 14:14:58,-0.9502857227876783,70791.34586475909,-171735.04918890924,70772.9149468953,-171738.43357661384,70787.99961839459,-171734.6974713538,11,20.0
2024-02-08 14:14:59,-1.3739402911359695,70791.34586475909,-171735.04918890924,70772.9149468953,-171738.43357661384,70786.40147297492,-171734.56019388873,16,20.0
2024-02-08 14:14:59,-0.8651256869531524,70791.34586475909,-171735.04918890924,70772.9149468953,-171738.43357661384,70785.97165331333,-171735.1564414484,5,20.0
2024-02-08 14:15:00,-0.9761757249373578,70791.34586475909,-171735.04918890924,70772.9149468953,-171738.43357661384,70785.33045063462,-171735.16127592398,10,20.0
2024-02-08 14:15:00,-1.0883381348615426,70791.34586475909,-171735.04918890924,70772.9149468953,-171738.43357661384,70784.40526713309,-171735.21712556845,11,20.0
2024-02-08 14:15:01,-1.0883381348615426,70791.34586475909,-171735.04918890924,70772.9149468953,-171738.43357661384,70784.40526713309,-171735.21712556845,10,20.0
2024-02-08 14:15:01,-1.1791789380419067,70791.34586475909,-171735.04918890924,70772.9149468953,-171738.43357661384,70782.5304082484,-171735.46903798293,12,20.0
2024-02-08 14:15:02,-1.140286755927606,70791.34586475909,-171735.04918890924,70772.9149468953,-171738.43357661384,70781.93768866168,-171735.61741888814,11,20.0
2024-02-08 14:15:02,-1.1001468435060184,70791.34586475909,-171735.04918890924,70772.9149468953,-171738.43357661384,70781.32240118753,-171735.77121242604,10,20.0
2024-02-08 14:15:03,-0.9745791721994687,70791.34586475909,-171735.04918890924,70772.9149468953,-171738.43357661384,70780.44154027951,-171736.0606280959,8,20.0
2024-02-08 14:15:04,-0.8641606384132433,70791.34586475909,-171735.04918890924,70772.9149468953,-171738.43357661384,70779.87528477263,-171736.2768717492,7,20.0
2024-02-08 14:15:04,-0.6693947025910343,70791.34586475909,-171735.04918890924,70772.9149468953,-171738.43357661384,70779.04672912833,-171736.6270380538,5,20.0
2024-02-08 14:15:05,-0.2487645875996537,70791.34586475909,-171735.04918890924,70772.9149468953,-171738.43357661384,70777.66898032754,-171737.30769075578,-1,20.0
2024-02-08 14:15:05,-0.045359500461088706,70791.34586475909,-171735.04918890924,70772.9149468953,-171738.43357661384,70777.14610559755,-171737.61050982258,-1,20.0
2024-02-08 14:15:06,0.25146733624024936,70791.34586475909,-171735.04918890924,70772.9149468953,-171738.43357661384,70776.37142477761,-171738.0545506305,-5,20.0
2024-02-08 14:15:06,0.44219312691762735,70791.34586475909,-171735.04918890924,70772.9149468953,-171738.43357661384,70775.86922112695,-171738.34068267196,-6,20.0
2024-02-08 14:15:07,0.7043520264615458,70791.34586475909,-171735.04918890924,70772.9149468953,-171738.43357661384,70775.10266838943,-171738.74798339172,-9,20.0
2024-02-08 14:15:07,0.7043520264615458,70791.34586475909,-171735.04918890924,70772.9149468953,-171738.43357661384,70775.10266838943,-171738.74798339172,-8,20.0
timestamp,直線との距離:,startx:,starty:,goalx:,goaly:,x:,y:,操作量,sp
2024-02-08 14:15:08,0.0,70773.52342726801,-171739.4071650708,70767.81304474265,-171743.65567093433,70773.52342726801,-171739.4071650708,0,25.0
2024-02-08 14:15:08,-0.19338336508421503,70773.52342726801,-171739.4071650708,70767.81304474265,-171743.65567093433,70772.97776577578,-171739.57210099587,2,25.0
2024-02-08 14:15:09,-0.19338336508421503,70773.52342726801,-171739.4071650708,70767.81304474265,-171743.65567093433,70772.97776577578,-171739.57210099587,1,25.0
2024-02-08 14:15:10,-0.7764510769073519,70773.52342726801,-171739.4071650708,70767.81304474265,-171743.65567093433,70771.28032444912,-171740.10825193053,8,25.0
2024-02-08 14:15:10,-1.0403091252175596,70773.52342726801,-171739.4071650708,70767.81304474265,-171743.65567093433,70770.4075921639,-171740.42868729398,10,25.0
2024-02-08 14:15:11,-1.2013839993212085,70773.52342726801,-171739.4071650708,70767.81304474265,-171743.65567093433,70769.81538757421,-171740.66852066937,12,25.0
2024-02-08 14:15:11,-1.3892275453257898,70773.52342726801,-171739.4071650708,70767.81304474265,-171743.65567093433,70768.917616753,-171741.1023296508,14,25.0
2024-02-08 14:15:12,-1.5206757635735475,70773.52342726801,-171739.4071650708,70767.81304474265,-171743.65567093433,70768.02354674408,-171741.60367678734,15,25.0
2024-02-08 14:15:12,-1.5206757635735475,70773.52342726801,-171739.4071650708,70767.81304474265,-171743.65567093433,70768.02354674408,-171741.60367678734,15,25.0
2024-02-08 14:15:13,-1.5205720679601733,70773.52342726801,-171739.4071650708,70767.81304474265,-171743.65567093433,70767.49065322329,-171742.0002770654,15,25.0
2024-02-08 14:15:13,-1.4675385714713973,70773.52342726801,-171739.4071650708,70767.81304474265,-171743.65567093433,70766.70531182265,-171742.65066982716,14,25.0
timestamp,直線との距離:,startx:,starty:,goalx:,goaly:,x:,y:,操作量,sp
2024-02-08 14:15:14,0.0,70765.77247349882,-171743.8181699445,70767.4504649894,-171758.08261034725,70765.77247349882,-171743.8181699445,-11,35.0
2024-02-08 14:15:14,-0.03113337965107435,70765.77247349882,-171743.8181699445,70767.4504649894,-171758.08261034725,70765.75682481761,-171743.9516287306,0,35.0
2024-02-08 14:15:15,-0.16707777642869237,70765.77247349882,-171743.8181699445,70767.4504649894,-171758.08261034725,70765.6111439014,-171743.87682794727,2,35.0
2024-02-08 14:15:15,-0.16707777642869237,70765.77247349882,-171743.8181699445,70767.4504649894,-171758.08261034725,70765.6111439014,-171743.87682794727,1,35.0
2024-02-08 14:15:16,0.3159175064494462,70765.77247349882,-171743.8181699445,70767.4504649894,-171758.08261034725,70766.05275388378,-171743.49670471356,-7,35.0
2024-02-08 14:15:17,0.35470950677711083,70765.77247349882,-171743.8181699445,70767.4504649894,-171758.08261034725,70766.11658682549,-171743.70730148884,-4,35.0
2024-02-08 14:15:17,0.40619589475676826,70765.77247349882,-171743.8181699445,70767.4504649894,-171758.08261034725,70766.22842604725,-171744.21733709934,-5,35.0
2024-02-08 14:15:18,0.5107038072832205,70765.77247349882,-171743.8181699445,70767.4504649894,-171758.08261034725,70766.44805789366,-171745.18986857,-6,35.0
2024-02-08 14:15:18,0.6327151964518344,70765.77247349882,-171743.8181699445,70767.4504649894,-171758.08261034725,70766.70308673156,-171746.3134850781,-8,35.0
2024-02-08 14:15:19,0.6327151964518344,70765.77247349882,-171743.8181699445,70767.4504649894,-171758.08261034725,70766.70308673156,-171746.3134850781,-7,35.0
2024-02-08 14:15:19,0.5358083866437042,70765.77247349882,-171743.8181699445,70767.4504649894,-171758.08261034725,70766.82796359978,-171748.20452649545,-5,35.0
2024-02-08 14:15:20,0.38040928480508834,70765.77247349882,-171743.8181699445,70767.4504649894,-171758.08261034725,70766.76349802302,-171748.98665218748,-3,35.0
2024-02-08 14:15:20,0.40676898697376107,70765.77247349882,-171743.8181699445,70767.4504649894,-171758.08261034725,70766.77599905028,-171748.86729587757,-5,35.0
2024-02-08 14:15:21,0.6935984462328759,70765.77247349882,-171743.8181699445,70767.4504649894,-171758.08261034725,70767.02513319984,-171748.53003919325,-9,35.0
2024-02-08 14:15:21,1.1717390533530818,70765.77247349882,-171743.8181699445,70767.4504649894,-171758.08261034725,70767.44769975255,-171748.02958331775,-16,35.0
2024-02-08 14:15:22,1.5506480779865057,70765.77247349882,-171743.8181699445,70767.4504649894,-171758.08261034725,70767.80496947591,-171747.82341991668,-19,35.0
2024-02-08 14:15:23,1.5506480779865057,70765.77247349882,-171743.8181699445,70767.4504649894,-171758.08261034725,70767.80496947591,-171747.82341991668,-16,35.0
2024-02-08 14:15:23,1.6791121703633016,70765.77247349882,-171743.8181699445,70767.4504649894,-171758.08261034725,70767.92870534866,-171747.77569583754,-18,35.0
2024-02-08 14:15:24,1.8201014244221856,70765.77247349882,-171743.8181699445,70767.4504649894,-171758.08261034725,70768.17578137845,-171748.66926495518,-20,35.0
2024-02-08 14:15:24,1.7934486413337438,70765.77247349882,-171743.8181699445,70767.4504649894,-171758.08261034725,70768.26968322613,-171749.69565025685,-18,35.0
2024-02-08 14:15:25,1.6511200133280395,70765.77247349882,-171743.8181699445,70767.4504649894,-171758.08261034725,70768.21372922276,-171750.43825505662,-16,35.0
2024-02-08 14:15:25,1.4568692567937196,70765.77247349882,-171743.8181699445,70767.4504649894,-171758.08261034725,70768.10299050466,-171751.15956871957,-14,35.0
2024-02-08 14:15:26,0.9740154420632424,70765.77247349882,-171743.8181699445,70767.4504649894,-171758.08261034725,70767.73413375297,-171752.15694910305,-7,35.0
2024-02-08 14:15:26,0.8973990217891601,70765.77247349882,-171743.8181699445,70767.4504649894,-171758.08261034725,70767.70719943743,-171752.58378267003,-9,35.0
2024-02-08 14:15:27,0.77095200567403,70765.77247349882,-171743.8181699445,70767.4504649894,-171758.08261034725,70767.59632503825,-171752.72357567135,-7,35.0
2024-02-08 14:15:27,0.7457706843395217,70765.77247349882,-171743.8181699445,70767.4504649894,-171758.08261034725,70767.57696055737,-171752.77450006767,-8,35.0
2024-02-08 14:15:28,0.842583325203259,70765.77247349882,-171743.8181699445,70767.4504649894,-171758.08261034725,70767.62553305512,-171752.35874066871,-10,35.0
2024-02-08 14:15:29,1.087593181692151,70765.77247349882,-171743.8181699445,70767.4504649894,-171758.08261034725,70767.7938676035,-171751.6925701217,-13,35.0
2024-02-08 14:15:29,1.2191426988191831,70765.77247349882,-171743.8181699445,70767.4504649894,-171758.08261034725,70767.86164754577,-171751.1427604436,-14,35.0
2024-02-08 14:15:30,1.4081981852820875,70765.77247349882,-171743.8181699445,70767.4504649894,-171758.08261034725,70767.993134279,-171750.64229261508,-16,35.0
2024-02-08 14:15:30,1.5936081898069563,70765.77247349882,-171743.8181699445,70767.4504649894,-171758.08261034725,70768.13877033177,-171750.29331032204,-18,35.0
2024-02-08 14:15:31,1.9051540425902025,70765.77247349882,-171743.8181699445,70767.4504649894,-171758.08261034725,70768.44167116456,-171750.20155853286,-22,35.0
2024-02-08 14:15:31,1.8793002837810198,70765.77247349882,-171743.8181699445,70767.4504649894,-171758.08261034725,70768.44577605597,-171750.45774949138,-19,35.0
2024-02-08 14:15:32,1.6497314569517982,70765.77247349882,-171743.8181699445,70767.4504649894,-171758.08261034725,70768.23906698341,-171750.66553423612,-15,35.0
2024-02-08 14:15:32,1.5607349843536522,70765.77247349882,-171743.8181699445,70767.4504649894,-171758.08261034725,70768.20220542658,-171751.11394456745,-15,35.0
2024-02-08 14:15:33,1.3941862327615187,70765.77247349882,-171743.8181699445,70767.4504649894,-171758.08261034725,70768.1083413275,-171751.74159193,-13,35.0
2024-02-08 14:15:33,1.2626124710265254,70765.77247349882,-171743.8181699445,70767.4504649894,-171758.08261034725,70768.0861744374,-171752.67936119443,-12,35.0
2024-02-08 14:15:34,1.1300009564972928,70765.77247349882,-171743.8181699445,70767.4504649894,-171758.08261034725,70768.00934316046,-171753.1613165524,-11,35.0
2024-02-08 14:15:34,1.0653356804606595,70765.77247349882,-171743.8181699445,70767.4504649894,-171758.08261034725,70768.00362951036,-171753.6662488874,-11,35.0
2024-02-08 14:15:35,0.8952135385434566,70765.77247349882,-171743.8181699445,70767.4504649894,-171758.08261034725,70767.91565589921,-171754.37455720204,-8,35.0
2024-02-08 14:15:36,0.990499317995447,70765.77247349882,-171743.8181699445,70767.4504649894,-171758.08261034725,70768.0611461411,-171754.79575519677,-11,35.0
2024-02-08 14:15:36,1.1537756937155736,70765.77247349882,-171743.8181699445,70767.4504649894,-171758.08261034725,70768.29200321682,-171755.3606815926,-13,35.0
2024-02-08 14:15:37,1.4561273318707337,70765.77247349882,-171743.8181699445,70767.4504649894,-171758.08261034725,70768.62968518896,-171755.6432988775,-17,35.0
2024-02-08 14:15:37,1.5654340217260514,70765.77247349882,-171743.8181699445,70767.4504649894,-171758.08261034725,70768.76739285808,-171755.87832577052,-17,35.0
2024-02-08 14:15:38,1.7467160448888162,70765.77247349882,-171743.8181699445,70767.4504649894,-171758.08261034725,70768.98918885714,-171756.21210520572,-19,35.0
2024-02-08 14:15:38,1.9132484667393368,70765.77247349882,-171743.8181699445,70767.4504649894,-171758.08261034725,70769.19528112652,-171756.53863824057,-21,35.0
2024-02-08 14:15:39,1.9659397983984974,70765.77247349882,-171743.8181699445,70767.4504649894,-171758.08261034725,70769.28225050833,-171756.82694405553,-21,35.0
2024-02-08 14:15:39,2.099475446330755,70765.77247349882,-171743.8181699445,70767.4504649894,-171758.08261034725,70769.44991562025,-171757.10924804752,-22,35.0
2024-02-08 14:15:40,2.292752505499311,70765.77247349882,-171743.8181699445,70767.4504649894,-171758.08261034725,70769.68092535669,-171757.4186808454,-25,35.0
2024-02-08 14:15:40,2.454757358612489,70765.77247349882,-171743.8181699445,70767.4504649894,-171758.08261034725,70769.87004340121,-171757.6396714668,-26,35.0
2024-02-08 14:15:41,2.6528929613640146,70765.77247349882,-171743.8181699445,70767.4504649894,-171758.08261034725,70770.1212968506,-171758.07960728978,-28,35.0
2024-02-08 14:15:41,2.7717565027085667,70765.77247349882,-171743.8181699445,70767.4504649894,-171758.08261034725,70770.27775199158,-171758.39220256457,-29,35.0
2024-02-08 14:15:42,3.268700408941971,70765.77247349882,-171743.8181699445,70767.4504649894,-171758.08261034725,70770.76665009068,-171758.29467747893,-37,35.0
2024-02-08 14:15:43,3.9745503703283744,70765.77247349882,-171743.8181699445,70767.4504649894,-171758.08261034725,70771.46932040072,-171758.2262740323,-45,35.0
2024-02-08 14:15:43,4.511193148454861,70765.77247349882,-171743.8181699445,70767.4504649894,-171758.08261034725,70771.9900079292,-171758.05918459708,-49,35.0
2024-02-08 14:15:44,4.90206790673683,70765.77247349882,-171743.8181699445,70767.4504649894,-171758.08261034725,70772.37329858515,-171757.97180168412,-52,35.0
2024-02-08 14:15:44,5.054284022277441,70765.77247349882,-171743.8181699445,70767.4504649894,-171758.08261034725,70772.50678242574,-171757.80363827996,-52,35.0
2024-02-08 14:15:45,4.811218774249002,70765.77247349882,-171743.8181699445,70767.4504649894,-171758.08261034725,70772.27779893902,-171757.93759326663,-47,35.0
2024-02-08 14:15:45,4.520156126371295,70765.77247349882,-171743.8181699445,70767.4504649894,-171758.08261034725,70772.00010960165,-171758.0683391604,-44,35.0
2024-02-08 14:15:46,4.000571376785295,70765.77247349882,-171743.8181699445,70767.4504649894,-171758.08261034725,70771.4893553256,-171758.17386171548,-37,35.0
2024-02-08 14:15:46,3.6553531201126677,70765.77247349882,-171743.8181699445,70767.4504649894,-171758.08261034725,70771.16294465105,-171758.3539781595,-35,35.0
2024-02-08 14:15:47,3.0326351871887542,70765.77247349882,-171743.8181699445,70767.4504649894,-171758.08261034725,70770.5601074979,-171758.55948345296,-26,35.0
2024-02-08 14:15:47,2.4278145494617522,70765.77247349882,-171743.8181699445,70767.4504649894,-171758.08261034725,70769.99127965885,-171758.90090637843,-21,35.0
2024-02-08 14:15:48,1.8283887676616626,70765.77247349882,-171743.8181699445,70767.4504649894,-171758.08261034725,70769.40153472454,-171759.01833777773,-15,35.0
2024-02-08 14:15:49,1.465208367484303,70765.77247349882,-171743.8181699445,70767.4504649894,-171758.08261034725,70769.06197572041,-171759.24042883463,-13,35.0
2024-02-08 14:15:49,1.104238515669752,70765.77247349882,-171743.8181699445,70767.4504649894,-171758.08261034725,70768.71950618665,-171759.41885654014,-9,35.0
2024-02-08 14:15:50,0.7406079126443744,70765.77247349882,-171743.8181699445,70767.4504649894,-171758.08261034725,70768.36213565429,-171759.49338706836,-5,35.0
2024-02-08 14:15:50,0.48933305669037785,70765.77247349882,-171743.8181699445,70767.4504649894,-171758.08261034725,70768.12717982761,-171759.6468420577,-4,35.0
2024-02-08 14:15:51,-0.016686006850563352,70765.77247349882,-171743.8181699445,70767.4504649894,-171758.08261034725,70767.6320914884,-171759.7694234823,3,35.0
2024-02-08 14:15:51,-0.4507290802387997,70765.77247349882,-171743.8181699445,70767.4504649894,-171758.08261034725,70767.21373968212,-171759.9282549246,7,35.0
2024-02-08 14:15:52,-0.8312847392455546,70765.77247349882,-171743.8181699445,70767.4504649894,-171758.08261034725,70766.83367018952,-171759.95469412734,10,35.0
2024-02-08 14:15:52,-0.9942863705623327,70765.77247349882,-171743.8181699445,70767.4504649894,-171758.08261034725,70766.66865244432,-171759.94710971657,11,35.0
2024-02-08 14:15:53,-1.0832228288638153,70765.77247349882,-171743.8181699445,70767.4504649894,-171758.08261034725,70766.59082540599,-171760.04676283078,11,35.0
2024-02-08 14:15:53,-0.9056451858156376,70765.77247349882,-171743.8181699445,70767.4504649894,-171758.08261034725,70766.80922222497,-171760.3833538745,7,35.0
2024-02-08 14:15:54,-0.9056645379702822,70765.77247349882,-171743.8181699445,70767.4504649894,-171758.08261034725,70766.81357508119,-171760.42052272163,9,35.0
2024-02-08 14:15:55,-0.9891820636917956,70765.77247349882,-171743.8181699445,70767.4504649894,-171758.08261034725,70766.7086773632,-171760.24366721016,10,35.0
2024-02-08 14:15:55,-0.9673903182398034,70765.77247349882,-171743.8181699445,70767.4504649894,-171758.08261034725,70766.67360082481,-171759.7589582022,9,35.0
2024-02-08 14:15:56,-1.1444788202396312,70765.77247349882,-171743.8181699445,70767.4504649894,-171758.08261034725,70766.4745121298,-171759.58231680785,12,35.0
2024-02-08 14:15:56,-1.3278418205887144,70765.77247349882,-171743.8181699445,70767.4504649894,-171758.08261034725,70766.28547132305,-171759.5447981956,14,35.0
2024-02-08 14:15:57,-1.4928122719854355,70765.77247349882,-171743.8181699445,70767.4504649894,-171758.08261034725,70766.09963559161,-171759.3770942826,16,35.0
2024-02-08 14:15:57,-1.6270452634154176,70765.77247349882,-171743.8181699445,70767.4504649894,-171758.08261034725,70765.89302768138,-171758.76971032078,17,35.0
2024-02-08 14:15:58,-1.5775863109611397,70765.77247349882,-171743.8181699445,70767.4504649894,-171758.08261034725,70765.89493388576,-171758.3625700458,15,35.0
timestamp,直線との距離:,startx:,starty:,goalx:,goaly:,x:,y:,操作量,sp
2024-02-08 14:15:58,0.0,70765.94220525652,-171758.12955617986,70776.22406187186,-171762.44386814098,70765.94220525652,-171758.12955617986,-2,25.0
2024-02-08 14:15:59,0.2766778580003436,70765.94220525652,-171758.12955617986,70776.22406187186,-171762.44386814098,70765.92827336278,-171757.82366239783,-4,25.0
2024-02-08 14:15:59,0.18357942766301116,70765.94220525652,-171758.12955617986,70776.22406187186,-171762.44386814098,70765.77260581731,-171757.85930575465,-2,25.0
2024-02-08 14:16:00,0.27856446545073416,70765.94220525652,-171758.12955617986,70776.22406187186,-171762.44386814098,70765.78009432442,-171757.7594398631,-3,25.0
2024-02-08 14:16:00,0.37354955954248326,70765.94220525652,-171758.12955617986,70776.22406187186,-171762.44386814098,70765.91467393708,-171757.71290189365,-4,25.0
2024-02-08 14:16:01,0.36425191801523465,70765.94220525652,-171758.12955617986,70776.22406187186,-171762.44386814098,70765.9217989393,-171757.7259745575,-4,25.0
2024-02-08 14:16:02,0.34402242157896534,70765.94220525652,-171758.12955617986,70776.22406187186,-171762.44386814098,70765.89875203793,-171757.73824219042,-4,25.0
2024-02-08 14:16:02,0.3303223486316223,70765.94220525652,-171758.12955617986,70776.22406187186,-171762.44386814098,70765.88485852958,-171757.74726968526,-4,25.0
2024-02-08 14:16:03,-0.2746440423586518,70765.94220525652,-171758.12955617986,70776.22406187186,-171762.44386814098,70765.55845582564,-171758.2663755353,3,25.0
2024-02-08 14:16:03,-1.1499543377802826,70765.94220525652,-171758.12955617986,70776.22406187186,-171762.44386814098,70765.0961044669,-171759.0216156732,12,25.0
2024-02-08 14:16:04,-1.6693149075704676,70765.94220525652,-171758.12955617986,70776.22406187186,-171762.44386814098,70764.81254324358,-171759.46586134107,17,25.0
2024-02-08 14:16:04,-2.0146427186992,70765.94220525652,-171758.12955617986,70776.22406187186,-171762.44386814098,70764.67218994709,-171759.78146496505,20,25.0
2024-02-08 14:16:05,-2.6090291458191173,70765.94220525652,-171758.12955617986,70776.22406187186,-171762.44386814098,70764.51379408583,-171760.35959360283,26,25.0
2024-02-08 14:16:05,-2.7914810494511886,70765.94220525652,-171758.12955617986,70776.22406187186,-171762.44386814098,70764.58672021775,-171760.58805672373,28,25.0
2024-02-08 14:16:06,-2.82014373015159,70765.94220525652,-171758.12955617986,70776.22406187186,-171762.44386814098,70764.65354258643,-171760.64717940177,28,25.0
2024-02-08 14:16:06,-2.9244429751415866,70765.94220525652,-171758.12955617986,70776.22406187186,-171762.44386814098,70764.68760263195,-171760.77458019427,29,25.0
2024-02-08 14:16:07,-3.325813541016835,70765.94220525652,-171758.12955617986,70776.22406187186,-171762.44386814098,70764.61520006627,-171761.179472738,33,25.0
2024-02-08 14:16:08,-3.6633922502588714,70765.94220525652,-171758.12955617986,70776.22406187186,-171762.44386814098,70764.54911571377,-171761.51783629315,36,25.0
2024-02-08 14:16:08,-3.6633922502588714,70765.94220525652,-171758.12955617986,70776.22406187186,-171762.44386814098,70764.54911571377,-171761.51783629315,36,25.0
2024-02-08 14:16:09,-3.7150887568985858,70765.94220525652,-171758.12955617986,70776.22406187186,-171762.44386814098,70764.57116655126,-171761.58315205618,37,25.0
2024-02-08 14:16:09,-3.952197157741461,70765.94220525652,-171758.12955617986,70776.22406187186,-171762.44386814098,70764.5298595652,-171761.82295560787,39,25.0
2024-02-08 14:16:10,-4.06574858989497,70765.94220525652,-171758.12955617986,70776.22406187186,-171762.44386814098,70764.50481350333,-171761.93558890748,40,25.0
2024-02-08 14:16:10,-4.048430201534504,70765.94220525652,-171758.12955617986,70776.22406187186,-171762.44386814098,70764.57264296574,-171761.94526923238,40,25.0
2024-02-08 14:16:11,-4.16912423330183,70765.94220525652,-171758.12955617986,70776.22406187186,-171762.44386814098,70764.6682953201,-171762.11629402562,41,25.0
2024-02-08 14:16:11,-4.18948128358404,70765.94220525652,-171758.12955617986,70776.22406187186,-171762.44386814098,70764.78321877848,-171762.18659295217,41,25.0
2024-02-08 14:16:12,-4.174996119507328,70765.94220525652,-171758.12955617986,70776.22406187186,-171762.44386814098,70764.8611311479,-171762.20357664605,41,25.0
2024-02-08 14:16:12,-4.102177433648625,70765.94220525652,-171758.12955617986,70776.22406187186,-171762.44386814098,70765.01344261719,-171762.18851777073,40,25.0
2024-02-08 14:16:13,-4.073546370101056,70765.94220525652,-171758.12955617986,70776.22406187186,-171762.44386814098,70765.06889248053,-171762.18073534325,40,25.0
2024-02-08 14:16:13,-4.098341434793876,70765.94220525652,-171758.12955617986,70776.22406187186,-171762.44386814098,70765.08128321088,-171762.21282396757,41,25.0
2024-02-08 14:16:14,-4.103443636803878,70765.94220525652,-171758.12955617986,70776.22406187186,-171762.44386814098,70765.10158048871,-171762.22687396177,41,25.0
2024-02-08 14:16:15,-4.074325671550218,70765.94220525652,-171758.12955617986,70776.22406187186,-171762.44386814098,70765.14835028109,-171762.21492130993,40,25.0
2024-02-08 14:16:15,-4.053616266808028,70765.94220525652,-171758.12955617986,70776.22406187186,-171762.44386814098,70765.1631302843,-171762.19866440594,40,25.0
2024-02-08 14:16:16,-4.019789623465306,70765.94220525652,-171758.12955617986,70776.22406187186,-171762.44386814098,70765.21618200677,-171762.18424127527,40,25.0
2024-02-08 14:16:16,-4.019789623465306,70765.94220525652,-171758.12955617986,70776.22406187186,-171762.44386814098,70765.21618200677,-171762.18424127527,40,25.0
2024-02-08 14:16:17,-3.97619867679111,70765.94220525652,-171758.12955617986,70776.22406187186,-171762.44386814098,70765.28138067221,-171762.16432599403,39,25.0
2024-02-08 14:16:17,-4.034815193101642,70765.94220525652,-171758.12955617986,70776.22406187186,-171762.44386814098,70765.30061633719,-171762.23596501778,40,25.0
2024-02-08 14:16:18,-4.057100954759543,70765.94220525652,-171758.12955617986,70776.22406187186,-171762.44386814098,70765.31201551587,-171762.26491632735,40,25.0
2024-02-08 14:16:18,-4.105557609868264,70765.94220525652,-171758.12955617986,70776.22406187186,-171762.44386814098,70765.32673283906,-171762.32364140495,41,25.0
2024-02-08 14:16:19,-4.140144590589264,70765.94220525652,-171758.12955617986,70776.22406187186,-171762.44386814098,70765.34198553166,-171762.36754992712,41,25.0
2024-02-08 14:16:19,-4.172646944881158,70765.94220525652,-171758.12955617986,70776.22406187186,-171762.44386814098,70765.33449577137,-171762.39965490892,41,25.0
2024-02-08 14:16:20,-4.203110494318354,70765.94220525652,-171758.12955617986,70776.22406187186,-171762.44386814098,70765.3571384003,-171762.44219255712,42,25.0
2024-02-08 14:16:20,-4.270573489336693,70765.94220525652,-171758.12955617986,70776.22406187186,-171762.44386814098,70765.35017224429,-171762.51243089308,42,25.0
2024-02-08 14:16:21,-4.302026722014722,70765.94220525652,-171758.12955617986,70776.22406187186,-171762.44386814098,70765.32421995745,-171762.53565118072,43,25.0
2024-02-08 14:16:21,-4.302026722014722,70765.94220525652,-171758.12955617986,70776.22406187186,-171762.44386814098,70765.32421995745,-171762.53565118072,43,25.0
2024-02-08 14:16:22,-3.9521872743452655,70765.94220525652,-171758.12955617986,70776.22406187186,-171762.44386814098,70765.44235481624,-171762.20583188403,39,25.0
2024-02-08 14:16:23,-3.782899358106486,70765.94220525652,-171758.12955617986,70776.22406187186,-171762.44386814098,70765.41418667274,-171762.0104253154,37,25.0
2024-02-08 14:16:23,-3.4431166135384097,70765.94220525652,-171758.12955617986,70776.22406187186,-171762.44386814098,70765.59095229782,-171761.71611390312,34,25.0
2024-02-08 14:16:24,-3.3059987731398492,70765.94220525652,-171758.12955617986,70776.22406187186,-171762.44386814098,70765.6560824257,-171761.5947430699,32,25.0
2024-02-08 14:16:24,-3.266465116540457,70765.94220525652,-171758.12955617986,70776.22406187186,-171762.44386814098,70765.76015546243,-171761.59553964032,32,25.0
2024-02-08 14:16:25,-3.2613249118355028,70765.94220525652,-171758.12955617986,70776.22406187186,-171762.44386814098,70765.84464258142,-171761.62541642424,32,25.0
2024-02-08 14:16:25,-3.2241284024313126,70765.94220525652,-171758.12955617986,70776.22406187186,-171762.44386814098,70765.90275175951,-171761.60946091684,32,25.0
2024-02-08 14:16:26,-3.176764569260705,70765.94220525652,-171758.12955617986,70776.22406187186,-171762.44386814098,70766.09637688528,-171761.63934237006,31,25.0
