timestamp,直線との距離:,startx:,starty:,goalx:,goaly:,x:,y:,操作量,sp
2024-01-26 16:51:06,-0.0,70770.32433918533,-171743.0094450808,70774.48352805714,-171732.16460188924,70770.32433918533,-171743.0094450808,0,15.0
timestamp,直線との距離:,startx:,starty:,goalx:,goaly:,x:,y:,操作量,sp
2024-01-26 16:51:07,-0.0,70770.32433918533,-171743.0094450808,70774.48352805714,-171732.16460188924,70770.32433918533,-171743.0094450808,0,15.0
2024-01-26 16:51:07,-0.0,70770.32433918533,-171743.0094450808,70774.48352805714,-171732.16460188924,70770.32433918533,-171743.0094450808,0,15.0
2024-01-26 16:51:08,0.021810815952424116,70770.32433918533,-171743.0094450808,70774.48352805714,-171732.16460188924,70770.31478802135,-171742.97343976086,-1,15.0
2024-01-26 16:51:08,0.18229349276673454,70770.32433918533,-171743.0094450808,70774.48352805714,-171732.16460188924,70770.23048310602,-171742.74509202878,-1,15.0
2024-01-26 16:51:09,0.5710932145177674,70770.32433918533,-171743.0094450808,70774.48352805714,-171732.16460188924,70769.96035395104,-171742.36366636466,-2,15.0
2024-01-26 16:51:09,1.3791091398799815,70770.32433918533,-171743.0094450808,70774.48352805714,-171732.16460188924,70769.40763570092,-171741.54836178562,-3,15.0
2024-01-26 16:51:10,1.7564664263170877,70770.32433918533,-171743.0094450808,70774.48352805714,-171732.16460188924,70769.06876272113,-171741.37813607662,-5,15.0
2024-01-26 16:51:10,1.7564664263170877,70770.32433918533,-171743.0094450808,70774.48352805714,-171732.16460188924,70769.06876272113,-171741.37813607662,-7,15.0
2024-01-26 16:51:11,2.372394812960728,70770.32433918533,-171743.0094450808,70774.48352805714,-171732.16460188924,70768.47458975553,-171741.207350676,-10,15.0
2024-01-26 16:51:11,3.3402531426108553,70770.32433918533,-171743.0094450808,70774.48352805714,-171732.16460188924,70767.40479399143,-171741.29391579778,-14,15.0
2024-01-26 16:51:12,3.3402531426108553,70770.32433918533,-171743.0094450808,70774.48352805714,-171732.16460188924,70767.40479399143,-171741.29391579778,-17,15.0
2024-01-26 16:51:12,3.714479375982044,70770.32433918533,-171743.0094450808,70774.48352805714,-171732.16460188924,70766.95260021115,-171741.42791134457,-21,15.0
2024-01-26 16:51:13,4.469650839571064,70770.32433918533,-171743.0094450808,70774.48352805714,-171732.16460188924,70765.96828158491,-171741.88555440813,-26,15.0
2024-01-26 16:51:13,4.828367347214056,70770.32433918533,-171743.0094450808,70774.48352805714,-171732.16460188924,70765.44344855173,-171742.25226542813,-31,15.0
2024-01-26 16:51:14,4.828367347214056,70770.32433918533,-171743.0094450808,70774.48352805714,-171732.16460188924,70765.44344855173,-171742.25226542813,-35,15.0
2024-01-26 16:51:14,5.228164562599339,70770.32433918533,-171743.0094450808,70774.48352805714,-171732.16460188924,70764.88756128596,-171742.5852255525,-41,15.0
2024-01-26 16:51:15,5.518631581628362,70770.32433918533,-171743.0094450808,70774.48352805714,-171732.16460188924,70764.49912273728,-171742.78689109557,-47,15.0
2024-01-26 16:51:15,6.002497051233299,70770.32433918533,-171743.0094450808,70774.48352805714,-171732.16460188924,70763.88428030307,-171743.03880230556,-53,15.0
2024-01-26 16:51:16,6.526985204737733,70770.32433918533,-171743.0094450808,70774.48352805714,-171732.16460188924,70763.25669641231,-171743.21049220965,-60,15.0
2024-01-26 16:51:16,6.932855183849055,70770.32433918533,-171743.0094450808,70774.48352805714,-171732.16460188924,70762.82807458255,-171743.19465615778,-67,15.0
2024-01-26 16:51:17,7.500666275145345,70770.32433918533,-171743.0094450808,70774.48352805714,-171732.16460188924,70762.29119747793,-171743.0088486812,-75,15.0
2024-01-26 16:51:17,7.811691728319373,70770.32433918533,-171743.0094450808,70774.48352805714,-171732.16460188924,70762.03269733705,-171742.81429538745,-82,15.0
2024-01-26 16:51:18,8.496135501092516,70770.32433918533,-171743.0094450808,70774.48352805714,-171732.16460188924,70761.70472556721,-171741.75806808023,-91,15.0
2024-01-26 16:51:18,8.496135501092516,70770.32433918533,-171743.0094450808,70774.48352805714,-171732.16460188924,70761.70472556721,-171741.75806808023,-90,15.0
2024-01-26 16:51:19,8.656763063006123,70770.32433918533,-171743.0094450808,70774.48352805714,-171732.16460188924,70761.66930636895,-171741.4018490731,-90,15.0
2024-01-26 16:51:19,8.746688049446714,70770.32433918533,-171743.0094450808,70774.48352805714,-171732.16460188924,70761.77983343616,-171740.86252942658,-90,15.0
2024-01-26 16:51:20,8.555847135622589,70770.32433918533,-171743.0094450808,70774.48352805714,-171732.16460188924,70762.03328297852,-171740.73462154125,-90,15.0
2024-01-26 16:51:20,7.575881493388872,70770.32433918533,-171743.0094450808,70774.48352805714,-171732.16460188924,70762.96783132176,-171741.0345173878,-90,15.0
2024-01-26 16:51:21,7.188203973080657,70770.32433918533,-171743.0094450808,70774.48352805714,-171732.16460188924,70763.1886389762,-171741.5414121097,-90,15.0
2024-01-26 16:51:21,6.948425387917808,70770.32433918533,-171743.0094450808,70774.48352805714,-171732.16460188924,70763.31707358689,-171741.87613794405,-90,15.0
2024-01-26 16:51:22,6.757977019525902,70770.32433918533,-171743.0094450808,70774.48352805714,-171732.16460188924,70763.36573789008,-171742.28109943273,-90,15.0
2024-01-26 16:51:23,6.730593287772705,70770.32433918533,-171743.0094450808,70774.48352805714,-171732.16460188924,70763.3077188542,-171742.5088531834,-90,15.0
2024-01-26 16:51:23,6.896574256873164,70770.32433918533,-171743.0094450808,70774.48352805714,-171732.16460188924,70763.0238311926,-171742.7855511924,-90,15.0
2024-01-26 16:51:24,7.178830632950871,70770.32433918533,-171743.0094450808,70774.48352805714,-171732.16460188924,70762.69319094946,-171742.85944025868,-90,15.0
