timestamp,直線との距離:,startx:,starty:,goalx:,goaly:,x:,y:,操作量,sp
2024-02-09 11:42:51,0.0,70788.0777413012,-171737.4398861166,70772.9149468953,-171738.43357661384,70788.0777413012,-171737.4398861166,0,20.0
2024-02-09 11:42:51,0.0,70788.0777413012,-171737.4398861166,70772.9149468953,-171738.43357661384,70788.0777413012,-171737.4398861166,0,20.0
2024-02-09 11:42:51,-0.04338099209899674,70788.0777413012,-171737.4398861166,70772.9149468953,-171738.43357661384,70788.09840136374,-171737.39505811498,0,20.0
2024-02-09 11:42:52,-0.0636461120482205,70788.0777413012,-171737.4398861166,70772.9149468953,-171738.43357661384,70788.00584648458,-171737.38081508852,0,20.0
2024-02-09 11:42:52,-0.015006962725225963,70788.0777413012,-171737.4398861166,70772.9149468953,-171738.43357661384,70787.6892841937,-171737.45030441607,-1,20.0
2024-02-09 11:42:53,0.16922001567794093,70788.0777413012,-171737.4398861166,70772.9149468953,-171738.43357661384,70786.54364162232,-171737.71000602195,-3,20.0
2024-02-09 11:42:53,0.24305646411795206,70788.0777413012,-171737.4398861166,70772.9149468953,-171738.43357661384,70786.01783691713,-171737.8184593564,-3,20.0
2024-02-09 11:42:54,0.3710064448213035,70788.0777413012,-171737.4398861166,70772.9149468953,-171738.43357661384,70785.19429670423,-171738.00065433525,-5,20.0
2024-02-09 11:42:54,0.4426510321461352,70788.0777413012,-171737.4398861166,70772.9149468953,-171738.43357661384,70784.62215812443,-171738.1099475874,-5,20.0
2024-02-09 11:42:55,0.5439226815518884,70788.0777413012,-171737.4398861166,70772.9149468953,-171738.43357661384,70783.73710060203,-171738.26943853093,-7,20.0
2024-02-09 11:42:55,0.5517010553162334,70788.0777413012,-171737.4398861166,70772.9149468953,-171738.43357661384,70782.84177668481,-171738.33590845205,-6,20.0
2024-02-09 11:42:56,0.5450884530766134,70788.0777413012,-171737.4398861166,70772.9149468953,-171738.43357661384,70782.25760816105,-171738.3675650247,-6,20.0
2024-02-09 11:42:56,0.5168469270347299,70788.0777413012,-171737.4398861166,70772.9149468953,-171738.43357661384,70781.34232516399,-171738.39924579364,-5,20.0
2024-02-09 11:42:57,0.4671478177359975,70788.0777413012,-171737.4398861166,70772.9149468953,-171738.43357661384,70780.73401533604,-171738.38930552945,-5,20.0
2024-02-09 11:42:57,0.3786510420729384,70788.0777413012,-171737.4398861166,70772.9149468953,-171738.43357661384,70779.83826202295,-171738.35932192137,-4,20.0
2024-02-09 11:42:58,0.2699501860135648,70788.0777413012,-171737.4398861166,70772.9149468953,-171738.43357661384,70778.9613488952,-171738.3078562055,-2,20.0
2024-02-09 11:42:58,0.2699501860135648,70788.0777413012,-171737.4398861166,70772.9149468953,-171738.43357661384,70778.9613488952,-171738.3078562055,-3,20.0
2024-02-09 11:42:59,0.01877892453250828,70788.0777413012,-171737.4398861166,70772.9149468953,-171738.43357661384,70777.5190294358,-171738.15066825383,1,20.0
2024-02-09 11:43:00,-0.1285294377351603,70788.0777413012,-171737.4398861166,70772.9149468953,-171738.43357661384,70776.71571333324,-171738.05568904933,2,20.0
2024-02-09 11:43:00,-0.1285294377351603,70788.0777413012,-171737.4398861166,70772.9149468953,-171738.43357661384,70776.71571333324,-171738.05568904933,1,20.0
2024-02-09 11:43:01,-0.2433753214515498,70788.0777413012,-171737.4398861166,70772.9149468953,-171738.43357661384,70776.17881286838,-171737.97578246676,3,20.0
2024-02-09 11:43:01,-0.5718424352743458,70788.0777413012,-171737.4398861166,70772.9149468953,-171738.43357661384,70774.55471007145,-171737.75304598743,8,20.0
2024-02-09 11:43:02,-0.729532223564112,70788.0777413012,-171737.4398861166,70772.9149468953,-171738.43357661384,70773.70730637509,-171737.6505523587,8,20.0
timestamp,直線との距離:,startx:,starty:,goalx:,goaly:,x:,y:,操作量,sp
2024-02-09 11:43:02,0.0,70773.1565480675,-171737.59670549983,70767.81304474265,-171743.65567093433,70773.1565480675,-171737.59670549983,-6,20.0
2024-02-09 11:43:03,-0.6661121985233593,70773.1565480675,-171737.59670549983,70767.81304474265,-171743.65567093433,70772.32299239363,-171737.53480194477,17,20.0
2024-02-09 11:43:03,-1.3088715386997565,70773.1565480675,-171737.59670549983,70767.81304474265,-171743.65567093433,70771.50619204601,-171737.489205839,30,20.0
2024-02-09 11:43:04,-1.7380037528820522,70773.1565480675,-171737.59670549983,70767.81304474265,-171743.65567093433,70770.9573566002,-171737.46273990703,37,20.0
2024-02-09 11:43:04,-2.29367763264708,70773.1565480675,-171737.59670549983,70767.81304474265,-171743.65567093433,70770.14865311803,-171737.53962368277,49,20.0
2024-02-09 11:43:05,-2.7071268901157395,70773.1565480675,-171737.59670549983,70767.81304474265,-171743.65567093433,70769.36555442188,-171737.8024978109,57,20.0
2024-02-09 11:43:06,-2.846993307875558,70773.1565480675,-171737.59670549983,70767.81304474265,-171743.65567093433,70768.91856152788,-171738.09788210376,57,20.0
2024-02-09 11:43:06,-2.8139752251629035,70773.1565480675,-171737.59670549983,70767.81304474265,-171743.65567093433,70768.5974024166,-171738.51196109655,56,20.0
2024-02-09 11:43:07,-2.543447993086891,70773.1565480675,-171737.59670549983,70767.81304474265,-171743.65567093433,70768.32674168382,-171739.22786044428,48,20.0
2024-02-09 11:43:07,-2.1920578308630843,70773.1565480675,-171737.59670549983,70767.81304474265,-171743.65567093433,70768.34494240876,-171739.73847485209,41,20.0
2024-02-09 11:43:08,-1.5037334532530313,70773.1565480675,-171737.59670549983,70767.81304474265,-171743.65567093433,70768.64246469115,-171740.44176502584,25,20.0
2024-02-09 11:43:08,-0.6880617673282392,70773.1565480675,-171737.59670549983,70767.81304474265,-171743.65567093433,70769.21477789545,-171741.02600254162,8,20.0
2024-02-09 11:43:09,-0.15486906197160832,70773.1565480675,-171737.59670549983,70767.81304474265,-171743.65567093433,70769.67938717832,-171741.30529670656,-1,20.0
2024-02-09 11:43:09,0.6571641300398674,70773.1565480675,-171737.59670549983,70767.81304474265,-171743.65567093433,70770.5150184591,-171741.58545859403,-19,20.0
2024-02-09 11:43:10,1.4696819935960463,70773.1565480675,-171737.59670549983,70767.81304474265,-171743.65567093433,70771.40731691146,-171741.8020986801,-36,20.0
2024-02-09 11:43:10,2.0235361649056585,70773.1565480675,-171737.59670549983,70767.81304474265,-171743.65567093433,70772.00697573643,-171741.9594982096,-45,20.0
2024-02-09 11:43:11,2.94664340582076,70773.1565480675,-171737.59670549983,70767.81304474265,-171743.65567093433,70772.90637179218,-171742.33528582376,-66,20.0
2024-02-09 11:43:12,4.547557010107051,70773.1565480675,-171737.59670549983,70767.81304474265,-171743.65567093433,70774.04877612685,-171743.4602749577,-90,20.0
2024-02-09 11:43:12,5.247165393775836,70773.1565480675,-171737.59670549983,70767.81304474265,-171743.65567093433,70774.19343453058,-171744.35395635694,-90,20.0
2024-02-09 11:43:13,5.247165393775836,70773.1565480675,-171737.59670549983,70767.81304474265,-171743.65567093433,70774.19343453058,-171744.35395635694,-90,20.0
2024-02-09 11:43:13,5.4794958417316115,70773.1565480675,-171737.59670549983,70767.81304474265,-171743.65567093433,70773.86973766913,-171745.07224492234,-90,20.0
2024-02-09 11:43:14,5.312716294340771,70773.1565480675,-171737.59670549983,70767.81304474265,-171743.65567093433,70773.46462822965,-171745.27944898902,-90,20.0
2024-02-09 11:43:14,4.7406566005006034,70773.1565480675,-171737.59670549983,70767.81304474265,-171743.65567093433,70772.82185955596,-171745.14340728242,-91,20.0
2024-02-09 11:43:15,4.113547685374724,70773.1565480675,-171737.59670549983,70767.81304474265,-171743.65567093433,70772.40652258652,-171744.6662555538,-78,20.0
2024-02-09 11:43:15,3.6635411934715774,70773.1565480675,-171737.59670549983,70767.81304474265,-171743.65567093433,70772.36635945982,-171744.03145027132,-71,20.0
2024-02-09 11:43:16,3.5573382663277195,70773.1565480675,-171737.59670549983,70767.81304474265,-171743.65567093433,70772.56549949691,-171743.6450828465,-71,20.0
2024-02-09 11:43:16,3.729957567651552,70773.1565480675,-171737.59670549983,70767.81304474265,-171743.65567093433,70773.10977129982,-171743.2889123148,-76,20.0
2024-02-09 11:43:17,4.251239455847316,70773.1565480675,-171737.59670549983,70767.81304474265,-171743.65567093433,70773.80070390318,-171743.29357239715,-89,20.0
2024-02-09 11:43:17,4.966612900157196,70773.1565480675,-171737.59670549983,70767.81304474265,-171743.65567093433,70774.42260035595,-171743.66995105473,-90,20.0
2024-02-09 11:43:18,5.447850311167204,70773.1565480675,-171737.59670549983,70767.81304474265,-171743.65567093433,70774.68336948095,-171744.10182927866,-90,20.0
2024-02-09 11:43:19,5.920343310081631,70773.1565480675,-171737.59670549983,70767.81304474265,-171743.65567093433,70774.6569119849,-171744.846171684,-90,20.0
2024-02-09 11:43:19,5.929347993750764,70773.1565480675,-171737.59670549983,70767.81304474265,-171743.65567093433,70774.21217439647,-171745.36407069498,-90,20.0
