timestamp,直線との距離:,startx:,starty:,goalx:,goaly:,x:,y:,操作量,sp
2024-02-09 11:03:44,0.0,70787.20021511364,-171734.17700391743,70772.9149468953,-171738.43357661384,70787.20021511364,-171734.17700391743,0,20.0
2024-02-09 11:03:44,0.0,70787.20021511364,-171734.17700391743,70772.9149468953,-171738.43357661384,70787.20021511364,-171734.17700391743,0,20.0
2024-02-09 11:03:44,0.0035923596030949067,70787.20021511364,-171734.17700391743,70772.9149468953,-171738.43357661384,70787.20230342064,-171734.1801301098,-1,20.0
2024-02-09 11:03:45,-0.08441780806352146,70787.20021511364,-171734.17700391743,70772.9149468953,-171738.43357661384,70786.89353911937,-171734.1802983021,1,20.0
2024-02-09 11:03:45,-0.3132945960186888,70787.20021511364,-171734.17700391743,70772.9149468953,-171738.43357661384,70786.20081782731,-171734.14788679554,4,20.0
2024-02-09 11:03:46,-0.4723460525816314,70787.20021511364,-171734.17700391743,70772.9149468953,-171738.43357661384,70785.66603169165,-171734.14127461665,5,20.0
2024-02-09 11:03:46,-0.7527195276141437,70787.20021511364,-171734.17700391743,70772.9149468953,-171738.43357661384,70784.8265041443,-171734.09887271558,9,20.0
2024-02-09 11:03:47,-1.0484174394080583,70787.20021511364,-171734.17700391743,70772.9149468953,-171738.43357661384,70783.94621671713,-171734.05262574335,12,20.0
2024-02-09 11:03:48,-1.2414335970830868,70787.20021511364,-171734.17700391743,70772.9149468953,-171738.43357661384,70783.36227243382,-171734.0252207554,13,20.0
2024-02-09 11:03:48,-1.4541850315231977,70787.20021511364,-171734.17700391743,70772.9149468953,-171738.43357661384,70782.73765843343,-171733.98934134404,16,20.0
2024-02-09 11:03:49,-1.6426667219866817,70787.20021511364,-171734.17700391743,70772.9149468953,-171738.43357661384,70782.11097659678,-171733.97940232404,17,20.0
2024-02-09 11:03:49,-1.8976404310104602,70787.20021511364,-171734.17700391743,70772.9149468953,-171738.43357661384,70781.18149858675,-171733.9903062675,20,20.0
2024-02-09 11:03:50,-2.07796718657084,70787.20021511364,-171734.17700391743,70772.9149468953,-171738.43357661384,70780.26470024216,-171734.07532234563,22,20.0
2024-02-09 11:03:50,-2.1659815157727347,70787.20021511364,-171734.17700391743,70772.9149468953,-171738.43357661384,70779.6651866021,-171734.1621205995,22,20.0
2024-02-09 11:03:51,-2.2321862532902004,70787.20021511364,-171734.17700391743,70772.9149468953,-171738.43357661384,70778.74658446903,-171734.36675465392,22,20.0
2024-02-09 11:03:51,-2.1911478482192934,70787.20021511364,-171734.17700391743,70772.9149468953,-171738.43357661384,70777.8713518741,-171734.67036866036,21,20.0
2024-02-09 11:03:52,-2.065140368888899,70787.20021511364,-171734.17700391743,70772.9149468953,-171738.43357661384,70777.06358552515,-171735.04254068373,19,20.0
2024-02-09 11:03:52,-1.9194651687509474,70787.20021511364,-171734.17700391743,70772.9149468953,-171738.43357661384,70776.5741148137,-171735.34039261236,18,20.0
2024-02-09 11:03:53,-1.6364567419107845,70787.20021511364,-171734.17700391743,70772.9149468953,-171738.43357661384,70775.87817982674,-171735.84306479013,14,20.0
2024-02-09 11:03:53,-1.2281298691931293,70787.20021511364,-171734.17700391743,70772.9149468953,-171738.43357661384,70775.23646709393,-171736.4603437994,9,20.0
2024-02-09 11:03:54,-0.7253713130599719,70787.20021511364,-171734.17700391743,70772.9149468953,-171738.43357661384,70774.67079541711,-171737.15349954445,3,20.0
2024-02-09 11:03:55,-0.33463427592099176,70787.20021511364,-171734.17700391743,70772.9149468953,-171738.43357661384,70774.3538201495,-171737.65566263252,0,20.0
2024-02-09 11:03:55,0.22225396794343097,70787.20021511364,-171734.17700391743,70772.9149468953,-171738.43357661384,70773.90654989707,-171738.37001994412,-7,20.0
timestamp,直線との距離:,startx:,starty:,goalx:,goaly:,x:,y:,操作量,sp
2024-02-09 11:03:56,0.0,70773.47605528701,-171739.1297514063,70767.81304474265,-171743.65567093433,70773.47605528701,-171739.1297514063,1,20.0
2024-02-09 11:03:56,0.18496922412618302,70773.47605528701,-171739.1297514063,70767.81304474265,-171743.65567093433,70773.16140678586,-171739.6180054137,-5,20.0
2024-02-09 11:03:57,0.48928071385727173,70773.47605528701,-171739.1297514063,70767.81304474265,-171743.65567093433,70772.68889562038,-171740.38519801223,-12,20.0
2024-02-09 11:03:57,0.7129518896263966,70773.47605528701,-171739.1297514063,70767.81304474265,-171743.65567093433,70772.1655682544,-171741.0897732201,-16,20.0
2024-02-09 11:03:58,0.8487207130831343,70773.47605528701,-171739.1297514063,70767.81304474265,-171743.65567093433,70771.80676442814,-171741.55033358693,-18,20.0
2024-02-09 11:03:58,1.0027943809354702,70773.47605528701,-171739.1297514063,70767.81304474265,-171743.65567093433,70771.24513946385,-171742.19642267076,-22,20.0
2024-02-09 11:03:59,1.026484481198469,70773.47605528701,-171739.1297514063,70767.81304474265,-171743.65567093433,70770.1707261706,-171743.08542805226,-21,20.0
2024-02-09 11:03:59,0.9424849043805331,70773.47605528701,-171739.1297514063,70767.81304474265,-171743.65567093433,70769.70151278259,-171743.35289646746,-19,20.0
2024-02-09 11:04:00,0.7468953792542603,70773.47605528701,-171739.1297514063,70767.81304474265,-171743.65567093433,70769.00386924735,-171743.66007831006,-14,20.0
timestamp,直線との距離:,startx:,starty:,goalx:,goaly:,x:,y:,操作量,sp
2024-02-09 11:04:00,-0.45747782495848305,70769.00386924735,-171743.66007831006,70767.4504649894,-171758.08261034725,70768.53346102359,-171743.7555644948,13,20.0
2024-02-09 11:04:01,-1.1938330602632992,70769.00386924735,-171743.66007831006,70767.4504649894,-171758.08261034725,70767.7852902252,-171743.82572483682,17,20.0
2024-02-09 11:04:02,-1.1938330602632992,70769.00386924735,-171743.66007831006,70767.4504649894,-171758.08261034725,70767.7852902252,-171743.82572483682,11,20.0
2024-02-09 11:04:02,-2.8602016042345455,70769.00386924735,-171743.66007831006,70767.4504649894,-171758.08261034725,70766.09850912311,-171743.9257637592,40,20.0
2024-02-09 11:04:03,-3.45833147769477,70769.00386924735,-171743.66007831006,70767.4504649894,-171758.08261034725,70765.48598172674,-171744.02731866334,38,20.0
2024-02-09 11:04:03,-4.251877738999341,70769.00386924735,-171743.66007831006,70767.4504649894,-171758.08261034725,70764.66206040143,-171744.26672304753,48,20.0
2024-02-09 11:04:04,-4.863619215502362,70769.00386924735,-171743.66007831006,70767.4504649894,-171758.08261034725,70763.99572300927,-171744.74076772344,52,20.0
2024-02-09 11:04:04,-5.161242032192561,70769.00386924735,-171743.66007831006,70767.4504649894,-171758.08261034725,70763.65029760127,-171745.1686075713,53,20.0
2024-02-09 11:04:05,-5.288874456552811,70769.00386924735,-171743.66007831006,70767.4504649894,-171758.08261034725,70763.48323906718,-171745.52780440502,53,20.0
2024-02-09 11:04:05,-5.431875037267408,70769.00386924735,-171743.66007831006,70767.4504649894,-171758.08261034725,70763.34304712499,-171745.4940488316,55,20.0
2024-02-09 11:04:06,-5.339231679417914,70769.00386924735,-171743.66007831006,70767.4504649894,-171758.08261034725,70763.45732870723,-171745.29812420288,52,20.0
2024-02-09 11:04:06,-4.970082200218554,70769.00386924735,-171743.66007831006,70767.4504649894,-171758.08261034725,70763.8476639652,-171745.12124814335,47,20.0
2024-02-09 11:04:07,-4.442744858441042,70769.00386924735,-171743.66007831006,70767.4504649894,-171758.08261034725,70764.41120970866,-171744.81338941032,40,20.0
2024-02-09 11:04:07,-4.442744858441042,70769.00386924735,-171743.66007831006,70767.4504649894,-171758.08261034725,70764.41120970866,-171744.81338941032,44,20.0
2024-02-09 11:04:08,-3.677764842862462,70769.00386924735,-171743.66007831006,70767.4504649894,-171758.08261034725,70765.23353717102,-171744.3220268497,31,20.0
2024-02-09 11:04:09,-3.0440511050017687,70769.00386924735,-171743.66007831006,70767.4504649894,-171758.08261034725,70765.88147413373,-171744.22400099615,26,20.0
2024-02-09 11:04:09,-3.0440511050017687,70769.00386924735,-171743.66007831006,70767.4504649894,-171758.08261034725,70765.88147413373,-171744.22400099615,30,20.0
2024-02-09 11:04:10,-2.041647827162857,70769.00386924735,-171743.66007831006,70767.4504649894,-171758.08261034725,70767.01218889013,-171743.08652433465,13,20.0
2024-02-09 11:04:10,-2.041647827162857,70769.00386924735,-171743.66007831006,70767.4504649894,-171758.08261034725,70767.01218889013,-171743.08652433465,20,20.0
2024-02-09 11:04:11,-1.6485976429444626,70769.00386924735,-171743.66007831006,70767.4504649894,-171758.08261034725,70767.52740015846,-171741.973429712,13,20.0
2024-02-09 11:04:11,-1.4663952154202535,70769.00386924735,-171743.66007831006,70767.4504649894,-171758.08261034725,70767.78902992715,-171741.24577303266,13,20.0
2024-02-09 11:04:12,-1.4663952154202535,70769.00386924735,-171743.66007831006,70767.4504649894,-171758.08261034725,70767.78902992715,-171741.24577303266,14,20.0
