timestamp,直線との距離:,startx:,starty:,goalx:,goaly:,x:,y:,操作量,sp
2024-01-26 16:59:20,0.0,70757.18167649263,-171723.26314846703,70774.48352805714,-171732.16460188924,70757.18167649263,-171723.26314846703,0,15.0
timestamp,直線との距離:,startx:,starty:,goalx:,goaly:,x:,y:,操作量,sp
2024-01-26 16:59:21,0.0,70757.18167649263,-171723.26314846703,70774.48352805714,-171732.16460188924,70757.18167649263,-171723.26314846703,0,15.0
2024-01-26 16:59:21,0.0,70757.18167649263,-171723.26314846703,70774.48352805714,-171732.16460188924,70757.18167649263,-171723.26314846703,0,15.0
2024-01-26 16:59:21,-0.42692886609619396,70757.18167649263,-171723.26314846703,70774.48352805714,-171732.16460188924,70757.1011156234,-171723.70181895635,6,15.0
2024-01-26 16:59:22,-0.5680260255834721,70757.18167649263,-171723.26314846703,70774.48352805714,-171732.16460188924,70757.13250249809,-171723.87664249726,10,15.0
2024-01-26 16:59:22,-0.8453088110120426,70757.18167649263,-171723.26314846703,70774.48352805714,-171732.16460188924,70756.76961374877,-171724.00177138206,17,15.0
2024-01-26 16:59:23,-0.5775250385357715,70757.18167649263,-171723.26314846703,70774.48352805714,-171732.16460188924,70756.87322307854,-171723.7539309083,17,15.0
2024-01-26 16:59:23,-0.5775250385357715,70757.18167649263,-171723.26314846703,70774.48352805714,-171732.16460188924,70756.87322307854,-171723.7539309083,20,15.0
2024-01-26 16:59:24,-0.36361379299285435,70757.18167649263,-171723.26314846703,70774.48352805714,-171732.16460188924,70756.95098703042,-171723.5533776985,20,15.0
2024-01-26 16:59:25,0.054013355124675644,70757.18167649263,-171723.26314846703,70774.48352805714,-171732.16460188924,70756.68764120189,-171722.94823471882,15,15.0
2024-01-26 16:59:25,0.09838809856969599,70757.18167649263,-171723.26314846703,70774.48352805714,-171732.16460188924,70756.46867889048,-171722.7856798964,15,15.0
2024-01-26 16:59:26,-0.6805014963418368,70757.18167649263,-171723.26314846703,70774.48352805714,-171732.16460188924,70755.57470521923,-171723.20167536897,26,15.0
2024-01-26 16:59:26,-1.266840396290652,70757.18167649263,-171723.26314846703,70774.48352805714,-171732.16460188924,70755.06843478284,-171723.60059687358,38,15.0
2024-01-26 16:59:27,-1.4263558864593502,70757.18167649263,-171723.26314846703,70774.48352805714,-171732.16460188924,70754.64920435034,-171723.5642998674,47,15.0
2024-01-26 16:59:27,-1.7952683668714147,70757.18167649263,-171723.26314846703,70774.48352805714,-171732.16460188924,70754.14388862302,-171723.71919824815,59,15.0
2024-01-26 16:59:28,-2.3706049561057463,70757.18167649263,-171723.26314846703,70774.48352805714,-171732.16460188924,70753.7455474702,-171724.1612741667,77,15.0
2024-01-26 16:59:28,-2.735771413202078,70757.18167649263,-171723.26314846703,70774.48352805714,-171732.16460188924,70753.67351315063,-171724.53487436828,94,15.0
2024-01-26 16:59:29,-3.643573524373811,70757.18167649263,-171723.26314846703,70774.48352805714,-171732.16460188924,70753.73201417792,-171725.5858718201,90,15.0
2024-01-26 16:59:29,-4.2402060058535875,70757.18167649263,-171723.26314846703,70774.48352805714,-171732.16460188924,70753.87984507353,-171726.33289125664,90,15.0
2024-01-26 16:59:30,-4.649576200552891,70757.18167649263,-171723.26314846703,70774.48352805714,-171732.16460188924,70754.3031120266,-171727.0110247883,90,15.0
2024-01-26 16:59:30,-5.0275626393140715,70757.18167649263,-171723.26314846703,70774.48352805714,-171732.16460188924,70754.73401342762,-171727.6577924153,90,15.0
2024-01-26 16:59:31,-4.972547493803165,70757.18167649263,-171723.26314846703,70774.48352805714,-171732.16460188924,70755.6728045452,-171728.07891233746,90,15.0
2024-01-26 16:59:31,-4.972547493803165,70757.18167649263,-171723.26314846703,70774.48352805714,-171732.16460188924,70755.6728045452,-171728.07891233746,90,15.0
2024-01-26 16:59:32,-4.300265402759664,70757.18167649263,-171723.26314846703,70774.48352805714,-171732.16460188924,70756.55669846894,-171727.777620146,90,15.0
2024-01-26 16:59:33,-3.8172713199205797,70757.18167649263,-171723.26314846703,70774.48352805714,-171732.16460188924,70757.12975825128,-171727.52928035383,90,15.0
2024-01-26 16:59:33,-3.5001930277885758,70757.18167649263,-171723.26314846703,70774.48352805714,-171732.16460188924,70757.51231383998,-171727.3695162654,90,15.0
2024-01-26 16:59:34,-3.301115782820911,70757.18167649263,-171723.26314846703,70774.48352805714,-171732.16460188924,70757.6338007593,-171727.2081397216,90,15.0
2024-01-26 16:59:34,-3.198737380133182,70757.18167649263,-171723.26314846703,70774.48352805714,-171732.16460188924,70757.53353100925,-171727.0414198313,90,15.0
2024-01-26 16:59:35,-3.1217561765714006,70757.18167649263,-171723.26314846703,70774.48352805714,-171732.16460188924,70757.32411845837,-171726.84710946013,90,15.0
2024-01-26 16:59:35,-3.213353060832152,70757.18167649263,-171723.26314846703,70774.48352805714,-171732.16460188924,70757.18458542008,-171726.8783309312,90,15.0
2024-01-26 16:59:36,-3.6120305000964503,70757.18167649263,-171723.26314846703,70774.48352805714,-171732.16460188924,70757.25351760618,-171727.36214147377,90,15.0
2024-01-26 16:59:36,-4.099358248360789,70757.18167649263,-171723.26314846703,70774.48352805714,-171732.16460188924,70757.35792191936,-171727.96389644104,90,15.0
2024-01-26 16:59:37,-4.572369170027053,70757.18167649263,-171723.26314846703,70774.48352805714,-171732.16460188924,70757.72416935167,-171728.68426393217,90,15.0
2024-01-26 16:59:37,-5.036467323375963,70757.18167649263,-171723.26314846703,70774.48352805714,-171732.16460188924,70758.7401642214,-171729.72889020795,90,15.0
2024-01-26 16:59:38,-5.036467323375963,70757.18167649263,-171723.26314846703,70774.48352805714,-171732.16460188924,70758.7401642214,-171729.72889020795,90,15.0
2024-01-26 16:59:38,-4.979068261960532,70757.18167649263,-171723.26314846703,70774.48352805714,-171732.16460188924,70759.25387319119,-171729.92863303062,90,15.0
2024-01-26 16:59:39,-4.755479516984484,70757.18167649263,-171723.26314846703,70774.48352805714,-171732.16460188924,70759.93079370266,-171730.02545061545,90,15.0
2024-01-26 16:59:40,-4.66547260398179,70757.18167649263,-171723.26314846703,70774.48352805714,-171732.16460188924,70760.52393039818,-171730.22938712724,90,15.0
2024-01-26 16:59:40,-4.418991934154567,70757.18167649263,-171723.26314846703,70774.48352805714,-171732.16460188924,70760.87407884958,-171730.13234318694,90,15.0
2024-01-26 16:59:41,-4.393248459777669,70757.18167649263,-171723.26314846703,70774.48352805714,-171732.16460188924,70761.22358633074,-171730.28320702887,90,15.0
2024-01-26 16:59:41,-5.318182257199747,70757.18167649263,-171723.26314846703,70774.48352805714,-171732.16460188924,70761.72002032468,-171731.5787781757,90,15.0
2024-01-26 16:59:42,-5.6905867854057846,70757.18167649263,-171723.26314846703,70774.48352805714,-171732.16460188924,70762.14382961544,-171732.215619727,90,15.0
