timestamp,直線との距離:,startx:,starty:,goalx:,goaly:,x:,y:,操作量,sp
timestamp,直線との距離:,startx:,starty:,goalx:,goaly:,x:,y:,操作量,sp
2024-02-09 11:44:47,-0.0,70789.40279584577,-171739.10788547585,70772.9149468953,-171738.43357661384,70789.40279584577,-171739.10788547585,0,20.0
2024-02-09 11:44:47,-0.0,70789.40279584577,-171739.10788547585,70772.9149468953,-171738.43357661384,70789.40279584577,-171739.10788547585,0,20.0
2024-02-09 11:44:48,-0.0173004303267498,70789.40279584577,-171739.10788547585,70772.9149468953,-171738.43357661384,70789.37930226586,-171739.08960975878,0,20.0
2024-02-09 11:44:48,-0.0173004303267498,70789.40279584577,-171739.10788547585,70772.9149468953,-171738.43357661384,70789.37930226586,-171739.08960975878,0,20.0
2024-02-09 11:44:48,0.009337201906523214,70789.40279584577,-171739.10788547585,70772.9149468953,-171738.43357661384,70789.31400807847,-171739.11359930126,-1,20.0
2024-02-09 11:44:49,0.3150128660140266,70789.40279584577,-171739.10788547585,70772.9149468953,-171738.43357661384,70788.30031114399,-171739.37807300413,-6,20.0
2024-02-09 11:44:50,0.4842486238663626,70789.40279584577,-171739.10788547585,70772.9149468953,-171738.43357661384,70787.78930843297,-171739.52655159173,-7,20.0
2024-02-09 11:44:50,0.6440601767335047,70789.40279584577,-171739.10788547585,70772.9149468953,-171738.43357661384,70787.22732202217,-171739.6635129994,-8,20.0
2024-02-09 11:44:51,0.8342335560352064,70789.40279584577,-171739.10788547585,70772.9149468953,-171738.43357661384,70786.61406996753,-171739.82876498686,-10,20.0
2024-02-09 11:44:51,0.9894031093719653,70789.40279584577,-171739.10788547585,70772.9149468953,-171738.43357661384,70786.0052633153,-171739.9591656921,-11,20.0
2024-02-09 11:44:52,1.1627853083209052,70789.40279584577,-171739.10788547585,70772.9149468953,-171738.43357661384,70785.05743383156,-171740.09392914193,-13,20.0
2024-02-09 11:44:52,1.298717911127098,70789.40279584577,-171739.10788547585,70772.9149468953,-171738.43357661384,70784.08220277303,-171740.19009103876,-14,20.0
2024-02-09 11:44:53,1.3492729606266471,70789.40279584577,-171739.10788547585,70772.9149468953,-171738.43357661384,70783.1125517876,-171740.20103222132,-14,20.0
2024-02-09 11:44:53,1.318656715509759,70789.40279584577,-171739.10788547585,70772.9149468953,-171738.43357661384,70782.46866541973,-171740.14405715477,-13,20.0
2024-02-09 11:44:54,1.2124414766879121,70789.40279584577,-171739.10788547585,70772.9149468953,-171738.43357661384,70781.51525454222,-171739.99876117439,-12,20.0
2024-02-09 11:44:54,1.0218507610333782,70789.40279584577,-171739.10788547585,70772.9149468953,-171738.43357661384,70780.55865547336,-171739.76888879537,-9,20.0
2024-02-09 11:44:55,0.7919689586404883,70789.40279584577,-171739.10788547585,70772.9149468953,-171738.43357661384,70779.63978937748,-171739.5012356619,-7,20.0
2024-02-09 11:44:55,0.5873599247072098,70789.40279584577,-171739.10788547585,70772.9149468953,-171738.43357661384,70779.04516224531,-171739.27213692878,-5,20.0
2024-02-09 11:44:56,0.23048748671953276,70789.40279584577,-171739.10788547585,70772.9149468953,-171738.43357661384,70778.15710380381,-171738.87864695294,0,20.0
2024-02-09 11:44:57,-0.03551080087348335,70789.40279584577,-171739.10788547585,70772.9149468953,-171738.43357661384,70777.58736626436,-171738.58912556572,2,20.0
2024-02-09 11:44:57,-0.4657939582946929,70789.40279584577,-171739.10788547585,70772.9149468953,-171738.43357661384,70776.76042404254,-171738.12466299275,7,20.0
2024-02-09 11:44:58,-0.8765920688271847,70789.40279584577,-171739.10788547585,70772.9149468953,-171738.43357661384,70775.98305888008,-171737.68172932405,11,20.0
2024-02-09 11:44:58,-1.2900920104567088,70789.40279584577,-171739.10788547585,70772.9149468953,-171738.43357661384,70775.22240044906,-171737.23677482625,15,20.0
2024-02-09 11:44:59,-1.562647475683313,70789.40279584577,-171739.10788547585,70772.9149468953,-171738.43357661384,70774.70869684927,-171736.942982418,17,20.0
2024-02-09 11:44:59,-1.9269948588012171,70789.40279584577,-171739.10788547585,70772.9149468953,-171738.43357661384,70773.87652615889,-171736.54429690773,21,20.0
2024-02-09 11:45:00,-2.223600962462847,70789.40279584577,-171739.10788547585,70772.9149468953,-171738.43357661384,70773.02186230813,-171736.21248939494,24,20.0
2024-02-09 11:45:00,-2.3902329129120554,70789.40279584577,-171739.10788547585,70772.9149468953,-171738.43357661384,70772.44065173517,-171736.0219481934,25,20.0
2024-02-09 11:45:01,-2.5250243603548808,70789.40279584577,-171739.10788547585,70772.9149468953,-171738.43357661384,70771.56513532775,-171735.85123779144,26,20.0
2024-02-09 11:45:01,-2.550040889579638,70789.40279584577,-171739.10788547585,70772.9149468953,-171738.43357661384,70770.69169320776,-171735.79047890642,25,20.0
2024-02-09 11:45:02,-2.4483127127653708,70789.40279584577,-171739.10788547585,70772.9149468953,-171738.43357661384,70769.87207134836,-171735.85877178368,23,20.0
2024-02-09 11:45:03,-2.3067434165183704,70789.40279584577,-171739.10788547585,70772.9149468953,-171738.43357661384,70769.34131043302,-171735.97875272436,22,20.0
2024-02-09 11:45:03,-1.9982168399123184,70789.40279584577,-171739.10788547585,70772.9149468953,-171738.43357661384,70768.57275492509,-171736.2561053507,17,20.0
2024-02-09 11:45:04,-1.2863256865134363,70789.40279584577,-171739.10788547585,70772.9149468953,-171738.43357661384,70767.45399733658,-171736.92283741775,7,20.0
2024-02-09 11:45:04,-0.9175504955367452,70789.40279584577,-171739.10788547585,70772.9149468953,-171738.43357661384,70767.04569805025,-171737.27522253766,6,20.0
2024-02-09 11:45:05,-0.5377774424229024,70789.40279584577,-171739.10788547585,70772.9149468953,-171738.43357661384,70766.65026661781,-171737.63914097406,2,20.0
2024-02-09 11:45:05,-0.1450241027332888,70789.40279584577,-171739.10788547585,70772.9149468953,-171738.43357661384,70766.25784732483,-171738.0161737363,-2,20.0
2024-02-09 11:45:06,0.2553043774682053,70789.40279584577,-171739.10788547585,70772.9149468953,-171738.43357661384,70765.88374772547,-171738.40153719787,-6,20.0
2024-02-09 11:45:06,0.7694792981625949,70789.40279584577,-171739.10788547585,70772.9149468953,-171738.43357661384,70765.3302950679,-171738.8935072097,-12,20.0
2024-02-09 11:45:07,1.2562737952609344,70789.40279584577,-171739.10788547585,70772.9149468953,-171738.43357661384,70764.80591765438,-171739.35926300898,-16,20.0
2024-02-09 11:45:07,1.5887081962643772,70789.40279584577,-171739.10788547585,70772.9149468953,-171738.43357661384,70764.41014276523,-171739.67578917427,-19,20.0
2024-02-09 11:45:08,2.032107807272878,70789.40279584577,-171739.10788547585,70772.9149468953,-171738.43357661384,70763.76091673653,-171740.0930078377,-24,20.0
2024-02-09 11:45:08,2.5780906111948347,70789.40279584577,-171739.10788547585,70772.9149468953,-171738.43357661384,70762.70699924647,-171740.59634465122,-30,20.0
2024-02-09 11:45:09,2.7220328927403923,70789.40279584577,-171739.10788547585,70772.9149468953,-171738.43357661384,70762.37638484438,-171740.7268860172,-29,20.0
2024-02-09 11:45:10,2.5358015457090977,70789.40279584577,-171739.10788547585,70772.9149468953,-171738.43357661384,70762.61851054561,-171740.5504012835,-25,20.0
2024-02-09 11:45:10,2.052544625942152,70789.40279584577,-171739.10788547585,70772.9149468953,-171738.43357661384,70763.10616402607,-171740.08668410825,-18,20.0
2024-02-09 11:45:11,2.052544625942152,70789.40279584577,-171739.10788547585,70772.9149468953,-171738.43357661384,70763.10616402607,-171740.08668410825,-21,20.0
2024-02-09 11:45:11,1.751817803765496,70789.40279584577,-171739.10788547585,70772.9149468953,-171738.43357661384,70764.27682821045,-171739.8335829244,-16,20.0
2024-02-09 11:45:12,1.751817803765496,70789.40279584577,-171739.10788547585,70772.9149468953,-171738.43357661384,70764.27682821045,-171739.8335829244,-18,20.0
2024-02-09 11:45:12,1.521759615754335,70789.40279584577,-171739.10788547585,70772.9149468953,-171738.43357661384,70765.91539145845,-171739.67034526836,-14,20.0
2024-02-09 11:45:13,1.4122169648058194,70789.40279584577,-171739.10788547585,70772.9149468953,-171738.43357661384,70766.56539926873,-171739.58729462416,-14,20.0
2024-02-09 11:45:13,1.4484923724409842,70789.40279584577,-171739.10788547585,70772.9149468953,-171738.43357661384,70767.10921281375,-171739.64584087353,-15,20.0
2024-02-09 11:45:14,1.2231664602007426,70789.40279584577,-171739.10788547585,70772.9149468953,-171738.43357661384,70767.94390337136,-171739.45446320923,-11,20.0
2024-02-09 11:45:14,1.1060513099751292,70789.40279584577,-171739.10788547585,70772.9149468953,-171738.43357661384,70768.8294827563,-171739.37346798202,-11,20.0
2024-02-09 11:45:15,1.1094723932892359,70789.40279584577,-171739.10788547585,70772.9149468953,-171738.43357661384,70769.58227577715,-171739.40767914348,-12,20.0
2024-02-09 11:45:15,1.1094723932892359,70789.40279584577,-171739.10788547585,70772.9149468953,-171738.43357661384,70769.58227577715,-171739.40767914348,-12,20.0
2024-02-09 11:45:16,1.4237623337028678,70789.40279584577,-171739.10788547585,70772.9149468953,-171738.43357661384,70770.25702241936,-171739.7498271438,-17,20.0
2024-02-09 11:45:17,1.6205561620646927,70789.40279584577,-171739.10788547585,70772.9149468953,-171738.43357661384,70770.83442441041,-171739.97039967612,-18,20.0
2024-02-09 11:45:17,1.6205561620646927,70789.40279584577,-171739.10788547585,70772.9149468953,-171738.43357661384,70770.83442441041,-171739.97039967612,-17,20.0
2024-02-09 11:45:18,1.9825894546390255,70789.40279584577,-171739.10788547585,70772.9149468953,-171738.43357661384,70771.4362727437,-171740.3573495939,-23,20.0
2024-02-09 11:45:18,2.139581648033267,70789.40279584577,-171739.10788547585,70772.9149468953,-171738.43357661384,70771.8183602094,-171740.5300993783,-23,20.0
2024-02-09 11:45:19,2.139581648033267,70789.40279584577,-171739.10788547585,70772.9149468953,-171738.43357661384,70771.8183602094,-171740.5300993783,-22,20.0
2024-02-09 11:45:19,2.1927284671190455,70789.40279584577,-171739.10788547585,70772.9149468953,-171738.43357661384,70772.100223864,-171740.59481809378,-23,20.0
2024-02-09 11:45:20,2.340288144222802,70789.40279584577,-171739.10788547585,70772.9149468953,-171738.43357661384,70771.5644483295,-171740.72058933845,-25,20.0
2024-02-09 11:45:20,2.4354809458038393,70789.40279584577,-171739.10788547585,70772.9149468953,-171738.43357661384,70771.25391398648,-171740.80316169315,-26,20.0
2024-02-09 11:45:21,2.5577016393887213,70789.40279584577,-171739.10788547585,70772.9149468953,-171738.43357661384,70770.73982757177,-171740.9044597992,-27,20.0
2024-02-09 11:45:21,2.5790832055056443,70789.40279584577,-171739.10788547585,70772.9149468953,-171738.43357661384,70770.30962254037,-171740.9082650056,-26,20.0
2024-02-09 11:45:22,2.7385665096932064,70789.40279584577,-171739.10788547585,70772.9149468953,-171738.43357661384,70769.7721848269,-171741.0459018662,-29,20.0
2024-02-09 11:45:22,2.755665384389175,70789.40279584577,-171739.10788547585,70772.9149468953,-171738.43357661384,70769.25908899834,-171741.04203078948,-28,20.0
2024-02-09 11:45:23,2.9689582121327884,70789.40279584577,-171739.10788547585,70772.9149468953,-171738.43357661384,70769.00503044041,-171741.24511160396,-32,20.0
2024-02-09 11:45:23,3.3216876630894308,70789.40279584577,-171739.10788547585,70772.9149468953,-171738.43357661384,70768.86787942398,-171741.59252680847,-36,20.0
2024-02-09 11:45:24,3.4663420663498226,70789.40279584577,-171739.10788547585,70772.9149468953,-171738.43357661384,70768.85343638391,-171741.73671145336,-36,20.0
2024-02-09 11:45:24,3.456993142110131,70789.40279584577,-171739.10788547585,70772.9149468953,-171738.43357661384,70768.7102789751,-171741.72149995933,-35,20.0
2024-02-09 11:45:25,3.4173583036141117,70789.40279584577,-171739.10788547585,70772.9149468953,-171738.43357661384,70768.48629867074,-171741.67267179367,-34,20.0
2024-02-09 11:45:26,3.4173583036141117,70789.40279584577,-171739.10788547585,70772.9149468953,-171738.43357661384,70768.48629867074,-171741.67267179367,-35,20.0
2024-02-09 11:45:26,3.492458486340807,70789.40279584577,-171739.10788547585,70772.9149468953,-171738.43357661384,70768.34125500834,-171741.74190285878,-36,20.0
2024-02-09 11:45:27,3.682755951973917,70789.40279584577,-171739.10788547585,70772.9149468953,-171738.43357661384,70768.46924038812,-171741.9375936621,-39,20.0
2024-02-09 11:45:27,3.396628284736635,70789.40279584577,-171739.10788547585,70772.9149468953,-171738.43357661384,70769.06697976956,-171741.6756727473,-32,20.0
2024-02-09 11:45:28,3.396628284736635,70789.40279584577,-171739.10788547585,70772.9149468953,-171738.43357661384,70769.06697976956,-171741.6756727473,-34,20.0
2024-02-09 11:45:28,3.014668148041455,70789.40279584577,-171739.10788547585,70772.9149468953,-171738.43357661384,70768.96475649065,-171741.28921265423,-28,20.0
2024-02-09 11:45:29,1.7156074690041465,70789.40279584577,-171739.10788547585,70772.9149468953,-171738.43357661384,70769.34400025338,-171740.00457608467,-9,20.0
2024-02-09 11:45:29,1.4374941769361975,70789.40279584577,-171739.10788547585,70772.9149468953,-171738.43357661384,70769.71563664373,-171739.7414292379,-13,20.0
2024-02-09 11:45:30,0.9805488681270564,70789.40279584577,-171739.10788547585,70772.9149468953,-171738.43357661384,70770.25321015749,-171739.30608726438,-7,20.0
2024-02-09 11:45:30,0.7765056782964047,70789.40279584577,-171739.10788547585,70772.9149468953,-171738.43357661384,70770.87729489595,-171739.12739689974,-7,20.0
2024-02-09 11:45:31,0.6305174439971997,70789.40279584577,-171739.10788547585,70772.9149468953,-171738.43357661384,70771.29155860093,-171738.99822890313,-6,20.0
2024-02-09 11:45:31,0.5884248850649179,70789.40279584577,-171739.10788547585,70772.9149468953,-171738.43357661384,70771.68534191634,-171738.97220584002,-6,20.0
timestamp,直線との距離:,startx:,starty:,goalx:,goaly:,x:,y:,操作量,sp
2024-02-09 11:45:32,0.0,70772.0255582393,-171738.8421221156,70767.81304474265,-171743.65567093433,70772.0255582393,-171738.8421221156,4,20.0
2024-02-09 11:45:33,-0.1080754615755724,70772.0255582393,-171738.8421221156,70767.81304474265,-171743.65567093433,70772.15823164805,-171738.52641102305,2,20.0
2024-02-09 11:45:33,-0.09124457026003913,70772.0255582393,-171738.8421221156,70767.81304474265,-171743.65567093433,70772.43254486534,-171738.2385161926,1,20.0
2024-02-09 11:45:34,0.030307677612032884,70772.0255582393,-171738.8421221156,70767.81304474265,-171743.65567093433,70772.5322525219,-171738.30915435817,-2,20.0
2024-02-09 11:45:34,0.14414153318838627,70772.0255582393,-171738.8421221156,70767.81304474265,-171743.65567093433,70772.50064230438,-171738.51812658843,-4,20.0
2024-02-09 11:45:35,0.23303522992061804,70772.0255582393,-171738.8421221156,70767.81304474265,-171743.65567093433,70772.12777539456,-171739.07917494111,-5,20.0
2024-02-09 11:45:35,0.33458511824711457,70772.0255582393,-171738.8421221156,70767.81304474265,-171743.65567093433,70771.69749747294,-171739.72504351923,-7,20.0
2024-02-09 11:45:36,0.40560222673260415,70772.0255582393,-171738.8421221156,70767.81304474265,-171743.65567093433,70771.39253389834,-171740.1813553413,-8,20.0
2024-02-09 11:45:36,0.4404583821207399,70772.0255582393,-171738.8421221156,70767.81304474265,-171743.65567093433,70770.86351838443,-171740.83877762535,-8,20.0
2024-02-09 11:45:37,0.495956710764523,70772.0255582393,-171738.8421221156,70767.81304474265,-171743.65567093433,70770.36544837424,-171741.49218341624,-9,20.0
2024-02-09 11:45:37,0.4762137383474963,70772.0255582393,-171738.8421221156,70767.81304474265,-171743.65567093433,70769.98211827085,-171741.90022763173,-8,20.0
2024-02-09 11:45:38,0.4083433640562963,70772.0255582393,-171738.8421221156,70767.81304474265,-171743.65567093433,70769.40233930567,-171742.45967031634,-7,20.0
2024-02-09 11:45:38,0.2934163146384416,70772.0255582393,-171738.8421221156,70767.81304474265,-171743.65567093433,70768.78104741345,-171742.99509535407,-5,20.0
timestamp,直線との距離:,startx:,starty:,goalx:,goaly:,x:,y:,操作量,sp
2024-02-09 11:45:39,0.0,70768.33424741555,-171743.3095469769,70767.4504649894,-171758.08261034725,70768.33424741555,-171743.3095469769,2,20.0
2024-02-09 11:45:40,0.0,70768.33424741555,-171743.3095469769,70767.4504649894,-171758.08261034725,70768.33424741555,-171743.3095469769,0,20.0
2024-02-09 11:45:40,-1.4604090753039651,70768.33424741555,-171743.3095469769,70767.4504649894,-171758.08261034725,70766.8115028736,-171744.307884775,24,20.0
2024-02-09 11:45:41,-1.4604090753039651,70768.33424741555,-171743.3095469769,70767.4504649894,-171758.08261034725,70766.8115028736,-171744.307884775,14,20.0
2024-02-09 11:45:41,-2.0883484408543205,70768.33424741555,-171743.3095469769,70767.4504649894,-171758.08261034725,70766.15747827089,-171744.72515228848,25,20.0
2024-02-09 11:45:42,-2.9933779768966793,70768.33424741555,-171743.3095469769,70767.4504649894,-171758.08261034725,70765.19732857677,-171745.61947862865,36,20.0
2024-02-09 11:45:42,-3.4693908332185526,70768.33424741555,-171743.3095469769,70767.4504649894,-171758.08261034725,70764.68072178305,-171746.28380993573,38,20.0
2024-02-09 11:45:43,-3.4693908332185526,70768.33424741555,-171743.3095469769,70767.4504649894,-171758.08261034725,70764.68072178305,-171746.28380993573,34,20.0
2024-02-09 11:45:43,-3.821839417843837,70768.33424741555,-171743.3095469769,70767.4504649894,-171758.08261034725,70764.23246320215,-171747.8748104073,40,20.0
2024-02-09 11:45:44,-3.7409166072277307,70768.33424741555,-171743.3095469769,70767.4504649894,-171758.08261034725,70764.28137422592,-171748.4123290082,36,20.0
2024-02-09 11:45:44,-3.477796788704218,70768.33424741555,-171743.3095469769,70767.4504649894,-171758.08261034725,70764.49871101265,-171749.18548894383,32,20.0
2024-02-09 11:45:45,-3.477796788704218,70768.33424741555,-171743.3095469769,70767.4504649894,-171758.08261034725,70764.49871101265,-171749.18548894383,34,20.0
2024-02-09 11:45:45,-2.6393775534588393,70768.33424741555,-171743.3095469769,70767.4504649894,-171758.08261034725,70765.27825172497,-171750.19474245992,20,20.0
2024-02-09 11:45:46,-2.0204896342295044,70768.33424741555,-171743.3095469769,70767.4504649894,-171758.08261034725,70765.87222384362,-171750.6297237272,15,20.0
2024-02-09 11:45:47,-1.5427458388655546,70768.33424741555,-171743.3095469769,70767.4504649894,-171758.08261034725,70766.33784643258,-171750.84661595974,12,20.0
2024-02-09 11:45:47,-1.063077689538889,70768.33424741555,-171743.3095469769,70767.4504649894,-171758.08261034725,70766.80796911962,-171751.0205102733,7,20.0
2024-02-09 11:45:48,-0.2875996394564826,70768.33424741555,-171743.3095469769,70767.4504649894,-171758.08261034725,70767.56993356835,-171751.2695752557,-3,20.0
2024-02-09 11:45:48,0.2616172746363784,70768.33424741555,-171743.3095469769,70767.4504649894,-171758.08261034725,70768.11346210226,-171751.38107412957,-7,20.0
2024-02-09 11:45:49,1.1152052566167618,70768.33424741555,-171743.3095469769,70767.4504649894,-171758.08261034725,70768.95781304754,-171751.56098757035,-18,20.0
2024-02-09 11:45:49,1.9782573438520141,70768.33424741555,-171743.3095469769,70767.4504649894,-171758.08261034725,70769.81104124141,-171751.75099358245,-26,20.0
2024-02-09 11:45:50,2.54887167444162,70768.33424741555,-171743.3095469769,70767.4504649894,-171758.08261034725,70770.37268264098,-171751.91803556966,-30,20.0
2024-02-09 11:45:50,3.3590816344012056,70768.33424741555,-171743.3095469769,70767.4504649894,-171758.08261034725,70771.16571635552,-171752.2293622719,-40,20.0
2024-02-09 11:45:51,4.087501330417482,70768.33424741555,-171743.3095469769,70767.4504649894,-171758.08261034725,70771.86961567485,-171752.66100712577,-46,20.0
2024-02-09 11:45:51,4.681698277749385,70768.33424741555,-171743.3095469769,70767.4504649894,-171758.08261034725,70772.42823178056,-171753.27352438297,-51,20.0
2024-02-09 11:45:52,4.968135654507286,70768.33424741555,-171743.3095469769,70767.4504649894,-171758.08261034725,70772.68611982671,-171753.75930737195,-52,20.0
2024-02-09 11:45:53,5.163262634583518,70768.33424741555,-171743.3095469769,70767.4504649894,-171758.08261034725,70772.83215347791,-171754.58576933888,-53,20.0
2024-02-09 11:45:53,5.040968417313715,70768.33424741555,-171743.3095469769,70767.4504649894,-171758.08261034725,70772.66222197766,-171755.3784062351,-50,20.0
2024-02-09 11:45:54,4.610893333075278,70768.33424741555,-171743.3095469769,70767.4504649894,-171758.08261034725,70772.19284880081,-171756.02244941905,-44,20.0
2024-02-09 11:45:54,4.198905730750815,70768.33424741555,-171743.3095469769,70767.4504649894,-171758.08261034725,70771.76256338602,-171756.31599825894,-40,20.0
2024-02-09 11:45:55,3.4840880111852544,70768.33424741555,-171743.3095469769,70767.4504649894,-171758.08261034725,70771.03496179727,-171756.50832739248,-30,20.0
2024-02-09 11:45:55,2.4973959698793355,70768.33424741555,-171743.3095469769,70767.4504649894,-171758.08261034725,70770.05674460459,-171756.3371766305,-19,20.0
2024-02-09 11:45:56,2.4973959698793355,70768.33424741555,-171743.3095469769,70767.4504649894,-171758.08261034725,70770.05674460459,-171756.3371766305,-25,20.0
2024-02-09 11:45:56,1.2276522209401037,70768.33424741555,-171743.3095469769,70767.4504649894,-171758.08261034725,70768.83648985489,-171755.4719855669,-4,20.0
2024-02-09 11:45:57,0.8602575091321113,70768.33424741555,-171743.3095469769,70767.4504649894,-171758.08261034725,70768.49169873452,-171755.08317048504,-7,20.0
2024-02-09 11:45:57,0.3484946954163515,70768.33424741555,-171743.3095469769,70767.4504649894,-171758.08261034725,70768.01680034709,-171754.45166074426,0,20.0
2024-02-09 11:45:58,0.3484946954163515,70768.33424741555,-171743.3095469769,70767.4504649894,-171758.08261034725,70768.01680034709,-171754.45166074426,-4,20.0
2024-02-09 11:45:59,-0.6389577153541631,70768.33424741555,-171743.3095469769,70767.4504649894,-171758.08261034725,70767.10530212994,-171753.15252113246,13,20.0
2024-02-09 11:45:59,-0.6389577153541631,70768.33424741555,-171743.3095469769,70767.4504649894,-171758.08261034725,70767.10530212994,-171753.15252113246,6,20.0
2024-02-09 11:46:00,-1.4820437425126451,70768.33424741555,-171743.3095469769,70767.4504649894,-171758.08261034725,70766.32590430704,-171752.06273084084,20,20.0
2024-02-09 11:46:00,-1.4820437425126451,70768.33424741555,-171743.3095469769,70767.4504649894,-171758.08261034725,70766.32590430704,-171752.06273084084,14,20.0
2024-02-09 11:46:01,-2.0579603340555646,70768.33424741555,-171743.3095469769,70767.4504649894,-171758.08261034725,70765.78694227482,-171751.42779721032,24,20.0
2024-02-09 11:46:01,-3.177484438829298,70768.33424741555,-171743.3095469769,70767.4504649894,-171758.08261034725,70764.7228526474,-171750.4677125236,39,20.0
2024-02-09 11:46:02,-3.9433222159577452,70768.33424741555,-171743.3095469769,70767.4504649894,-171758.08261034725,70763.98327425621,-171750.0058806222,44,20.0
2024-02-09 11:46:02,-4.745680334551461,70768.33424741555,-171743.3095469769,70767.4504649894,-171758.08261034725,70763.19407722347,-171749.76190487476,53,20.0
2024-02-09 11:46:03,-5.3145577557710855,70768.33424741555,-171743.3095469769,70767.4504649894,-171758.08261034725,70762.62061198938,-171749.8215924512,57,20.0
2024-02-09 11:46:04,-5.380153739864977,70768.33424741555,-171743.3095469769,70767.4504649894,-171758.08261034725,70762.5548145325,-171749.82299986325,54,20.0
2024-02-09 11:46:04,-5.386189277860661,70768.33424741555,-171743.3095469769,70767.4504649894,-171758.08261034725,70762.54526247617,-171749.88160064036,53,20.0
