timestamp,直線との距離:,startx:,starty:,goalx:,goaly:,x:,y:,操作量,sp
2024-01-26 16:14:09,-0.0,70774.13718872092,-171742.94413651575,70774.48352805714,-171732.16460188924,70774.13718872092,-171742.94413651575,0,15.0
2024-01-26 16:14:09,-0.0,70774.13718872092,-171742.94413651575,70774.48352805714,-171732.16460188924,70774.13718872092,-171742.94413651575,0,15.0
2024-01-26 16:14:10,-0.12247111626193949,70774.13718872092,-171742.94413651575,70774.48352805714,-171732.16460188924,70774.26048294522,-171742.9204848874,0,15.0
2024-01-26 16:14:11,-0.2035106888257066,70774.13718872092,-171742.94413651575,70774.48352805714,-171732.16460188924,70774.3443398064,-171742.8341005723,1,15.0
2024-01-26 16:14:11,-0.1768554651769586,70774.13718872092,-171742.94413651575,70774.48352805714,-171732.16460188924,70774.33804799245,-171742.1998776475,2,15.0
2024-01-26 16:14:12,-0.21786194323961686,70774.13718872092,-171742.94413651575,70774.48352805714,-171732.16460188924,70774.39812412322,-171741.60700855625,3,15.0
2024-01-26 16:14:12,-0.18736489315933016,70774.13718872092,-171742.94413651575,70774.48352805714,-171732.16460188924,70774.38257244199,-171741.1413561149,4,15.0
2024-01-26 16:14:13,-0.18736489315933016,70774.13718872092,-171742.94413651575,70774.48352805714,-171732.16460188924,70774.38257244199,-171741.1413561149,5,15.0
2024-01-26 16:14:13,-0.0763371268031091,70774.13718872092,-171742.94413651575,70774.48352805714,-171732.16460188924,70774.29360429588,-171740.45298492684,5,15.0
2024-01-26 16:14:14,0.18075649901947477,70774.13718872092,-171742.94413651575,70774.48352805714,-171732.16460188924,70774.05827474703,-171739.7714663923,4,15.0
2024-01-26 16:14:14,0.46549974182925763,70774.13718872092,-171742.94413651575,70774.48352805714,-171732.16460188924,70773.7955698181,-171739.08096838582,2,15.0
2024-01-26 16:14:15,0.8746644520458119,70774.13718872092,-171742.94413651575,70774.48352805714,-171732.16460188924,70773.41952529547,-171738.0435576564,-2,15.0
2024-01-26 16:14:15,0.8746644520458119,70774.13718872092,-171742.94413651575,70774.48352805714,-171732.16460188924,70773.41952529547,-171738.0435576564,-7,15.0
2024-01-26 16:14:16,1.93613810656566,70774.13718872092,-171742.94413651575,70774.48352805714,-171732.16460188924,70772.38751058081,-171737.10962390644,-16,15.0
2024-01-26 16:14:16,2.344041677181267,70774.13718872092,-171742.94413651575,70774.48352805714,-171732.16460188924,70771.9936336324,-171736.66650537145,-28,15.0
2024-01-26 16:14:17,2.344041677181267,70774.13718872092,-171742.94413651575,70774.48352805714,-171732.16460188924,70771.9936336324,-171736.66650537145,-40,15.0
2024-01-26 16:14:17,2.5730293221029195,70774.13718872092,-171742.94413651575,70774.48352805714,-171732.16460188924,70771.77474132004,-171736.3486185637,-53,15.0
2024-01-26 16:14:18,3.0739555279776813,70774.13718872092,-171742.94413651575,70774.48352805714,-171732.16460188924,70771.2853773312,-171735.9807086752,-68,15.0
2024-01-26 16:14:18,3.350945718119354,70774.13718872092,-171742.94413651575,70774.48352805714,-171732.16460188924,70771.01713298408,-171735.70405270276,-85,15.0
2024-01-26 16:14:19,3.86133721343323,70774.13718872092,-171742.94413651575,70774.48352805714,-171732.16460188924,70770.51976547112,-171735.2904945204,-90,15.0
2024-01-26 16:14:19,4.220574007875291,70774.13718872092,-171742.94413651575,70774.48352805714,-171732.16460188924,70770.17477478748,-171734.84132619252,-90,15.0
2024-01-26 16:14:20,4.355546630414102,70774.13718872092,-171742.94413651575,70774.48352805714,-171732.16460188924,70770.04754296805,-171734.59823216,-90,15.0
2024-01-26 16:14:20,4.402097775852489,70774.13718872092,-171742.94413651575,70774.48352805714,-171732.16460188924,70770.00896178138,-171734.34942593644,-90,15.0
2024-01-26 16:14:21,4.0377031769668426,70774.13718872092,-171742.94413651575,70774.48352805714,-171732.16460188924,70770.37832824793,-171734.20053290445,-90,15.0
2024-01-26 16:14:21,3.7101206213697653,70774.13718872092,-171742.94413651575,70774.48352805714,-171732.16460188924,70770.71072077025,-171734.05608768796,-90,15.0
2024-01-26 16:14:22,3.0396291537987423,70774.13718872092,-171742.94413651575,70774.48352805714,-171732.16460188924,70771.3716790435,-171734.3635691767,-90,15.0
2024-01-26 16:14:23,2.712283511750637,70774.13718872092,-171742.94413651575,70774.48352805714,-171732.16460188924,70771.66941175816,-171735.29050518246,-90,15.0
2024-01-26 16:14:23,2.712283511750637,70774.13718872092,-171742.94413651575,70774.48352805714,-171732.16460188924,70771.66941175816,-171735.29050518246,-90,15.0
2024-01-26 16:14:24,2.681003463436781,70774.13718872092,-171742.94413651575,70774.48352805714,-171732.16460188924,70771.69265543726,-171735.54113311588,-90,15.0
2024-01-26 16:14:24,2.806793917849218,70774.13718872092,-171742.94413651575,70774.48352805714,-171732.16460188924,70771.5622070648,-171735.68408682596,-90,15.0
2024-01-26 16:14:25,3.147899375747542,70774.13718872092,-171742.94413651575,70774.48352805714,-171732.16460188924,70771.22511055233,-171735.55383327493,-90,15.0
2024-01-26 16:14:25,3.418744709643166,70774.13718872092,-171742.94413651575,70774.48352805714,-171732.16460188924,70770.96334350375,-171735.2669289925,-90,15.0
2024-01-26 16:14:26,3.4849002131031024,70774.13718872092,-171742.94413651575,70774.48352805714,-171732.16460188924,70770.91099063352,-171734.83627058877,-90,15.0
2024-01-26 16:14:26,3.572476987594553,70774.13718872092,-171742.94413651575,70774.48352805714,-171732.16460188924,70770.83567517031,-171734.45324056022,-90,15.0
2024-01-26 16:14:27,3.420426679849712,70774.13718872092,-171742.94413651575,70774.48352805714,-171732.16460188924,70770.99827253717,-171734.12741379548,-90,15.0
2024-01-26 16:14:27,3.4476473143258417,70774.13718872092,-171742.94413651575,70774.48352805714,-171732.16460188924,70770.9798592832,-171733.85285394886,-90,15.0
2024-01-26 16:14:28,3.4089385957301825,70774.13718872092,-171742.94413651575,70774.48352805714,-171732.16460188924,70771.02406300178,-171733.68244815478,-90,15.0
2024-01-26 16:14:28,3.4089385957301825,70774.13718872092,-171742.94413651575,70774.48352805714,-171732.16460188924,70771.02406300178,-171733.68244815478,-90,15.0
2024-01-26 16:14:29,2.8988845697344177,70774.13718872092,-171742.94413651575,70774.48352805714,-171732.16460188924,70771.51061422002,-171734.42214597066,-90,15.0
2024-01-26 16:14:29,3.0598355672530184,70774.13718872092,-171742.94413651575,70774.48352805714,-171732.16460188924,70771.3317064505,-171734.97845116846,-90,15.0
