70797.92005562394,-171728.58837792915
70797.93659698173,-171728.58358171873
70797.95745399172,-171728.57170645896
70798.09887798759,-171728.5512030673
70798.31363943139,-171728.51570030398
70798.66260978827,-171728.4242205756
70798.90924661662,-171728.32766892423
70799.30551049547,-171728.20830899727
70799.69089536379,-171728.04370027038
70799.92037116527,-171727.93140063476
70800.28846524273,-171727.79233127716
70800.67130724175,-171727.63385787146
70800.9258973038,-171727.5374106374
70801.3003689096,-171727.41882700112
70801.54760456471,-171727.36781341626
70801.90491653689,-171727.35530335509
70802.23500675721,-171727.41656957366
70802.4027298812,-171727.44763836724
70802.65135266773,-171727.57397399764
70802.814187058,-171727.69081178942
70803.02234070445,-171727.90957196185
70803.1109117599,-171728.05826621875
70803.20762346982,-171728.32018309162
70803.19191860416,-171728.6102702822
70803.11498978213,-171728.7984112428
70802.89989523447,-171729.01739044173
70802.68808934993,-171729.15506019216
70802.46506809091,-171729.29543561846
70802.17004812403,-171729.5152253001
70801.72840176088,-171729.8374027012
70801.25680684863,-171730.20783481337
70800.986433396,-171730.4649577616
70800.58989613253,-171730.8142633915
70800.18580157464,-171731.2160400155
70799.9044434468,-171731.525668693
70799.51127098443,-171731.9769518162
70799.19367468245,-171732.37711070015
70799.01084915495,-171732.65500708978
70798.86527098106,-171733.09063461726
70798.7520663206,-171733.36560335523
70798.56680630935,-171733.76849335057
70798.2304160721,-171734.32991382925
70797.9969364847,-171734.7775410189
70797.84248911477,-171735.06866477366
70797.50260272677,-171735.4610886137
70797.17855149494,-171735.8602020169
70796.9404228398,-171736.10625976537
70796.56351796041,-171736.37705221752
70796.30541008175,-171736.46464827325
70795.91749698584,-171736.60984282175
70795.48703235354,-171736.75028491713
70795.04919336118,-171736.78545757543
70794.77714007876,-171736.75526133302
70794.44536516165,-171736.64957844012
70794.26491699007,-171736.5399543359
70794.0499706468,-171736.3273723745
70793.92549845578,-171736.11313248612
70793.90470795751,-171735.96930502815
70793.92564272952,-171735.81635295585
70793.98989136465,-171735.68925146107
70794.13517930069,-171735.52244904137
70794.34256268034,-171735.42185223373
70794.49581634482,-171735.3916017341
70794.71938376683,-171735.3861874805
70794.83961252547,-171735.43884389746
70795.02789377188,-171735.55023995295
70795.172434384,-171735.72891475607
70795.29306577375,-171736.01058422134
70795.31005287619,-171736.25257399524
70795.25478168727,-171736.62952233452
