70789.916721136,-171734.32534412088
70789.92839839513,-171734.3411476943
70789.91407687069,-171734.33499816761
70789.96173265632,-171734.35636140758
70790.05305399401,-171734.96565415696
70790.26303685112,-171735.7975770345
70790.50319303306,-171736.3735168038
70791.00767324641,-171737.21800542736
70791.43638219757,-171737.7292712362
70792.32167037553,-171738.28219243806
70792.98186782884,-171738.54154344535
70793.67477103465,-171738.7135473682
70794.41435237585,-171738.76992137148
70795.49241253787,-171738.6871562182
70796.19131016912,-171738.51733222805
70796.81042345545,-171738.28111166056
70797.39198474052,-171737.96529169948
70798.10403070193,-171737.25324673534
70798.81683053539,-171736.33161652114
70799.13244996824,-171735.83113228346
70799.22072374815,-171735.26093424848
70799.19260051436,-171734.90778876978
70798.8009987097,-171734.32412801683
70798.07642384818,-171734.07098453303
70797.73803317189,-171733.89427544567
70797.2043595483,-171733.72695207887
70796.80828976093,-171733.63562154616
70796.09360730568,-171733.58732659923
70795.18693938317,-171733.60318501623
70794.75001526119,-171733.6203898857
70794.14146950547,-171733.5465801815
70793.70584353845,-171733.4754604464
70793.4590236465,-171733.3376275908
70793.20090869254,-171733.35690725627
70793.05022851052,-171733.27586300057
70792.94345624548,-171733.10347021752
70792.86125358347,-171732.96082085476
70792.68287146254,-171732.8250711424
