70790.8781300256,-171723.71119577377
70790.90640109839,-171723.74090167455
70790.89911819225,-171723.75282442267
70790.89956513475,-171723.75633753568
70790.8951123838,-171723.76341797007
70790.9090263656,-171723.76994190362
70790.91349600702,-171723.76452755017
70790.92461932254,-171723.76626616128
70790.93104956383,-171723.7649049899
70790.94035305339,-171723.776474428
70790.94844906048,-171723.7771328975
70790.93634724496,-171723.78706797474
70790.93694817285,-171723.79224577866
70790.94621600021,-171723.80029793372
70790.93581568962,-171723.80225477606
70790.93062108925,-171723.81730371583
70790.93601089313,-171723.82150726832
70790.94123169604,-171723.82256516945
