70791.23837625232,-171730.96573870248
70791.23450760756,-171730.9628157003
70791.24126797424,-171731.03458114885
70791.2371517195,-171731.31825607148
70791.23997977114,-171731.691838214
70791.28410272308,-171732.10850936326
70791.306217918,-171732.7886715317
70791.32264396356,-171733.2593138566
70791.24006600826,-171733.74225348656
70791.04965786853,-171734.1648202196
70790.58297831463,-171734.60092615127
70790.19304987237,-171734.79075935343
70789.59626664662,-171734.9169654178
70789.1772714018,-171734.9715714069
70788.54967151834,-171735.20917331788
70788.18949927192,-171735.48053621937
70787.70623465769,-171735.95772585552
70787.36383135308,-171736.31833077187
70786.72695562709,-171736.89871912712
70786.40495278437,-171737.27004037387
70785.9642279229,-171737.79141713315
70785.69062649243,-171738.16298818815
70785.24161175212,-171738.7322148431
70784.93557173257,-171739.0957834754
70784.45456538303,-171739.6470056385
70783.93882166111,-171740.20691119906
70783.59827345033,-171740.56120238025
70783.10940001086,-171741.1073203048
70782.77641597872,-171741.50448704124
70782.33838130753,-171742.08841331338
70782.07681174365,-171742.47023003284
70781.74069957506,-171743.03220226942
70781.3466646249,-171743.5608812286
70780.97988298575,-171744.10002195064
70780.65063480553,-171744.6493350819
70780.33473531906,-171745.20351163083
70780.01161476648,-171745.77571986607
70779.44686854031,-171746.73602238396
70779.06604821367,-171747.32399690614
70778.77753194835,-171747.8203175092
70778.76055053255,-171747.6464588613
70778.97419787948,-171747.00056424437
70779.12067124664,-171747.1129399663
70779.27906760246,-171747.53585830057
70779.2300660299,-171747.15182104576
70779.42086974888,-171746.45709611475
70779.58870205632,-171745.9849561611
70779.91611087402,-171745.30828599885
70780.09653786232,-171744.96950367556
70780.40183206307,-171744.45116650398
70780.61325172488,-171744.0859653561
70780.91907377336,-171743.5385559635
70781.1722031203,-171743.24384025412
70781.56272176577,-171742.8146166736
70782.07451249093,-171742.2840033604
70782.45211356066,-171741.94655456013
70782.73003785075,-171741.66325118995
70783.09333091373,-171741.25337286125
70783.36010301943,-171741.06016015043
70783.75173789705,-171740.76811323402
70783.93990043049,-171740.6514193582
70784.14889938012,-171740.52081393966
70784.39740734345,-171740.4194302281
70784.70254804885,-171740.3187683319
70784.87285828519,-171740.212808352
