70791.10234374921,-171730.00346864757
70791.10061409253,-171730.0086700806
70791.10487299197,-171730.0771283878
70791.11109173729,-171730.28479146838
70791.11470503084,-171730.61411739056
70791.10678919942,-171730.9692945524
70791.11840870508,-171731.5743966412
70791.11013196378,-171731.98863685064
70791.12891786043,-171732.5973690622
70791.1348989043,-171732.99794955173
70791.18814028462,-171733.6107757533
70791.22015022379,-171734.02275609795
70791.25952641605,-171734.63387148624
70791.29967622053,-171735.26719572896
70791.34243201159,-171735.68425101528
70791.40300483971,-171736.34402822368
70791.45707918398,-171736.7820746112
70791.52677137079,-171737.47582495867
70791.58108785785,-171737.93775184173
70791.672885822,-171738.64812571573
70791.77180688691,-171739.3849022643
70791.83685603141,-171739.8641234051
70791.93262029559,-171740.5870465224
70792.02798087968,-171741.29719912802
70792.09601420537,-171741.7732426425
70792.20687764823,-171742.4843488941
70792.28039285984,-171742.960151684
70792.3743167985,-171743.67735413837
70792.48475024442,-171744.38661335368
70792.5932249831,-171745.09200450385
70792.75081547197,-171746.0438732803
70792.98254479808,-171746.4242063286
70792.95145061002,-171746.46765902484
70792.9372527185,-171746.51427290993
70792.94829341036,-171746.52138139066
70792.97630931174,-171746.52591094605
70792.98109639855,-171746.51123641527
70792.95881200534,-171746.53108711497
