70799.31534988114,-171729.35440577337
70799.1208464286,-171729.35952546087
70798.95071173132,-171729.37458069294
70799.20802103751,-171729.31642975606
70799.53714874355,-171729.1881233632
70800.06449335934,-171728.8935885143
70800.39158585168,-171728.63218765933
70800.77099788225,-171728.21659073752
70801.09523382972,-171727.9709556433
70801.39941262032,-171727.77551149996
70801.78607807792,-171727.6425484648
70802.18787333474,-171727.79824907944
70802.3896432794,-171728.11760456962
70802.51361957351,-171728.39109387243
70803.08129716621,-171730.15397159138
70803.25993829724,-171730.8560591153
70803.41326402723,-171731.59006215126
70803.68018152131,-171731.9385643576
70805.93198774318,-171732.08272411293
70806.98993374359,-171732.4907799295
70807.43626836702,-171732.48218039484
70807.26812891185,-171732.80213979774
70806.7845497074,-171732.88313616713
70806.40558449218,-171732.81551566534
70806.04466763228,-171732.49962563056
70805.82248011277,-171732.113827202
70805.7582362418,-171731.48426499896
70806.04289978957,-171731.05444724087
70806.34606045579,-171730.93436484778
70806.84992138033,-171730.98757385608
70806.9651943278,-171730.9841831564
70806.99950113638,-171731.081773856
70807.11590458153,-171731.0952193547
70807.09043360897,-171731.03067895825
70807.03107796893,-171730.991290849
70806.9810200903,-171731.00346227307
70806.91538985261,-171731.03486095785
70806.8669677055,-171731.04609009696
70806.83855367402,-171731.05637577063
70806.82188818623,-171731.11652987124
70806.80426326898,-171731.10911790567
70806.75730972453,-171731.11644422892
70806.71888783506,-171731.14034655353
70806.66521104051,-171731.16070079905
70806.62781267837,-171731.1773723153
70806.57441597797,-171731.11718818493
70806.52723513226,-171731.14266044894
70806.46790193237,-171731.13252409556
70806.4329620492,-171731.09418434696
70806.4471352707,-171731.08570934928
70806.38266945112,-171731.09673091213
70806.35251267912,-171731.09740701935
70806.3027799033,-171731.0469981035
70806.26515447396,-171731.0142397641
70806.2378446528,-171731.03876995132
70806.192047929,-171731.05200899186
