70788.95595718919,-171721.6221347922
70788.95893170938,-171721.65857704772
70788.97329817663,-171721.6826846196
70788.96554760354,-171721.70257309015
70788.9658931114,-171721.70960487562
70788.97291309456,-171721.69879562914
70788.94217029071,-171721.72280513836
70788.92939755385,-171721.81531907927
70788.93865387898,-171721.86280599353
70788.94491104843,-171721.9119895694
70788.93393928962,-171722.00633664138
70788.94920886341,-171722.0654263545
70788.9450278697,-171722.1669250031
70788.96108434319,-171722.2224890965
70788.96263154643,-171722.26690680752
70788.99174768652,-171722.29882581622
70788.98417346338,-171722.34963074
70788.99282518787,-171722.37805445187
70789.03476247276,-171722.3898484391
