70801.01088892158,-171730.8349880919
70801.07338287932,-171730.81880267925
70801.13121003017,-171730.8021091732
70801.17169203471,-171730.79207142632
70801.21109606195,-171730.78389600114
70801.25644396746,-171730.76695876176
70801.28964125541,-171730.75514349426
70801.34480731311,-171730.73292279587
70801.38263573576,-171730.7180983379
70801.40794168218,-171730.71228754532
70801.4387689583,-171730.69660838778
70801.45799398869,-171730.68604564125
70801.49330592461,-171730.66643308362
70801.5214382672,-171730.65540973208
70801.55276693076,-171730.64861216926
70801.5932414775,-171730.6243187808
70801.64052558073,-171730.6090281563
70801.6641263362,-171730.59731020156
70801.70329940914,-171730.57988015772
70801.73496614065,-171730.56585873882
70801.76327317447,-171730.54502123917
70801.80033915977,-171730.52261380648
70801.83991600166,-171730.50443911058
70801.86144158244,-171730.49089080768
70801.9087651625,-171730.46597254416
70801.93224013956,-171730.4418515415
70801.96296041242,-171730.41562053317
70801.99519621779,-171730.3901147137
70802.03702855586,-171730.36451158003
70802.05378220566,-171730.34008845352
70802.09914705732,-171730.3113021313
70802.1181335656,-171730.3042594444
70802.17977502791,-171730.258090122
70802.21815375058,-171730.22993006132
70802.27890876806,-171730.19099015303
70802.30346546997,-171730.16537706467
70802.34407330064,-171730.15422719982
70802.36497165894,-171730.13290941165
70802.41289434744,-171730.09946866706
70802.43694773126,-171730.07830402162
70802.47547850783,-171730.0651386895
70802.49894967416,-171730.05416260255
70802.52617685395,-171730.03500230267
70802.54202711197,-171730.0296576724
70802.57549294831,-171730.01728425766
70802.61457585239,-171730.00448360218
70802.62816128203,-171729.9921266497
70802.66370604248,-171729.98195382344
70802.68979882196,-171729.98613256216
70802.72965740997,-171729.95518040154
70802.7454438406,-171729.9435416863
70802.77601382005,-171729.9295313841
70802.81015010377,-171729.91567005595
70802.8254857786,-171729.9136631484
70802.86227376475,-171729.90440340867
70802.88648295995,-171729.89860373278
70802.9180576456,-171729.88902658032
70802.93581219338,-171729.8821815249
70802.96549380019,-171729.88873067798
70802.97879753416,-171729.8756360257
70803.00274568438,-171729.87113497054
70803.0337982801,-171729.86415506093
70803.05683933964,-171729.86484710075
70803.08533409431,-171729.86252160993
70803.10751880152,-171729.85988982944
70803.14858483766,-171729.8533637914
70803.16271300992,-171729.8404459173
70803.18707055913,-171729.83575557082
70803.20905997978,-171729.82738645552
70803.22379471693,-171729.82020174476
70803.25765869083,-171729.80652831504
70803.27106942913,-171729.80398550854
70803.29425513979,-171729.79190147863
70803.31973947237,-171729.79016193142
70803.34686136525,-171729.8011803814
70803.3680769845,-171729.81114789032
70803.38613194608,-171729.8204068936
70803.4096330445,-171729.83942304595
70803.4297857569,-171729.83921867886
70803.44577117838,-171729.8472026955
70803.46421301615,-171729.85405096645
70803.48057217269,-171729.85832840938
70803.50062721527,-171729.8620129543
70803.51251866412,-171729.85837472082
70803.53863590142,-171729.85144485868
70803.55897832163,-171729.8429073061
70803.5641690966,-171729.84100327498
70803.57948036633,-171729.83658980377
70803.59235592278,-171729.82183324065
70803.60242948943,-171729.81469579515
70803.6231268715,-171729.80060046812
70803.6286406903,-171729.78999162043
70803.64564782016,-171729.77704455005
70803.65697968213,-171729.75878599627
70803.6729219787,-171729.74899709036
70803.68962300447,-171729.7329057572
70803.6989904543,-171729.7237389435
70803.70683110545,-171729.71273622286
70803.72277152243,-171729.70276219575
70803.73375968591,-171729.69117213658
70803.73869321695,-171729.67742180906
70803.7433281069,-171729.67478285817
70803.7486672867,-171729.66047299837
70803.76458705749,-171729.6484626493
70803.76778906182,-171729.63972863785
70803.77929180738,-171729.62480085593
70803.77593774228,-171729.61854013882
70803.78169195516,-171729.60459634778
70803.7843606084,-171729.59734885689
70803.78649027251,-171729.59103253006
70803.78899366931,-171729.58100962668
70803.79267453897,-171729.57893576895
70803.79618081811,-171729.5596457388
70803.8072684779,-171729.55786704624
70803.80538676986,-171729.54807375427
70803.81061513656,-171729.53635696508
70803.81912435808,-171729.52368120983
70803.82347567574,-171729.5201194408
70803.82449362671,-171729.49881811347
70803.8320582102,-171729.48763305173
70803.84715349154,-171729.48896108475
70803.84790471355,-171729.4819181762
70803.85508049779,-171729.48647388726
70803.85747120852,-171729.47885893687
70803.86564241396,-171729.45989187888
70803.86155594795,-171729.44901010866
70803.87267932638,-171729.43723353965
70803.88010118915,-171729.42549450786
70803.87019861005,-171729.40893240395
70803.86969534184,-171729.39986568873
70803.8758645896,-171729.38628796858
70803.88871573973,-171729.3691248418
70803.89725317051,-171729.3457107288
70803.4359115977,-171729.38871297086
70803.0872476613,-171729.4022462433
70802.71548259763,-171729.40916361357
70802.36483751427,-171729.38957703105
70801.97342895686,-171729.3252298453
70801.62545076576,-171729.27118029687
70801.31520884107,-171729.23378086614
70801.0401979062,-171729.22286933876
70800.77096929084,-171729.21430597323
70800.51638332245,-171729.2165173236
