70786.99372189007,-171733.6621889433
70786.90275708296,-171733.75068201206
70786.81093968645,-171733.83622149655
70786.75880070507,-171733.88655253954
70786.67708692393,-171733.96791652494
70786.61866971284,-171734.03460346576
70786.57343982515,-171734.09023349461
70786.53006739076,-171734.12621994186
70786.4708295802,-171734.17958518097
70786.43538228534,-171734.2128993308
70786.38738612884,-171734.26615059588
70786.3442596414,-171734.3128726187
70786.31491586014,-171734.3396450188
70786.26055334655,-171734.38703637358
70786.22287689848,-171734.41685547866
70786.16824019775,-171734.4642496128
70786.13343707884,-171734.49348416997
70786.08988616962,-171734.5389145215
70786.04286100906,-171734.57975161556
70786.01043914977,-171734.61396078652
70785.96162614303,-171734.65426058948
70785.92508209546,-171734.68758585458
70785.87120789445,-171734.7290478039
70785.83967624426,-171734.75639780032
70785.78748478372,-171734.7880303133
70785.75031916705,-171734.81414145324
70785.71974708528,-171734.85499687758
70785.68224142009,-171734.90166191125
70785.65768839282,-171734.9276451804
70785.63190331546,-171734.96734123776
70785.6137936781,-171734.99325918185
70785.60813496787,-171735.04367439923
70785.6070963172,-171735.06293940175
70785.55706072494,-171735.10436243305
70785.51513232222,-171735.16106981848
70785.30589525883,-171735.55216848344
70784.71728174633,-171735.87564963414
70784.25957217852,-171735.84418783573
70783.68726300972,-171735.36862816807
70783.52997313227,-171734.89256377268
70783.77371849123,-171734.199708777
70784.15983865918,-171733.9858464558
70784.81133736693,-171734.11754039442
70785.13909361679,-171734.4354339505
70785.25236763453,-171735.14096168906
70785.01559704138,-171735.57510663167
70784.3452051483,-171735.79777544632
70783.88807667443,-171735.6478186755
70783.44195969682,-171735.09636856368
70783.52110669065,-171734.39666587772
70783.87698054437,-171734.0935028601
70784.56516664616,-171734.09781942502
70784.92219142668,-171734.40856611344
70785.07567900211,-171735.091099182
70784.66858300424,-171735.67026861565
70783.73757975604,-171735.6930372644
70783.37384874199,-171735.36995418224
70783.26499183866,-171734.68085902047
70783.68146654325,-171734.1071487633
