70791.45981418998,-171732.60290073266
70791.40868197658,-171732.6308197657
70791.41072328642,-171732.64283311364
70791.38318051308,-171732.67143866603
70791.37738115124,-171732.69445472112
70791.38315400975,-171732.70939246198
70791.33132679434,-171732.76342316178
70791.34486712933,-171732.76013850878
70791.31474593561,-171732.7778469928
70791.30208439432,-171732.80019206952
70791.32307664391,-171732.7881303198
70791.33218299202,-171732.7937773019
70791.34392421802,-171732.78884463763
70791.36447328038,-171732.77364001586
70791.37080780276,-171732.76283771743
70791.35421755514,-171732.7763359495
70791.36444129533,-171732.78400813258
70791.371051808,-171732.78690333487
70791.36104789843,-171732.76034472758
70791.32068396668,-171732.80907530428
70791.27603268088,-171732.84063140737
70791.23303972551,-171732.85995151402
70791.1929143201,-171732.90516202615
70791.1760647495,-171732.94717431572
70791.13719780941,-171732.95423340183
70791.17136596117,-171732.9570343327
70791.15519637831,-171732.9714539922
70791.18625845839,-171732.95188457723
70791.14808434065,-171732.9867075136
70791.14221928218,-171733.00324436536
70791.13783417289,-171733.00347396542
70791.11151787995,-171733.00429620716
70791.0502316745,-171732.97733186104
70791.06310546119,-171732.9488750412
70791.00305451981,-171733.00317426052
70791.00845371335,-171733.0083034134
70790.95919763255,-171733.0319452195
70790.94401585596,-171733.04913195202
70790.90427004902,-171733.05064577397
70790.8578590647,-171733.0844413878
70790.84321252503,-171733.10032671812
70790.82025224349,-171733.09407964355
70790.74989301633,-171733.14589142747
70790.72419454367,-171733.15355755267
70790.67751703583,-171733.161066108
70790.6101738619,-171733.21284731122
70790.58889984005,-171733.23768651648
70790.54529258276,-171733.29107845013
70790.49425601041,-171733.341953762
70790.44285530708,-171733.35691576995
70790.45601439374,-171733.35659721075
70790.46715469524,-171733.34648674537
70790.40497038688,-171733.39321688318
70790.38618086082,-171733.4332123084
70790.33566833448,-171733.46816033832
70790.24259469371,-171733.5379757778
70790.19395635005,-171733.58197662412
70790.08729349807,-171733.66377874676
70790.03214403948,-171733.72821091412
70789.96718392023,-171733.7986670048
70789.96155761684,-171733.77113831474
70789.95974184986,-171733.727278746
70789.817337352,-171733.75927053834
70789.73184372376,-171733.7518060901
70789.68461979195,-171733.745990158
70789.65007789663,-171733.74689579377
70789.61071888224,-171733.75951403516
70789.5688414357,-171733.7806742117
70789.47286082817,-171733.8207117103
70789.4439697884,-171733.82452227784
70789.40895271831,-171733.8326531569
70789.37656849547,-171733.85704958535
70789.35223508382,-171733.90469192245
70789.32917313142,-171733.9425089926
70789.31909758897,-171733.9629764545
70789.29136132299,-171733.9995449429
70789.28322940684,-171734.03591466544
70789.26480798048,-171734.07164815546
70789.23696832628,-171734.12506535396
70789.22153104741,-171734.1576212233
70789.215675208,-171734.20211399172
70789.21731641603,-171734.22875739017
70789.22458400374,-171734.26941431843
70789.22830976808,-171734.29881366825
70789.23941612673,-171734.31240136077
70789.24771117665,-171734.3191674068
70789.25955368082,-171734.33774639273
70789.28446338176,-171734.333420776
70789.31742781193,-171734.32568098625
70789.33967259861,-171734.32897309432
70789.35670783842,-171734.3323180193
70789.37297119293,-171734.34066952803
70789.4049590739,-171734.33127338896
70789.43991780747,-171734.34443410486
70789.47902140449,-171734.333669845
70789.49226487361,-171734.35519685294
70789.52332117713,-171734.36210240194
70789.56051289596,-171734.3656132419
70789.62534875779,-171734.3505150244
70789.66298374525,-171734.34365357613
70789.7018618759,-171734.3512203775
70789.72859688468,-171734.36464961007
70789.73061754384,-171734.37462663677
70789.73502314648,-171734.40346367777
