70789.5976624419,-171731.60629290596
70789.64473894291,-171731.77336653674
70789.7563286874,-171732.1775047463
70789.5443428848,-171732.83837916402
70789.14447762597,-171733.1029241394
70788.43206909111,-171733.13014212894
70788.02658441261,-171732.84043738444
70787.83151610034,-171732.14073772638
70788.0013174486,-171731.6735763335
70788.62819498782,-171731.27009710536
70789.09294671964,-171731.30648596826
70789.61865359542,-171731.7834433893
70789.63631203404,-171732.48383091425
70789.37467919152,-171732.8998993128
70788.95256374941,-171733.12005133077
70788.24708380646,-171733.03278305885
70787.90847278333,-171732.69907773146
70787.8279639167,-171731.9797026762
70788.06179714653,-171731.5263329393
70788.49751502843,-171731.26845981285
70788.98173824168,-171731.2239305956
70789.56228470108,-171731.63294135753
70789.73336715912,-171732.0629512762
70789.50167182214,-171732.72717289266
70789.11168643582,-171733.03308886488
70788.41792244214,-171733.08714813503
70788.01378013933,-171732.86222848334
70787.77985778058,-171732.21142921093
70787.88435391296,-171731.7401163099
70788.4500356977,-171731.2644978538
70788.92073914238,-171731.23880476892
70789.53565692344,-171731.5895184942
70789.69111261815,-171732.0198719898
70789.50025592312,-171732.70922874994
70788.9076178535,-171733.10902840053
70788.43553812205,-171733.06660422785
70787.88784537964,-171732.62541634485
70787.80857965481,-171731.92046953854
70788.03410282546,-171731.45885279306
70788.63591806052,-171731.13931055865
70789.11520706823,-171731.21665292344
70789.5831937375,-171731.72085560067
70789.6063655542,-171732.1671763053
70789.24698218438,-171732.77326286223
70788.81169663553,-171732.95207722994
70788.16027327166,-171732.78724299165
70787.79155771689,-171732.20242390982
