70792.07704344083,-171729.61164388809
70792.08459122523,-171729.58527759858
70792.09388519319,-171729.62295175332
70792.11190713097,-171729.83179113123
70792.17129764608,-171730.34791234188
70792.22416653764,-171730.74820256286
70792.26831133617,-171731.3022467402
70792.30185975677,-171731.64959791765
70792.32216324343,-171732.24572527755
70792.34915349439,-171732.63591009687
70792.41423966021,-171733.2134397525
70792.45708199614,-171733.6119802407
70792.50289346464,-171734.0058621478
70792.55677085284,-171734.41095575737
70792.64384815261,-171735.0208469259
70792.72708223957,-171735.4410094271
70792.89600035963,-171736.09024597652
70792.9876476302,-171736.5558674024
70793.14466573899,-171737.0591498114
70793.23803122218,-171737.55900455566
70793.3369506331,-171738.28208080577
70793.38818931495,-171738.7244141349
70793.46398168094,-171739.37070698888
70793.51117521773,-171739.80623118178
70793.54765857337,-171740.2401977182
70793.63444391478,-171740.68605854217
70793.7036006855,-171741.46220122156
70794.01413412971,-171742.2314531225
70794.13685255249,-171742.77303681738
70794.26161257603,-171743.6376676328
70794.38825390593,-171744.5931826947
70794.51728210127,-171745.20264847207
70794.64124439369,-171746.00211838714
70794.8149631407,-171746.63797619264
70794.6840326173,-171746.73335446764
70794.4504746592,-171746.59186952357
70793.99583603209,-171746.3359885553
70793.75787219506,-171746.21972718652
70793.52730239452,-171746.03488935437
70793.43861083296,-171745.5903438343
70793.48735305107,-171745.4484033029
70793.67714768343,-171745.30336632495
70793.7640372218,-171745.2321324353
70793.58559290467,-171745.0767586223
70793.3939068204,-171744.57549399044
