70789.27540795036,-171734.29222655523
70788.60365663396,-171734.51602040319
70788.11187510683,-171734.73465702293
70788.06730996643,-171735.1127927281
70788.24531506059,-171735.79285548846
70788.53346803978,-171736.18039245805
70788.93811551321,-171736.44159423554
70789.3748017472,-171736.6713677744
70789.65858674896,-171737.35831899624
70789.47491841404,-171738.121103108
70789.03478206936,-171738.55175591123
70788.25541849206,-171738.62852945182
70787.64216960715,-171738.29372065255
70787.2302318093,-171738.01667074766
70786.44017412009,-171737.6336668571
70785.54002151413,-171737.4807961862
70784.60868084464,-171737.65964067006
70784.11618445937,-171738.01065873983
70783.81903813349,-171738.7240501515
70783.89955567998,-171739.21440802235
70784.11581454337,-171739.98924458065
70784.22834210857,-171740.54000356823
70784.21335744852,-171741.13111964817
70784.00527227887,-171741.6629123397
70783.28808162181,-171741.94881765745
70782.750864837,-171741.9324175088
70781.88524854381,-171741.98099790272
70781.33762398585,-171742.222787127
70780.61026182347,-171742.79020678386
70779.91819570585,-171743.45816938207
70779.27639716219,-171744.20226993482
70778.70099067809,-171745.0171610934
70778.23387258583,-171745.88353397622
70777.87312390404,-171746.7608625827
70777.6808935029,-171747.3554416524
70777.41434922891,-171748.89664992498
70777.41552133292,-171749.8508451843
70777.5123100757,-171750.75612012594
70777.61213207663,-171751.37902712642
70777.85515680467,-171752.26504629085
70778.25317101582,-171753.11616923957
70778.55154685654,-171753.64653040064
70779.06744765256,-171754.38685588582
70779.49191670203,-171754.83151530908
70780.20416531703,-171755.4104454542
70780.990625636,-171755.89827529906
70781.54634726715,-171756.19812117814
70782.37790684961,-171756.56330183247
70783.29322004342,-171756.85894668207
70783.94061930085,-171756.99179313806
70784.87967531978,-171757.12742199423
70785.5250864049,-171757.17234736952
70786.4997598439,-171757.12914077315
70787.4838295249,-171756.98493794387
70788.13876327139,-171756.8331487572
70789.00721676774,-171756.53682268423
70789.2258005063,-171756.24264207928
70789.45689354754,-171755.95166714347
70789.46361778337,-171755.46542356507
70789.50671855189,-171755.02398512393
70789.30987802296,-171754.42002042217
70788.73239760454,-171753.82676507448
70788.54505172564,-171753.6318616049
70788.48363569089,-171753.30812049512
70788.2706562494,-171752.9379649969
70787.87474849504,-171752.60576626728
70787.74312849768,-171752.403262506
70787.53959853464,-171752.1402067484
