timestamp,直線との距離:,startx:,starty:,goalx:,goaly:,x:,y:,操作量,sp
timestamp,直線との距離:,startx:,starty:,goalx:,goaly:,x:,y:,操作量,sp
2024-01-26 17:03:28,-0.0,70780.4442182491,-171744.9941202047,70774.48352805714,-171732.16460188924,70780.4442182491,-171744.9941202047,0,15.0
2024-01-26 17:03:28,-0.0,70780.4442182491,-171744.9941202047,70774.48352805714,-171732.16460188924,70780.4442182491,-171744.9941202047,0,15.0
2024-01-26 17:03:29,-0.0,70780.4442182491,-171744.9941202047,70774.48352805714,-171732.16460188924,70780.4442182491,-171744.9941202047,0,15.0
2024-01-26 17:03:29,0.13420184892263362,70780.4442182491,-171744.9941202047,70774.48352805714,-171732.16460188924,70780.34085276182,-171745.09014445805,-1,15.0
2024-01-26 17:03:30,0.6247808544251525,70780.4442182491,-171744.9941202047,70774.48352805714,-171732.16460188924,70779.99970074194,-171745.5201634845,-2,15.0
2024-01-26 17:03:30,0.5663908364180347,70780.4442182491,-171744.9941202047,70774.48352805714,-171732.16460188924,70779.87646029757,-171745.11632838374,-2,15.0
2024-01-26 17:03:31,0.6207938283569342,70780.4442182491,-171744.9941202047,70774.48352805714,-171732.16460188924,70779.70357204572,-171744.8733270811,-3,15.0
2024-01-26 17:03:31,0.923384856616033,70780.4442182491,-171744.9941202047,70774.48352805714,-171732.16460188924,70779.25393325972,-171744.62368921418,-4,15.0
2024-01-26 17:03:32,1.234814871938464,70780.4442182491,-171744.9941202047,70774.48352805714,-171732.16460188924,70778.87669738277,-171744.5508657852,-6,15.0
2024-01-26 17:03:32,1.489362725721171,70780.4442182491,-171744.9941202047,70774.48352805714,-171732.16460188924,70778.41634571654,-171744.1641483573,-8,15.0
2024-01-26 17:03:33,1.6579773935277666,70780.4442182491,-171744.9941202047,70774.48352805714,-171732.16460188924,70778.06194845401,-171743.80153574244,-9,15.0
2024-01-26 17:03:33,2.1473241699572383,70780.4442182491,-171744.9941202047,70774.48352805714,-171732.16460188924,70777.40623379192,-171743.55157998338,-12,15.0
2024-01-26 17:03:34,2.453095493604169,70780.4442182491,-171744.9941202047,70774.48352805714,-171732.16460188924,70776.99479851706,-171743.39171746193,-15,15.0
2024-01-26 17:03:34,3.0221577418447794,70780.4442182491,-171744.9941202047,70774.48352805714,-171732.16460188924,70776.31623517846,-171743.28177327325,-18,15.0
2024-01-26 17:03:35,3.4977712053077807,70780.4442182491,-171744.9941202047,70774.48352805714,-171732.16460188924,70775.79810601096,-171743.29535677726,-22,15.0
2024-01-26 17:03:35,4.73843244144536,70780.4442182491,-171744.9941202047,70774.48352805714,-171732.16460188924,70774.57133239308,-171743.59938649987,-28,15.0
2024-01-26 17:03:36,4.73843244144536,70780.4442182491,-171744.9941202047,70774.48352805714,-171732.16460188924,70774.57133239308,-171743.59938649987,-33,15.0
2024-01-26 17:03:36,6.380804472677957,70780.4442182491,-171744.9941202047,70774.48352805714,-171732.16460188924,70773.12765014404,-171744.38993869995,-41,15.0
2024-01-26 17:03:37,6.380804472677957,70780.4442182491,-171744.9941202047,70774.48352805714,-171732.16460188924,70773.12765014404,-171744.38993869995,-47,15.0
2024-01-26 17:03:37,7.346364588094782,70780.4442182491,-171744.9941202047,70774.48352805714,-171732.16460188924,70772.25587813901,-171744.80515578797,-56,15.0
2024-01-26 17:03:38,7.346364588094782,70780.4442182491,-171744.9941202047,70774.48352805714,-171732.16460188924,70772.25587813901,-171744.80515578797,-63,15.0
2024-01-26 17:03:38,7.693412882176887,70780.4442182491,-171744.9941202047,70774.48352805714,-171732.16460188924,70771.83116115828,-171744.7146696305,-71,15.0
2024-01-26 17:03:39,8.454877341538614,70780.4442182491,-171744.9941202047,70774.48352805714,-171732.16460188924,70770.97679622122,-171744.68296936929,-80,15.0
2024-01-26 17:03:39,8.454877341538614,70780.4442182491,-171744.9941202047,70774.48352805714,-171732.16460188924,70770.97679622122,-171744.68296936929,-89,15.0
2024-01-26 17:03:40,8.28990838240808,70780.4442182491,-171744.9941202047,70774.48352805714,-171732.16460188924,70770.96573086674,-171744.26762929794,-97,15.0
2024-01-26 17:03:40,8.424073616526748,70780.4442182491,-171744.9941202047,70774.48352805714,-171732.16460188924,70770.72696439682,-171744.07213573947,-90,15.0
2024-01-26 17:03:41,8.451842111622392,70780.4442182491,-171744.9941202047,70774.48352805714,-171732.16460188924,70770.59743347648,-171743.85924270083,-90,15.0
2024-01-26 17:03:41,8.188438230062324,70780.4442182491,-171744.9941202047,70774.48352805714,-171732.16460188924,70770.72915888467,-171743.5176217714,-90,15.0
2024-01-26 17:03:42,7.791228885143483,70780.4442182491,-171744.9941202047,70774.48352805714,-171732.16460188924,70771.11732043434,-171743.4103796472,-90,15.0
2024-01-26 17:03:42,7.613147311493886,70780.4442182491,-171744.9941202047,70774.48352805714,-171732.16460188924,70771.34589608815,-171743.47971159607,-90,15.0
2024-01-26 17:03:43,7.36261608148478,70780.4442182491,-171744.9941202047,70774.48352805714,-171732.16460188924,70771.7443928672,-171743.74282809795,-90,15.0
2024-01-26 17:03:43,7.501131466664035,70780.4442182491,-171744.9941202047,70774.48352805714,-171732.16460188924,70771.68963067057,-171743.95370124787,-90,15.0
2024-01-26 17:03:44,7.7081141878164425,70780.4442182491,-171744.9941202047,70774.48352805714,-171732.16460188924,70771.83951215238,-171744.76753477726,-90,15.0
2024-01-26 17:03:45,7.894253027020357,70780.4442182491,-171744.9941202047,70774.48352805714,-171732.16460188924,70771.77246526237,-171745.0649924279,-90,15.0
2024-01-26 17:03:45,7.8882575940766175,70780.4442182491,-171744.9941202047,70774.48352805714,-171732.16460188924,70771.94864621658,-171745.42996723804,-90,15.0
2024-01-26 17:03:46,7.895572719244834,70780.4442182491,-171744.9941202047,70774.48352805714,-171732.16460188924,70772.10987648291,-171745.79435303135,-90,15.0
2024-01-26 17:03:46,7.783844567902997,70780.4442182491,-171744.9941202047,70774.48352805714,-171732.16460188924,70772.43035079981,-171746.21896113377,-90,15.0
2024-01-26 17:03:47,7.617307307435779,70780.4442182491,-171744.9941202047,70774.48352805714,-171732.16460188924,70772.62262722627,-171746.23756258324,-90,15.0
2024-01-26 17:03:47,7.2097145896304005,70780.4442182491,-171744.9941202047,70774.48352805714,-171732.16460188924,70773.13373921906,-171746.37031037043,-90,15.0
2024-01-26 17:03:48,6.947696875770609,70780.4442182491,-171744.9941202047,70774.48352805714,-171732.16460188924,70773.48499820763,-171746.50449334335,-90,15.0
2024-01-26 17:03:48,6.189165796257607,70780.4442182491,-171744.9941202047,70774.48352805714,-171732.16460188924,70774.27818308564,-171746.41147426757,-90,15.0
