timestamp,直線との距離:,startx:,starty:,goalx:,goaly:,x:,y:,操作量,sp
2024-01-29 11:02:02,-0.0,70767.7884424574,-171750.39979852067,70774.48352805714,-171732.16460188924,70767.7884424574,-171750.39979852067,0,50.0
2024-01-29 11:02:02,-0.0,70767.7884424574,-171750.39979852067,70774.48352805714,-171732.16460188924,70767.7884424574,-171750.39979852067,0,50.0
2024-01-29 11:02:02,-0.027498928938785885,70767.7884424574,-171750.39979852067,70774.48352805714,-171732.16460188924,70767.76094345396,-171750.55448328136,0,50.0
2024-01-29 11:02:03,-0.2586597461499633,70767.7884424574,-171750.39979852067,70774.48352805714,-171732.16460188924,70767.90351833649,-171750.83685647676,0,50.0
2024-01-29 11:02:03,-0.029005623241194056,70767.7884424574,-171750.39979852067,70774.48352805714,-171732.16460188924,70767.80007992446,-171750.45226008052,0,50.0
2024-01-29 11:02:04,0.04061934698395313,70767.7884424574,-171750.39979852067,70774.48352805714,-171732.16460188924,70767.74685241202,-171750.3952213084,0,50.0
2024-01-29 11:02:04,0.33396953418134395,70767.7884424574,-171750.39979852067,70774.48352805714,-171732.16460188924,70767.6881562655,-171749.7039512833,-1,50.0
2024-01-29 11:02:05,0.1982809933119178,70767.7884424574,-171750.39979852067,70774.48352805714,-171732.16460188924,70767.67536137019,-171750.13249293168,-1,50.0
2024-01-29 11:02:05,0.537615602679826,70767.7884424574,-171750.39979852067,70774.48352805714,-171732.16460188924,70767.46631419015,-171749.71730815782,-1,50.0
2024-01-29 11:02:06,0.6168024452154875,70767.7884424574,-171750.39979852067,70774.48352805714,-171732.16460188924,70767.16010718445,-171750.32155854237,-2,50.0
2024-01-29 11:02:06,0.41456717768197027,70767.7884424574,-171750.39979852067,70774.48352805714,-171732.16460188924,70766.98110187094,-171751.39588388774,-2,50.0
2024-01-29 11:02:07,0.41456717768197027,70767.7884424574,-171750.39979852067,70774.48352805714,-171732.16460188924,70766.98110187094,-171751.39588388774,-2,50.0
2024-01-29 11:02:07,0.24608818977393854,70767.7884424574,-171750.39979852067,70774.48352805714,-171732.16460188924,70766.9088040325,-171752.08163147193,-2,50.0
2024-01-29 11:02:08,0.24344735306407705,70767.7884424574,-171750.39979852067,70774.48352805714,-171732.16460188924,70766.77892415383,-171752.4430434997,-2,50.0
2024-01-29 11:02:09,-0.03268406849354455,70767.7884424574,-171750.39979852067,70774.48352805714,-171732.16460188924,70766.54772967265,-171753.87392035063,-2,50.0
2024-01-29 11:02:09,-0.14608468272203814,70767.7884424574,-171750.39979852067,70774.48352805714,-171732.16460188924,70766.45904542015,-171754.44449233077,-1,50.0
2024-01-29 11:02:10,0.20929916873724214,70767.7884424574,-171750.39979852067,70774.48352805714,-171732.16460188924,70766.15280609572,-171754.24746081705,-2,50.0
2024-01-29 11:02:10,0.3287258304137453,70767.7884424574,-171750.39979852067,70774.48352805714,-171732.16460188924,70765.98580988278,-171754.35579354243,-2,50.0
2024-01-29 11:02:11,0.9131854259843109,70767.7884424574,-171750.39979852067,70774.48352805714,-171732.16460188924,70765.8079072722,-171753.14456505666,-3,50.0
2024-01-29 11:02:11,0.8588252927379834,70767.7884424574,-171750.39979852067,70774.48352805714,-171732.16460188924,70765.84815604163,-171753.19266357095,-3,50.0
2024-01-29 11:02:12,0.45133355771184247,70767.7884424574,-171750.39979852067,70774.48352805714,-171732.16460188924,70765.73920157322,-171754.67173358076,-3,50.0
2024-01-29 11:02:12,0.021377690831764003,70767.7884424574,-171750.39979852067,70774.48352805714,-171732.16460188924,70765.47585047776,-171756.63650728832,-3,50.0
2024-01-29 11:02:13,-0.5956553433283024,70767.7884424574,-171750.39979852067,70774.48352805714,-171732.16460188924,70765.39397343787,-171758.6497995175,-2,50.0
2024-01-29 11:02:13,-0.8794037140980516,70767.7884424574,-171750.39979852067,70774.48352805714,-171732.16460188924,70765.42971242966,-171759.37573810696,-1,50.0
2024-01-29 11:02:14,-0.8200416065693211,70767.7884424574,-171750.39979852067,70774.48352805714,-171732.16460188924,70765.3691733595,-171759.3683907102,-1,50.0
2024-01-29 11:02:14,-1.0564084416877015,70767.7884424574,-171750.39979852067,70774.48352805714,-171732.16460188924,70765.32150022147,-171760.18404149328,0,50.0
2024-01-29 11:02:15,-0.97016666140153,70767.7884424574,-171750.39979852067,70774.48352805714,-171732.16460188924,70765.28113960681,-171760.04374482145,0,50.0
2024-01-29 11:02:15,-0.3020253367843424,70767.7884424574,-171750.39979852067,70774.48352805714,-171732.16460188924,70765.08082857441,-171758.65075167717,0,50.0
2024-01-29 11:02:16,0.2655341247534037,70767.7884424574,-171750.39979852067,70774.48352805714,-171732.16460188924,70764.77198634042,-171757.8451941537,-1,50.0
2024-01-29 11:02:16,0.3269325652259339,70767.7884424574,-171750.39979852067,70774.48352805714,-171732.16460188924,70764.78664054343,-171757.62713687084,-1,50.0
2024-01-29 11:02:17,0.33831392565374596,70767.7884424574,-171750.39979852067,70774.48352805714,-171732.16460188924,70764.86917158036,-171757.36932727933,-1,50.0
