timestamp,直線との距離:,startx:,starty:,goalx:,goaly:,x:,y:,操作量,sp
2024-02-08 14:47:33,-0.0,70786.53467978702,-171739.81475874994,70772.9149468953,-171738.43357661384,70786.53467978702,-171739.81475874994,0,20.0
2024-02-08 14:47:33,-0.0,70786.53467978702,-171739.81475874994,70772.9149468953,-171738.43357661384,70786.53467978702,-171739.81475874994,0,20.0
2024-02-08 14:47:34,0.00638006689793899,70786.53467978702,-171739.81475874994,70772.9149468953,-171738.43357661384,70786.53694085023,-171739.82140083468,-1,20.0
2024-02-08 14:47:34,0.06520690759405973,70786.53467978702,-171739.81475874994,70772.9149468953,-171738.43357661384,70786.3554119312,-171739.86212047646,-2,20.0
2024-02-08 14:47:35,0.22047061157320463,70786.53467978702,-171739.81475874994,70772.9149468953,-171738.43357661384,70785.95719033631,-171739.97779671036,-4,20.0
2024-02-08 14:47:35,0.49778382974325447,70786.53467978702,-171739.81475874994,70772.9149468953,-171738.43357661384,70785.17289792553,-171740.17699685172,-7,20.0
2024-02-08 14:47:36,0.8321689029163019,70786.53467978702,-171739.81475874994,70772.9149468953,-171738.43357661384,70784.32413176447,-171740.42702325594,-11,20.0
2024-02-08 14:47:36,1.0604662031791274,70786.53467978702,-171739.81475874994,70772.9149468953,-171738.43357661384,70783.73752638981,-171740.59700359797,-13,20.0
2024-02-08 14:47:37,1.6454076162659395,70786.53467978702,-171739.81475874994,70772.9149468953,-171738.43357661384,70782.20946436757,-171741.02998377135,-21,20.0
2024-02-08 14:47:37,1.8170678885204519,70786.53467978702,-171739.81475874994,70772.9149468953,-171738.43357661384,70781.56889144292,-171741.13756373178,-20,20.0
2024-02-08 14:47:38,1.9616159543587932,70786.53467978702,-171739.81475874994,70772.9149468953,-171738.43357661384,70780.9402570868,-171741.2191031252,-21,20.0
2024-02-08 14:47:38,1.9616159543587932,70786.53467978702,-171739.81475874994,70772.9149468953,-171738.43357661384,70780.9402570868,-171741.2191031252,-20,20.0
2024-02-08 14:47:39,2.0667051798214406,70786.53467978702,-171739.81475874994,70772.9149468953,-171738.43357661384,70778.99582874915,-171741.12754614564,-22,20.0
2024-02-08 14:47:39,1.9948438759189955,70786.53467978702,-171739.81475874994,70772.9149468953,-171738.43357661384,70778.37033974633,-171740.99188520334,-20,20.0
2024-02-08 14:47:40,1.9948438759189955,70786.53467978702,-171739.81475874994,70772.9149468953,-171738.43357661384,70778.37033974633,-171740.99188520334,-20,20.0
2024-02-08 14:47:41,1.4875031070506501,70786.53467978702,-171739.81475874994,70772.9149468953,-171738.43357661384,70776.56185468793,-171740.29854320837,-12,20.0
2024-02-08 14:47:41,1.202501964634317,70786.53467978702,-171739.81475874994,70772.9149468953,-171738.43357661384,70776.05112777499,-171739.96028732503,-11,20.0
2024-02-08 14:47:42,0.7218801731270993,70786.53467978702,-171739.81475874994,70772.9149468953,-171738.43357661384,70775.29149538766,-171739.40016588202,-4,20.0
2024-02-08 14:47:42,0.16023706428649795,70786.53467978702,-171739.81475874994,70772.9149468953,-171738.43357661384,70774.63122827238,-171738.7686842421,2,20.0
2024-02-08 14:47:43,-0.2553884779631728,70786.53467978702,-171739.81475874994,70772.9149468953,-171738.43357661384,70774.21538059165,-171738.30875574014,5,20.0
timestamp,直線との距離:,startx:,starty:,goalx:,goaly:,x:,y:,操作量,sp
2024-02-08 14:47:43,0.0,70774.21538059165,-171738.30875574014,70767.81304474265,-171743.65567093433,70774.21538059165,-171738.30875574014,-1,20.0
2024-02-08 14:47:44,-1.8460051562434197,70774.21538059165,-171738.30875574014,70767.81304474265,-171743.65567093433,70773.01259810574,-171736.90815106424,20,20.0
2024-02-08 14:47:44,-2.4715003985097894,70774.21538059165,-171738.30875574014,70767.81304474265,-171743.65567093433,70772.61679464926,-171736.4237660623,25,20.0
2024-02-08 14:47:45,-3.409076713850271,70774.21538059165,-171738.30875574014,70767.81304474265,-171743.65567093433,70771.99407156998,-171735.72229130115,35,20.0
2024-02-08 14:47:45,-3.653877534012854,70774.21538059165,-171738.30875574014,70767.81304474265,-171743.65567093433,70771.80854803023,-171735.55828716393,36,20.0
2024-02-08 14:47:46,-3.588092313826651,70774.21538059165,-171738.30875574014,70767.81304474265,-171743.65567093433,70771.79798917059,-171735.65281515516,35,20.0
2024-02-08 14:47:46,-3.588092313826651,70774.21538059165,-171738.30875574014,70767.81304474265,-171743.65567093433,70771.79798917059,-171735.65281515516,35,20.0
2024-02-08 14:47:47,-2.6813526636405456,70774.21538059165,-171738.30875574014,70767.81304474265,-171743.65567093433,70772.51316673028,-171736.2369002512,25,20.0
2024-02-08 14:47:47,-2.4891074626175205,70774.21538059165,-171738.30875574014,70767.81304474265,-171743.65567093433,70771.97770414672,-171736.93456317662,24,20.0
2024-02-08 14:47:48,-2.1234824927602753,70774.21538059165,-171738.30875574014,70767.81304474265,-171743.65567093433,70772.06297850398,-171737.33970894598,20,20.0
2024-02-08 14:47:49,-1.4870809622544028,70774.21538059165,-171738.30875574014,70767.81304474265,-171743.65567093433,70772.28952288078,-171737.9796602876,14,20.0
2024-02-08 14:47:49,-1.2384324135341862,70774.21538059165,-171738.30875574014,70767.81304474265,-171743.65567093433,70772.45307191282,-171738.16702954963,12,20.0
2024-02-08 14:47:50,-0.5320586368086098,70774.21538059165,-171738.30875574014,70767.81304474265,-171743.65567093433,70772.93463557478,-171738.68516627286,4,20.0
2024-02-08 14:47:50,0.07415411219519541,70774.21538059165,-171738.30875574014,70767.81304474265,-171743.65567093433,70773.54010365007,-171738.96932709435,-2,20.0
2024-02-08 14:47:51,0.3971533394285164,70774.21538059165,-171738.30875574014,70767.81304474265,-171743.65567093433,70773.87402834464,-171739.11127645668,-5,20.0
2024-02-08 14:47:51,0.6839518324599261,70774.21538059165,-171738.30875574014,70767.81304474265,-171743.65567093433,70774.34601873462,-171739.09075521838,-8,20.0
2024-02-08 14:47:52,1.1702301700568327,70774.21538059165,-171738.30875574014,70767.81304474265,-171743.65567093433,70774.89852464522,-171739.26288818536,-13,20.0
2024-02-08 14:47:52,1.5702024989655656,70774.21538059165,-171738.30875574014,70767.81304474265,-171743.65567093433,70775.32617982174,-171739.4268446062,-17,20.0
2024-02-08 14:47:53,1.9671956201978866,70774.21538059165,-171738.30875574014,70767.81304474265,-171743.65567093433,70775.69818976152,-171739.63339165717,-21,20.0
2024-02-08 14:47:53,2.2268173147977524,70774.21538059165,-171738.30875574014,70767.81304474265,-171743.65567093433,70776.05208588246,-171739.6760890265,-23,20.0
2024-02-08 14:47:54,2.4280723544646516,70774.21538059165,-171738.30875574014,70767.81304474265,-171743.65567093433,70776.29047027291,-171739.73921178925,-25,20.0
2024-02-08 14:47:54,2.4482573920156447,70774.21538059165,-171738.30875574014,70767.81304474265,-171743.65567093433,70776.43185754043,-171739.64743064513,-25,20.0
2024-02-08 14:47:55,2.3750066119326414,70774.21538059165,-171738.30875574014,70767.81304474265,-171743.65567093433,70776.3330094975,-171739.6345472315,-24,20.0
2024-02-08 14:47:55,2.170345843844815,70774.21538059165,-171738.30875574014,70767.81304474265,-171743.65567093433,70776.0627666685,-171739.59359383583,-22,20.0
2024-02-08 14:47:56,2.161755168701743,70774.21538059165,-171738.30875574014,70767.81304474265,-171743.65567093433,70776.110238961,-171739.5427547639,-22,20.0
2024-02-08 14:47:57,2.069921183079403,70774.21538059165,-171738.30875574014,70767.81304474265,-171743.65567093433,70776.0648503931,-171739.461013086,-21,20.0
2024-02-08 14:47:57,1.9148314208551795,70774.21538059165,-171738.30875574014,70767.81304474265,-171743.65567093433,70775.96153165255,-171739.34523762178,-19,20.0
2024-02-08 14:47:58,1.708288178845405,70774.21538059165,-171738.30875574014,70767.81304474265,-171743.65567093433,70775.83687366925,-171739.18024631852,-17,20.0
