timestamp,直線との距離:,startx:,starty:,goalx:,goaly:,x:,y:,操作量,sp
timestamp,直線との距離:,startx:,starty:,goalx:,goaly:,x:,y:,操作量,sp
2024-01-26 16:09:37,-0.0,70775.03709227391,-171747.07602163625,70774.48352805714,-171732.16460188924,70775.03709227391,-171747.07602163625,0,15.0
2024-01-26 16:09:37,-0.0,70775.03709227391,-171747.07602163625,70774.48352805714,-171732.16460188924,70775.03709227391,-171747.07602163625,0,15.0
2024-01-26 16:09:38,-0.0,70775.03709227391,-171747.07602163625,70774.48352805714,-171732.16460188924,70775.03709227391,-171747.07602163625,0,15.0
2024-01-26 16:09:39,0.04130542861845926,70775.03709227391,-171747.07602163625,70774.48352805714,-171732.16460188924,70774.99641289102,-171747.09365193584,-1,15.0
2024-01-26 16:09:39,0.07797609347106006,70775.03709227391,-171747.07602163625,70774.48352805714,-171732.16460188924,70774.9604040719,-171747.11216058396,-1,15.0
2024-01-26 16:09:40,0.11725345551027416,70775.03709227391,-171747.07602163625,70774.48352805714,-171732.16460188924,70774.92198011331,-171747.13587761173,-2,15.0
2024-01-26 16:09:40,0.14573102446898403,70775.03709227391,-171747.07602163625,70774.48352805714,-171732.16460188924,70774.89420817223,-171747.15541359872,-2,15.0
2024-01-26 16:09:41,0.1798127012868883,70775.03709227391,-171747.07602163625,70774.48352805714,-171732.16460188924,70774.8608097613,-171747.17445120413,-2,15.0
2024-01-26 16:09:41,0.19274362052960115,70775.03709227391,-171747.07602163625,70774.48352805714,-171732.16460188924,70774.84850688174,-171747.19160871557,-2,15.0
2024-01-26 16:09:42,0.20601805704610263,70775.03709227391,-171747.07602163625,70774.48352805714,-171732.16460188924,70774.83557869005,-171747.20118186224,-3,15.0
2024-01-26 16:09:42,0.20670378970902878,70775.03709227391,-171747.07602163625,70774.48352805714,-171732.16460188924,70774.83527061672,-171747.21136763712,-3,15.0
2024-01-26 16:09:43,0.2192258127175126,70775.03709227391,-171747.07602163625,70774.48352805714,-171732.16460188924,70774.82319125962,-171747.22352412777,-3,15.0
2024-01-26 16:09:43,0.23929835236831934,70775.03709227391,-171747.07602163625,70774.48352805714,-171732.16460188924,70774.80376513982,-171747.24130926316,-3,15.0
2024-01-26 16:09:44,0.2770681592243379,70775.03709227391,-171747.07602163625,70774.48352805714,-171732.16460188924,70774.76684920731,-171747.26501100202,-3,15.0
2024-01-26 16:09:44,0.3077263001789407,70775.03709227391,-171747.07602163625,70774.48352805714,-171732.16460188924,70774.73706777378,-171747.2891958385,-4,15.0
2024-01-26 16:09:45,0.3439009433171472,70775.03709227391,-171747.07602163625,70774.48352805714,-171732.16460188924,70774.70143833398,-171747.3045532744,-4,15.0
2024-01-26 16:09:45,0.3705968522515907,70775.03709227391,-171747.07602163625,70774.48352805714,-171732.16460188924,70774.67544860959,-171747.32407119666,-4,15.0
2024-01-26 16:09:46,0.4172799547850272,70775.03709227391,-171747.07602163625,70774.48352805714,-171732.16460188924,70774.62962346718,-171747.34804838392,-5,15.0
2024-01-26 16:09:47,0.4172799547850272,70775.03709227391,-171747.07602163625,70774.48352805714,-171732.16460188924,70774.62962346718,-171747.34804838392,-5,15.0
2024-01-26 16:09:47,0.49053415812903445,70775.03709227391,-171747.07602163625,70774.48352805714,-171732.16460188924,70774.55776168672,-171747.38691548948,-5,15.0
2024-01-26 16:09:48,0.49053415812903445,70775.03709227391,-171747.07602163625,70774.48352805714,-171732.16460188924,70774.55776168672,-171747.38691548948,-5,15.0
2024-01-26 16:09:48,0.5366163984683798,70775.03709227391,-171747.07602163625,70774.48352805714,-171732.16460188924,70774.51227651791,-171747.40385394325,-6,15.0
2024-01-26 16:09:49,0.601977873495069,70775.03709227391,-171747.07602163625,70774.48352805714,-171732.16460188924,70774.44744425744,-171747.41932225943,-7,15.0
2024-01-26 16:09:49,0.6274942853524706,70775.03709227391,-171747.07602163625,70774.48352805714,-171732.16460188924,70774.42195422601,-171747.42050633824,-7,15.0
2024-01-26 16:09:50,0.652761558358989,70775.03709227391,-171747.07602163625,70774.48352805714,-171732.16460188924,70774.39674776353,-171747.4226132416,-7,15.0
2024-01-26 16:09:50,0.67443555651662,70775.03709227391,-171747.07602163625,70774.48352805714,-171732.16460188924,70774.37509447584,-171747.42357329038,-7,15.0
2024-01-26 16:09:51,0.6936580957011674,70775.03709227391,-171747.07602163625,70774.48352805714,-171732.16460188924,70774.35629189789,-171747.4352425133,-7,15.0
2024-01-26 16:09:51,0.7226915971755986,70775.03709227391,-171747.07602163625,70774.48352805714,-171732.16460188924,70774.32816309301,-171747.4601511514,-8,15.0
