timestamp,直線との距離:,startx:,starty:,goalx:,goaly:,x:,y:,操作量,sp
2024-02-08 14:48:50,-0.0,70784.13649178669,-171741.04155101578,70772.9149468953,-171738.43357661384,70784.13649178669,-171741.04155101578,0,20.0
2024-02-08 14:48:50,-0.0,70784.13649178669,-171741.04155101578,70772.9149468953,-171738.43357661384,70784.13649178669,-171741.04155101578,0,20.0
2024-02-08 14:48:50,0.0030506997338195815,70784.13649178669,-171741.04155101578,70772.9149468953,-171738.43357661384,70784.14037169237,-171741.04558474163,-1,20.0
2024-02-08 14:48:51,0.13802617674984402,70784.13649178669,-171741.04155101578,70772.9149468953,-171738.43357661384,70783.7652178128,-171741.0969688401,-3,20.0
2024-02-08 14:48:51,0.28711091246876913,70784.13649178669,-171741.04155101578,70772.9149468953,-171738.43357661384,70783.28988620028,-171741.13955614562,-4,20.0
2024-02-08 14:48:52,0.5538118814743311,70784.13649178669,-171741.04155101578,70772.9149468953,-171738.43357661384,70782.43578380314,-171741.21486505843,-8,20.0
2024-02-08 14:48:52,0.8110119303517526,70784.13649178669,-171741.04155101578,70772.9149468953,-171738.43357661384,70781.50434582228,-171741.2624464452,-10,20.0
2024-02-08 14:48:53,0.9749570265967408,70784.13649178669,-171741.04155101578,70772.9149468953,-171738.43357661384,70780.87909413346,-171741.28544756968,-11,20.0
2024-02-08 14:48:53,1.208488359293537,70784.13649178669,-171741.04155101578,70772.9149468953,-171738.43357661384,70779.92418331804,-171741.3032741631,-14,20.0
2024-02-08 14:48:54,1.3984387452589417,70784.13649178669,-171741.04155101578,70772.9149468953,-171738.43357661384,70778.92016715271,-171741.26494584492,-16,20.0
2024-02-08 14:48:54,1.496463686634711,70784.13649178669,-171741.04155101578,70772.9149468953,-171738.43357661384,70778.25258607414,-171741.21043226134,-16,20.0
2024-02-08 14:48:55,1.5639296389178754,70784.13649178669,-171741.04155101578,70772.9149468953,-171738.43357661384,70777.2632342329,-171741.0497632141,-17,20.0
2024-02-08 14:48:56,1.5420000142848285,70784.13649178669,-171741.04155101578,70772.9149468953,-171738.43357661384,70776.29122826611,-171740.80134737672,-16,20.0
2024-02-08 14:48:56,1.4404306182530815,70784.13649178669,-171741.04155101578,70772.9149468953,-171738.43357661384,70775.67159018233,-171740.55306228506,-14,20.0
2024-02-08 14:48:57,1.26027381387705,70784.13649178669,-171741.04155101578,70772.9149468953,-171738.43357661384,70774.81516273874,-171740.16906361902,-12,20.0
2024-02-08 14:48:57,0.9569411570419282,70784.13649178669,-171741.04155101578,70772.9149468953,-171738.43357661384,70774.0488423299,-171739.67954785112,-8,20.0
2024-02-08 14:48:58,0.704410409541441,70784.13649178669,-171741.04155101578,70772.9149468953,-171738.43357661384,70773.57509351018,-171739.31018385675,-6,20.0
timestamp,直線との距離:,startx:,starty:,goalx:,goaly:,x:,y:,操作量,sp
2024-02-08 14:48:58,0.0,70772.89222446382,-171738.7348431864,70767.81304474265,-171743.65567093433,70772.89222446382,-171738.7348431864,0,20.0
2024-02-08 14:48:59,-0.8917032490102085,70772.89222446382,-171738.7348431864,70767.81304474265,-171743.65567093433,70772.22247908302,-171738.1421514823,9,20.0
2024-02-08 14:48:59,-1.4966734349030226,70772.89222446382,-171738.7348431864,70767.81304474265,-171743.65567093433,70771.79285248785,-171737.71605783084,15,20.0
2024-02-08 14:49:00,-2.4066253733139695,70772.89222446382,-171738.7348431864,70767.81304474265,-171743.65567093433,70771.1529941248,-171737.06900245478,24,20.0
2024-02-08 14:49:00,-3.3337017900417885,70772.89222446382,-171738.7348431864,70767.81304474265,-171743.65567093433,70770.5108599346,-171736.4003088081,34,20.0
2024-02-08 14:49:01,-3.581166119923484,70772.89222446382,-171738.7348431864,70767.81304474265,-171743.65567093433,70770.31908265613,-171736.24155191617,36,20.0
2024-02-08 14:49:01,-3.581166119923484,70772.89222446382,-171738.7348431864,70767.81304474265,-171743.65567093433,70770.31908265613,-171736.24155191617,35,20.0
2024-02-08 14:49:02,-3.7141390779983543,70772.89222446382,-171738.7348431864,70767.81304474265,-171743.65567093433,70770.16651492637,-171736.20421914244,37,20.0
2024-02-08 14:49:02,-3.756272522732372,70772.89222446382,-171738.7348431864,70767.81304474265,-171743.65567093433,70770.10319841473,-171736.20689745463,37,20.0
2024-02-08 14:49:03,-3.78864165026649,70772.89222446382,-171738.7348431864,70767.81304474265,-171743.65567093433,70770.05889097473,-171736.20475461226,37,20.0
2024-02-08 14:49:04,-3.78864165026649,70772.89222446382,-171738.7348431864,70767.81304474265,-171743.65567093433,70770.05889097473,-171736.20475461226,37,20.0
2024-02-08 14:49:04,-3.4331180236914927,70772.89222446382,-171738.7348431864,70767.81304474265,-171743.65567093433,70770.04145691784,-171736.71665591368,33,20.0
2024-02-08 14:49:05,-3.008681302088982,70772.89222446382,-171738.7348431864,70767.81304474265,-171743.65567093433,70769.89545737689,-171737.44906510922,29,20.0
2024-02-08 14:49:05,-2.350740052432249,70772.89222446382,-171738.7348431864,70767.81304474265,-171743.65567093433,70769.99086916156,-171738.2727077442,22,20.0
2024-02-08 14:49:06,-1.8610800841651212,70772.89222446382,-171738.7348431864,70767.81304474265,-171743.65567093433,70770.14217626401,-171738.80789245252,18,20.0
2024-02-08 14:49:06,-1.0506941662703397,70772.89222446382,-171738.7348431864,70767.81304474265,-171743.65567093433,70770.54222362193,-171739.54865228507,9,20.0
2024-02-08 14:49:07,-0.15708345301871185,70772.89222446382,-171738.7348431864,70767.81304474265,-171743.65567093433,70771.0971306407,-171740.2552579163,0,20.0
2024-02-08 14:49:07,-0.15708345301871185,70772.89222446382,-171738.7348431864,70767.81304474265,-171743.65567093433,70771.0971306407,-171740.2552579163,1,20.0
2024-02-08 14:49:08,0.4123095720204404,70772.89222446382,-171738.7348431864,70767.81304474265,-171743.65567093433,70771.49150191116,-171740.6659721427,-5,20.0
2024-02-08 14:49:08,1.9277203112913455,70772.89222446382,-171738.7348431864,70767.81304474265,-171743.65567093433,70772.67776012745,-171741.6266688345,-21,20.0
2024-02-08 14:49:09,2.5400123183880052,70772.89222446382,-171738.7348431864,70767.81304474265,-171743.65567093433,70773.17537645742,-171741.99708693093,-27,20.0
2024-02-08 14:49:09,3.152087248088897,70772.89222446382,-171738.7348431864,70767.81304474265,-171743.65567093433,70773.65452451311,-171742.38509527597,-33,20.0
2024-02-08 14:49:10,4.099599076219648,70772.89222446382,-171738.7348431864,70767.81304474265,-171743.65567093433,70774.33251800083,-171743.04750069807,-42,20.0
2024-02-08 14:49:10,5.046885848950396,70772.89222446382,-171738.7348431864,70767.81304474265,-171743.65567093433,70774.87867168257,-171743.8373222441,-52,20.0
2024-02-08 14:49:11,5.6150739523135655,70772.89222446382,-171738.7348431864,70767.81304474265,-171743.65567093433,70775.1102332124,-171744.4040926795,-57,20.0
2024-02-08 14:49:11,6.36554450437922,70772.89222446382,-171738.7348431864,70767.81304474265,-171743.65567093433,70775.24984359456,-171745.31374719556,-65,20.0
2024-02-08 14:49:12,6.849077165981775,70772.89222446382,-171738.7348431864,70767.81304474265,-171743.65567093433,70775.04058488151,-171746.18972516176,-69,20.0
2024-02-08 14:49:13,6.9902067132044206,70772.89222446382,-171738.7348431864,70767.81304474265,-171743.65567093433,70774.72606751209,-171746.6909376395,-71,20.0
2024-02-08 14:49:13,6.8333506066971585,70772.89222446382,-171738.7348431864,70767.81304474265,-171743.65567093433,70774.02029272637,-171747.15631122995,-69,20.0
2024-02-08 14:49:14,5.86215518462834,70772.89222446382,-171738.7348431864,70767.81304474265,-171743.65567093433,70772.7797263666,-171747.0059638414,-58,20.0
2024-02-08 14:49:14,5.171952470026881,70772.89222446382,-171738.7348431864,70767.81304474265,-171743.65567093433,70772.33465169149,-171746.4761637478,-52,20.0
2024-02-08 14:49:15,5.171952470026881,70772.89222446382,-171738.7348431864,70767.81304474265,-171743.65567093433,70772.33465169149,-171746.4761637478,-52,20.0
2024-02-08 14:49:15,4.570286577578819,70772.89222446382,-171738.7348431864,70767.81304474265,-171743.65567093433,70772.18463013269,-171745.7837829268,-46,20.0
2024-02-08 14:49:16,4.127032808229549,70772.89222446382,-171738.7348431864,70767.81304474265,-171743.65567093433,70772.53620050172,-171744.82601213764,-41,20.0
2024-02-08 14:49:16,4.127032808229549,70772.89222446382,-171738.7348431864,70767.81304474265,-171743.65567093433,70772.53620050172,-171744.82601213764,-42,20.0
2024-02-08 14:49:17,4.347215880688519,70772.89222446382,-171738.7348431864,70767.81304474265,-171743.65567093433,70773.64448052758,-171744.05885493354,-44,20.0
2024-02-08 14:49:17,4.901161743207288,70772.89222446382,-171738.7348431864,70767.81304474265,-171743.65567093433,70774.48356851682,-171744.01720948674,-50,20.0
2024-02-08 14:49:18,5.370241776105907,70772.89222446382,-171738.7348431864,70767.81304474265,-171743.65567093433,70775.03390051327,-171744.13715524753,-55,20.0
2024-02-08 14:49:18,5.930657981369527,70772.89222446382,-171738.7348431864,70767.81304474265,-171743.65567093433,70775.54056783824,-171744.42657562703,-60,20.0
2024-02-08 14:49:19,6.50133977292259,70772.89222446382,-171738.7348431864,70767.81304474265,-171743.65567093433,70775.9259965142,-171744.8477480524,-66,20.0
2024-02-08 14:49:20,7.302597086789737,70772.89222446382,-171738.7348431864,70767.81304474265,-171743.65567093433,70776.2774458148,-171745.6228806695,-74,20.0
2024-02-08 14:49:20,7.634406115948877,70772.89222446382,-171738.7348431864,70767.81304474265,-171743.65567093433,70776.34684778472,-171746.01763435313,-77,20.0
2024-02-08 14:49:21,7.6589026810851895,70772.89222446382,-171738.7348431864,70767.81304474265,-171743.65567093433,70776.34515355414,-171746.0533833806,-77,20.0
2024-02-08 14:49:21,7.663597721715316,70772.89222446382,-171738.7348431864,70767.81304474265,-171743.65567093433,70776.3438614335,-171746.06117232348,-77,20.0
2024-02-08 14:49:22,7.666985898396394,70772.89222446382,-171738.7348431864,70767.81304474265,-171743.65567093433,70776.34105753063,-171746.06860631352,-77,20.0
2024-02-08 14:49:22,7.671632328513615,70772.89222446382,-171738.7348431864,70767.81304474265,-171743.65567093433,70776.34587457428,-171746.0704088731,-77,20.0
2024-02-08 14:49:23,7.679233025333689,70772.89222446382,-171738.7348431864,70767.81304474265,-171743.65567093433,70776.34204335437,-171746.0847034242,-77,20.0
2024-02-08 14:49:23,7.679233025333689,70772.89222446382,-171738.7348431864,70767.81304474265,-171743.65567093433,70776.34204335437,-171746.0847034242,-77,20.0
2024-02-08 14:49:24,7.6800151905435685,70772.89222446382,-171738.7348431864,70767.81304474265,-171743.65567093433,70776.34762103071,-171746.08038868342,-77,20.0
2024-02-08 14:49:25,7.68165796402233,70772.89222446382,-171738.7348431864,70767.81304474265,-171743.65567093433,70776.34479273048,-171746.08541611055,-77,20.0
