timestamp,直線との距離:,startx:,starty:,goalx:,goaly:,x:,y:,操作量,sp
2024-02-08 11:04:21,0.0,70786.48366023703,-171736.2430160851,70772.9149468953,-171738.43357661384,70786.48366023703,-171736.2430160851,0,20.0
timestamp,直線との距離:,startx:,starty:,goalx:,goaly:,x:,y:,操作量,sp
2024-02-08 11:04:21,0.0,70786.48366023703,-171736.2430160851,70772.9149468953,-171738.43357661384,70786.48366023703,-171736.2430160851,0,20.0
2024-02-08 11:04:22,0.0,70786.48366023703,-171736.2430160851,70772.9149468953,-171738.43357661384,70786.48366023703,-171736.2430160851,0,20.0
2024-02-08 11:04:22,0.008351111736783086,70786.48366023703,-171736.2430160851,70772.9149468953,-171738.43357661384,70786.17370483154,-171736.30151515416,-1,20.0
2024-02-08 11:04:23,-0.047021439609327975,70786.48366023703,-171736.2430160851,70772.9149468953,-171738.43357661384,70785.47995926208,-171736.35742533047,0,20.0
2024-02-08 11:04:23,-0.10209660896509384,70786.48366023703,-171736.2430160851,70772.9149468953,-171738.43357661384,70784.67807880019,-171736.43109425498,1,20.0
2024-02-08 11:04:24,-0.1448791539708285,70786.48366023703,-171736.2430160851,70772.9149468953,-171738.43357661384,70784.10533039294,-171736.48022342563,1,20.0
2024-02-08 11:04:24,-0.22068750907409151,70786.48366023703,-171736.2430160851,70772.9149468953,-171738.43357661384,70783.23561690548,-171736.54384181325,2,20.0
2024-02-08 11:04:25,-0.30163142719676667,70786.48366023703,-171736.2430160851,70772.9149468953,-171738.43357661384,70782.35599514296,-171736.60385775488,3,20.0
2024-02-08 11:04:25,-0.3927061217111282,70786.48366023703,-171736.2430160851,70772.9149468953,-171738.43357661384,70781.75605933044,-171736.60845868193,4,20.0
2024-02-08 11:04:26,-0.49042538663265584,70786.48366023703,-171736.2430160851,70772.9149468953,-171738.43357661384,70780.86079773858,-171736.65400699628,5,20.0
2024-02-08 11:04:27,-0.5892920527306548,70786.48366023703,-171736.2430160851,70772.9149468953,-171738.43357661384,70779.97743323536,-171736.6964723629,6,20.0
2024-02-08 11:04:27,-0.5892920527306548,70786.48366023703,-171736.2430160851,70772.9149468953,-171738.43357661384,70779.97743323536,-171736.6964723629,5,20.0
2024-02-08 11:04:28,-0.6333203866094986,70786.48366023703,-171736.2430160851,70772.9149468953,-171738.43357661384,70779.40001797734,-171736.7450930401,6,20.0
2024-02-08 11:04:28,-0.7228783777189507,70786.48366023703,-171736.2430160851,70772.9149468953,-171738.43357661384,70777.94758734331,-171736.88885879715,7,20.0
2024-02-08 11:04:29,-0.7228783777189507,70786.48366023703,-171736.2430160851,70772.9149468953,-171738.43357661384,70777.94758734331,-171736.88885879715,7,20.0
2024-02-08 11:04:29,-0.7612677885100796,70786.48366023703,-171736.2430160851,70772.9149468953,-171738.43357661384,70777.0738771062,-171736.99102587064,7,20.0
2024-02-08 11:04:30,-0.7709332921553609,70786.48366023703,-171736.2430160851,70772.9149468953,-171738.43357661384,70776.24563286066,-171737.11494864503,7,20.0
2024-02-08 11:04:30,-0.7156797394728537,70786.48366023703,-171736.2430160851,70772.9149468953,-171738.43357661384,70774.9122695411,-171737.38617848878,6,20.0
2024-02-08 11:04:31,-0.6779093383760791,70786.48366023703,-171736.2430160851,70772.9149468953,-171738.43357661384,70774.08957618206,-171737.55725521874,6,20.0
timestamp,直線との距離:,startx:,starty:,goalx:,goaly:,x:,y:,操作量,sp
2024-02-08 11:04:31,0.0,70773.56528099894,-171737.69290776632,70767.81304474265,-171743.65567093433,70773.56528099894,-171737.69290776632,-1,25.0
2024-02-08 11:04:32,0.0,70773.56528099894,-171737.69290776632,70767.81304474265,-171743.65567093433,70773.56528099894,-171737.69290776632,0,25.0
2024-02-08 11:04:32,-0.39648593339807436,70773.56528099894,-171737.69290776632,70767.81304474265,-171743.65567093433,70772.79159328682,-171737.92384295227,4,25.0
2024-02-08 11:04:33,-0.8262997500853567,70773.56528099894,-171737.69290776632,70767.81304474265,-171743.65567093433,70771.96572921713,-171738.1608611028,8,25.0
2024-02-08 11:04:33,-1.3075974423529284,70773.56528099894,-171737.69290776632,70767.81304474265,-171743.65567093433,70771.0697878207,-171738.39636780706,13,25.0
2024-02-08 11:04:34,-2.068747256479757,70773.56528099894,-171737.69290776632,70767.81304474265,-171743.65567093433,70769.6143214167,-171738.80879948396,21,25.0
2024-02-08 11:04:34,-2.068747256479757,70773.56528099894,-171737.69290776632,70767.81304474265,-171743.65567093433,70769.6143214167,-171738.80879948396,20,25.0
2024-02-08 11:04:35,-2.48994069174056,70773.56528099894,-171737.69290776632,70767.81304474265,-171743.65567093433,70768.7511334679,-171739.09692369142,25,25.0
2024-02-08 11:04:36,-2.6959886646787057,70773.56528099894,-171737.69290776632,70767.81304474265,-171743.65567093433,70768.20841381075,-171739.36273025593,27,25.0
2024-02-08 11:04:36,-2.9915989250819943,70773.56528099894,-171737.69290776632,70767.81304474265,-171743.65567093433,70767.25341945211,-171739.92690156843,30,25.0
2024-02-08 11:04:37,-3.05322333700273,70773.56528099894,-171737.69290776632,70767.81304474265,-171743.65567093433,70766.62296463375,-171740.49167127532,30,25.0
2024-02-08 11:04:37,-2.993464153395755,70773.56528099894,-171737.69290776632,70767.81304474265,-171743.65567093433,70766.0306260895,-171741.19176158294,29,25.0
2024-02-08 11:04:38,-2.8449894647408915,70773.56528099894,-171737.69290776632,70767.81304474265,-171743.65567093433,70765.72925028356,-171741.71801937712,28,25.0
2024-02-08 11:04:38,-2.4826030452740016,70773.56528099894,-171737.69290776632,70767.81304474265,-171743.65567093433,70765.40301420067,-171742.57814985115,24,25.0
2024-02-08 11:04:39,-2.141504858166803,70773.56528099894,-171737.69290776632,70767.81304474265,-171743.65567093433,70765.30699439673,-171743.1689763423,21,25.0
2024-02-08 11:04:39,-1.5286912727966289,70773.56528099894,-171737.69290776632,70767.81304474265,-171743.65567093433,70765.29590213027,-171744.06312566,14,25.0
2024-02-08 11:04:40,-0.7916101888103033,70773.56528099894,-171737.69290776632,70767.81304474265,-171743.65567093433,70765.50030445472,-171744.91287912687,7,25.0
2024-02-08 11:04:40,-0.285556877747186,70773.56528099894,-171737.69290776632,70767.81304474265,-171743.65567093433,70765.68210240349,-171745.4533090588,2,25.0
2024-02-08 11:04:41,0.4857091090659452,70773.56528099894,-171737.69290776632,70767.81304474265,-171743.65567093433,70766.00463509031,-171746.22984608344,-6,25.0
2024-02-08 11:04:41,1.0443983043153815,70773.56528099894,-171737.69290776632,70767.81304474265,-171743.65567093433,70766.26371825895,-171746.76597503325,-12,25.0
2024-02-08 11:04:42,1.8983745765317355,70773.56528099894,-171737.69290776632,70767.81304474265,-171743.65567093433,70766.69761987643,-171747.54619685985,-20,25.0
2024-02-08 11:04:42,2.734501399154974,70773.56528099894,-171737.69290776632,70767.81304474265,-171743.65567093433,70767.10521274444,-171748.32798129474,-29,25.0
2024-02-08 11:04:43,3.299872183825389,70773.56528099894,-171737.69290776632,70767.81304474265,-171743.65567093433,70767.34607550445,-171748.89262116866,-34,25.0
2024-02-08 11:04:43,4.1200599441037795,70773.56528099894,-171737.69290776632,70767.81304474265,-171743.65567093433,70767.604866251,-171749.80569631574,-43,25.0
2024-02-08 11:04:44,4.810499032613925,70773.56528099894,-171737.69290776632,70767.81304474265,-171743.65567093433,70767.65093244154,-171750.75240122393,-49,25.0
2024-02-08 11:04:45,5.139826147598166,70773.56528099894,-171737.69290776632,70767.81304474265,-171743.65567093433,70767.51675161222,-171751.36583122495,-52,25.0
2024-02-08 11:04:45,5.3509395593508176,70773.56528099894,-171737.69290776632,70767.81304474265,-171743.65567093433,70767.02388296496,-171752.1808104894,-54,25.0
2024-02-08 11:04:46,4.9906194514433,70773.56528099894,-171737.69290776632,70767.81304474265,-171743.65567093433,70765.94922991794,-171752.7758166469,-50,25.0
2024-02-08 11:04:46,4.626659841501923,70773.56528099894,-171737.69290776632,70767.81304474265,-171743.65567093433,70765.38333275309,-171752.83820482556,-46,25.0
2024-02-08 11:04:47,4.181175800625813,70773.56528099894,-171737.69290776632,70767.81304474265,-171743.65567093433,70764.84895728524,-171752.75049591676,-42,25.0
2024-02-08 11:04:47,4.181175800625813,70773.56528099894,-171737.69290776632,70767.81304474265,-171743.65567093433,70764.84895728524,-171752.75049591676,-42,25.0
2024-02-08 11:04:48,2.311762113237714,70773.56528099894,-171737.69290776632,70767.81304474265,-171743.65567093433,70763.71274848693,-171751.23572462556,-22,25.0
2024-02-08 11:04:48,1.839828210785793,70773.56528099894,-171737.69290776632,70767.81304474265,-171743.65567093433,70763.64880862705,-171750.6222661569,-18,25.0
2024-02-08 11:04:49,1.2830306507173115,70773.56528099894,-171737.69290776632,70767.81304474265,-171743.65567093433,70763.90371728386,-171749.55605829234,-13,25.0
2024-02-08 11:04:49,1.0887168500204238,70773.56528099894,-171737.69290776632,70767.81304474265,-171743.65567093433,70764.13265546969,-171749.03886602732,-11,25.0
2024-02-08 11:04:50,0.9459207176031811,70773.56528099894,-171737.69290776632,70767.81304474265,-171743.65567093433,70764.41728916275,-171748.5381420628,-10,25.0
2024-02-08 11:04:50,0.8182929521431791,70773.56528099894,-171737.69290776632,70767.81304474265,-171743.65567093433,70764.95966676813,-171747.7920883669,-9,25.0
2024-02-08 11:04:51,0.7440498905796238,70773.56528099894,-171737.69290776632,70767.81304474265,-171743.65567093433,70765.52031848564,-171747.10398309672,-8,25.0
2024-02-08 11:04:51,0.7574175433260815,70773.56528099894,-171737.69290776632,70767.81304474265,-171743.65567093433,70765.9362417682,-171746.69209115108,-8,25.0
2024-02-08 11:04:52,0.8230641733907555,70773.56528099894,-171737.69290776632,70767.81304474265,-171743.65567093433,70766.59470583664,-171746.10408038332,-9,25.0
2024-02-08 11:04:52,0.8230641733907555,70773.56528099894,-171737.69290776632,70767.81304474265,-171743.65567093433,70766.59470583664,-171746.10408038332,-9,25.0
2024-02-08 11:04:53,1.1283750751971213,70773.56528099894,-171737.69290776632,70767.81304474265,-171743.65567093433,70767.8912174066,-171745.1998647045,-12,25.0
timestamp,直線との距離:,startx:,starty:,goalx:,goaly:,x:,y:,操作量,sp
2024-02-08 11:04:54,0.0,70768.76856774616,-171744.73978795507,70767.4504649894,-171758.08261034725,70768.76856774616,-171744.73978795507,7,35.0
2024-02-08 11:04:54,0.0,70768.76856774616,-171744.73978795507,70767.4504649894,-171758.08261034725,70768.76856774616,-171744.73978795507,0,35.0
2024-02-08 11:04:55,0.8859651180632319,70768.76856774616,-171744.73978795507,70767.4504649894,-171758.08261034725,70769.696737701,-171744.35621386513,-16,35.0
2024-02-08 11:04:55,1.7936762195999616,70768.76856774616,-171744.73978795507,70767.4504649894,-171758.08261034725,70770.6504429551,-171743.93535299215,-25,35.0
2024-02-08 11:04:56,3.4338851274615707,70768.76856774616,-171744.73978795507,70767.4504649894,-171758.08261034725,70772.36302849014,-171743.28352190417,-46,35.0
2024-02-08 11:04:56,4.18357373948126,70768.76856774616,-171744.73978795507,70767.4504649894,-171758.08261034725,70773.13147469616,-171743.13058349214,-48,35.0
2024-02-08 11:04:57,5.351549514528365,70768.76856774616,-171744.73978795507,70767.4504649894,-171758.08261034725,70774.30138740467,-171743.16852698073,-62,35.0
2024-02-08 11:04:57,6.4068670103933485,70768.76856774616,-171744.73978795507,70767.4504649894,-171758.08261034725,70775.30781676684,-171743.71540873102,-72,35.0
2024-02-08 11:04:58,6.999205281336775,70768.76856774616,-171744.73978795507,70767.4504649894,-171758.08261034725,70775.81123576424,-171744.6447028972,-75,35.0
