timestamp,直線との距離:,startx:,starty:,goalx:,goaly:,x:,y:,操作量,sp
2024-01-29 10:53:36,0.0,70788.51006275628,-171730.49111842288,70774.48352805714,-171732.16460188924,70788.51006275628,-171730.49111842288,0,25.0
timestamp,直線との距離:,startx:,starty:,goalx:,goaly:,x:,y:,操作量,sp
2024-01-29 10:53:36,0.0,70788.51006275628,-171730.49111842288,70774.48352805714,-171732.16460188924,70788.51006275628,-171730.49111842288,0,25.0
2024-01-29 10:53:37,0.020312647657849542,70788.51006275628,-171730.49111842288,70774.48352805714,-171732.16460188924,70788.6804884958,-171730.4912419069,0,25.0
2024-01-29 10:53:37,0.020312647657849542,70788.51006275628,-171730.49111842288,70774.48352805714,-171732.16460188924,70788.6804884958,-171730.4912419069,0,25.0
2024-01-29 10:53:38,0.04226522961473827,70788.51006275628,-171730.49111842288,70774.48352805714,-171732.16460188924,70788.77616076921,-171730.50193567248,0,25.0
2024-01-29 10:53:38,0.06490617405994993,70788.51006275628,-171730.49111842288,70774.48352805714,-171732.16460188924,70788.91210093479,-171730.50851838457,0,25.0
2024-01-29 10:53:39,0.10693361221486436,70788.51006275628,-171730.49111842288,70774.48352805714,-171732.16460188924,70789.17600546121,-171730.51935785764,0,25.0
2024-01-29 10:53:39,0.1236897058858242,70788.51006275628,-171730.49111842288,70774.48352805714,-171732.16460188924,70789.27970430082,-171730.52386064414,0,25.0
2024-01-29 10:53:40,0.1236897058858242,70788.51006275628,-171730.49111842288,70774.48352805714,-171732.16460188924,70789.27970430082,-171730.52386064414,0,25.0
2024-01-29 10:53:40,0.1706421939624171,70788.51006275628,-171730.49111842288,70774.48352805714,-171732.16460188924,70789.44150051633,-171730.5518424757,0,25.0
2024-01-29 10:53:41,0.23401301138914812,70788.51006275628,-171730.49111842288,70774.48352805714,-171732.16460188924,70789.60551829936,-171730.5960940253,0,25.0
2024-01-29 10:53:41,0.32603169450916,70788.51006275628,-171730.49111842288,70774.48352805714,-171732.16460188924,70789.89814266385,-171730.65385276816,0,25.0
2024-01-29 10:53:42,0.377869526895692,70788.51006275628,-171730.49111842288,70774.48352805714,-171732.16460188924,70790.01342851286,-171730.69230366894,0,25.0
2024-01-29 10:53:42,0.4510423037810796,70788.51006275628,-171730.49111842288,70774.48352805714,-171732.16460188924,70790.15933301885,-171730.74858776067,0,25.0
2024-01-29 10:53:43,0.5035373472273149,70788.51006275628,-171730.49111842288,70774.48352805714,-171732.16460188924,70790.26202693423,-171730.789202857,0,25.0
2024-01-29 10:53:43,0.5703247576527791,70788.51006275628,-171730.49111842288,70774.48352805714,-171732.16460188924,70790.4049905464,-171730.83940716996,0,25.0
2024-01-29 10:53:44,0.5997394508797372,70788.51006275628,-171730.49111842288,70774.48352805714,-171732.16460188924,70790.49827398108,-171730.8579009774,0,25.0
2024-01-29 10:53:44,0.6503108718045051,70788.51006275628,-171730.49111842288,70774.48352805714,-171732.16460188924,70790.64257857221,-171730.89161430538,0,25.0
2024-01-29 10:53:45,0.6503108718045051,70788.51006275628,-171730.49111842288,70774.48352805714,-171732.16460188924,70790.64257857221,-171730.89161430538,0,25.0
2024-01-29 10:53:45,0.7309615174771058,70788.51006275628,-171730.49111842288,70774.48352805714,-171732.16460188924,70790.5165930412,-171730.987868066,0,25.0
2024-01-29 10:53:46,0.8890098259474462,70788.51006275628,-171730.49111842288,70774.48352805714,-171732.16460188924,70789.88526013248,-171731.22236059033,0,25.0
2024-01-29 10:53:46,1.1327804574509135,70788.51006275628,-171730.49111842288,70774.48352805714,-171732.16460188924,70789.09841392898,-171731.5617374318,0,25.0
2024-01-29 10:53:47,1.2936912212817704,70788.51006275628,-171730.49111842288,70774.48352805714,-171732.16460188924,70788.51723080418,-171731.7931294216,0,25.0
2024-01-29 10:53:47,2.0557017707398586,70788.51006275628,-171730.49111842288,70774.48352805714,-171732.16460188924,70786.81637937498,-171732.76347009427,0,25.0
2024-01-29 10:53:48,2.358706091265784,70788.51006275628,-171730.49111842288,70774.48352805714,-171732.16460188924,70786.20117722366,-171733.14202213805,0,25.0
2024-01-29 10:53:48,2.358706091265784,70788.51006275628,-171730.49111842288,70774.48352805714,-171732.16460188924,70786.20117722366,-171733.14202213805,0,25.0
2024-01-29 10:53:49,2.9353675888857804,70788.51006275628,-171730.49111842288,70774.48352805714,-171732.16460188924,70785.31734706557,-171733.82822174134,0,25.0
2024-01-29 10:53:49,3.321704058769675,70788.51006275628,-171730.49111842288,70774.48352805714,-171732.16460188924,70784.77557371059,-171734.2819362618,0,25.0
2024-01-29 10:53:50,4.264568116636903,70788.51006275628,-171730.49111842288,70774.48352805714,-171732.16460188924,70783.50341317138,-171735.383266648,0,25.0
2024-01-29 10:53:50,4.892302903652659,70788.51006275628,-171730.49111842288,70774.48352805714,-171732.16460188924,70782.80921999647,-171736.09827647172,0,25.0
2024-01-29 10:53:51,5.612149337515853,70788.51006275628,-171730.49111842288,70774.48352805714,-171732.16460188924,70782.07611589236,-171736.91069360802,0,25.0
2024-01-29 10:53:51,6.070949338543694,70788.51006275628,-171730.49111842288,70774.48352805714,-171732.16460188924,70781.6194372288,-171737.42723306635,0,25.0
2024-01-29 10:53:52,6.868006936621274,70788.51006275628,-171730.49111842288,70774.48352805714,-171732.16460188924,70780.99996031709,-171738.30385227714,0,25.0
2024-01-29 10:53:52,6.868006936621274,70788.51006275628,-171730.49111842288,70774.48352805714,-171732.16460188924,70780.99996031709,-171738.30385227714,0,25.0
2024-01-29 10:53:53,7.411081001333363,70788.51006275628,-171730.49111842288,70774.48352805714,-171732.16460188924,70780.60165644335,-171738.89829887613,0,25.0
2024-01-29 10:53:53,8.86726394868563,70788.51006275628,-171730.49111842288,70774.48352805714,-171732.16460188924,70779.69118861451,-171740.47343568003,0,25.0
2024-01-29 10:53:54,9.760801792105541,70788.51006275628,-171730.49111842288,70774.48352805714,-171732.16460188924,70779.17485369874,-171741.43491367667,0,25.0
2024-01-29 10:53:54,9.760801792105541,70788.51006275628,-171730.49111842288,70774.48352805714,-171732.16460188924,70779.17485369874,-171741.43491367667,0,25.0
2024-01-29 10:53:55,11.330225738819562,70788.51006275628,-171730.49111842288,70774.48352805714,-171732.16460188924,70778.4610930884,-171743.10062577203,0,25.0
2024-01-29 10:53:55,11.927164311227338,70788.51006275628,-171730.49111842288,70774.48352805714,-171732.16460188924,70778.17302852124,-171743.73616641542,0,25.0
2024-01-29 10:53:56,11.81586141723254,70788.51006275628,-171730.49111842288,70774.48352805714,-171732.16460188924,70777.93484695596,-171743.65249121268,0,25.0
2024-01-29 10:53:57,11.900159218222976,70788.51006275628,-171730.49111842288,70774.48352805714,-171732.16460188924,70777.78315310873,-171743.75548521278,0,25.0
2024-01-29 10:53:57,12.27716441395962,70788.51006275628,-171730.49111842288,70774.48352805714,-171732.16460188924,70777.94557620185,-171744.11578572658,0,25.0
2024-01-29 10:53:58,12.487028460527043,70788.51006275628,-171730.49111842288,70774.48352805714,-171732.16460188924,70778.47398436037,-171744.2640946157,0,25.0
2024-01-29 10:53:58,12.469820722927885,70788.51006275628,-171730.49111842288,70774.48352805714,-171732.16460188924,70779.01733180712,-171744.18193892253,0,25.0
2024-01-29 10:53:59,12.129599075417515,70788.51006275628,-171730.49111842288,70774.48352805714,-171732.16460188924,70779.14505304949,-171743.82406617195,0,25.0
2024-01-29 10:53:59,11.134050222056251,70788.51006275628,-171730.49111842288,70774.48352805714,-171732.16460188924,70779.19857952592,-171742.8150706294,0,25.0
2024-01-29 10:54:00,10.656669020326627,70788.51006275628,-171730.49111842288,70774.48352805714,-171732.16460188924,70779.11414839886,-171742.3443771361,0,25.0
2024-01-29 10:54:00,10.48529598928937,70788.51006275628,-171730.49111842288,70774.48352805714,-171732.16460188924,70778.9849079247,-171742.1872081853,0,25.0
2024-01-29 10:54:01,10.392648289027226,70788.51006275628,-171730.49111842288,70774.48352805714,-171732.16460188924,70778.71870657755,-171742.12566347624,0,25.0
2024-01-29 10:54:01,9.980580451848645,70788.51006275628,-171730.49111842288,70774.48352805714,-171732.16460188924,70778.65849550093,-171741.71785690074,0,25.0
2024-01-29 10:54:02,9.570991979873364,70788.51006275628,-171730.49111842288,70774.48352805714,-171732.16460188924,70778.43630735618,-171741.3318724998,0,25.0
2024-01-29 10:54:02,9.306331709235204,70788.51006275628,-171730.49111842288,70774.48352805714,-171732.16460188924,70777.96882761877,-171741.12110949372,0,25.0
2024-01-29 10:54:03,8.621840347755768,70788.51006275628,-171730.49111842288,70774.48352805714,-171732.16460188924,70777.85284221543,-171740.4456016853,0,25.0
2024-01-29 10:54:03,7.82599331278904,70788.51006275628,-171730.49111842288,70774.48352805714,-171732.16460188924,70777.62876970947,-171739.67084415763,0,25.0
2024-01-29 10:54:04,7.620981815450421,70788.51006275628,-171730.49111842288,70774.48352805714,-171732.16460188924,70777.43003064032,-171739.48808993964,0,25.0
2024-01-29 10:54:04,6.802684367691281,70788.51006275628,-171730.49111842288,70774.48352805714,-171732.16460188924,70777.36855323552,-171738.67132381667,0,25.0
2024-01-29 10:54:05,6.239067613817797,70788.51006275628,-171730.49111842288,70774.48352805714,-171732.16460188924,70777.25174631523,-171738.1176458844,0,25.0
2024-01-29 10:54:05,5.755216936747856,70788.51006275628,-171730.49111842288,70774.48352805714,-171732.16460188924,70777.07371807731,-171737.65160395548,0,25.0
2024-01-29 10:54:06,5.182238701887187,70788.51006275628,-171730.49111842288,70774.48352805714,-171732.16460188924,70776.71114198412,-171737.11782047738,0,25.0
2024-01-29 10:54:06,5.103031651689339,70788.51006275628,-171730.49111842288,70774.48352805714,-171732.16460188924,70776.77921611092,-171737.02992986757,0,25.0
2024-01-29 10:54:07,5.088127001520369,70788.51006275628,-171730.49111842288,70774.48352805714,-171732.16460188924,70776.9639356872,-171736.99288091433,0,25.0
2024-01-29 10:54:07,5.166982601062751,70788.51006275628,-171730.49111842288,70774.48352805714,-171732.16460188924,70777.13851900985,-171737.051466508,0,25.0
2024-01-29 10:54:08,5.120138504263352,70788.51006275628,-171730.49111842288,70774.48352805714,-171732.16460188924,70776.98959634422,-171737.02205791377,0,25.0
2024-01-29 10:54:09,4.644327518090264,70788.51006275628,-171730.49111842288,70774.48352805714,-171732.16460188924,70777.32326499236,-171736.5030629553,0,25.0
2024-01-29 10:54:09,4.644327518090264,70788.51006275628,-171730.49111842288,70774.48352805714,-171732.16460188924,70777.32326499236,-171736.5030629553,0,25.0
2024-01-29 10:54:10,4.55314162288971,70788.51006275628,-171730.49111842288,70774.48352805714,-171732.16460188924,70777.5063850823,-171736.3893825951,0,25.0
2024-01-29 10:54:10,4.769009401338465,70788.51006275628,-171730.49111842288,70774.48352805714,-171732.16460188924,70777.58650615599,-171736.5972222117,0,25.0
2024-01-29 10:54:11,4.87675403954932,70788.51006275628,-171730.49111842288,70774.48352805714,-171732.16460188924,70777.53748407231,-171736.7115797321,0,25.0
2024-01-29 10:54:11,4.87675403954932,70788.51006275628,-171730.49111842288,70774.48352805714,-171732.16460188924,70777.53748407231,-171736.7115797321,0,25.0
2024-01-29 10:54:12,4.085672523485755,70788.51006275628,-171730.49111842288,70774.48352805714,-171732.16460188924,70777.78303396127,-171735.88559162256,0,25.0
2024-01-29 10:54:12,4.085672523485755,70788.51006275628,-171730.49111842288,70774.48352805714,-171732.16460188924,70777.78303396127,-171735.88559162256,0,25.0
2024-01-29 10:54:13,4.082201218006463,70788.51006275628,-171730.49111842288,70774.48352805714,-171732.16460188924,70777.98334451328,-171735.858196966,0,25.0
2024-01-29 10:54:13,4.25077091425393,70788.51006275628,-171730.49111842288,70774.48352805714,-171732.16460188924,70777.72720184746,-171736.05852214777,0,25.0
2024-01-29 10:54:14,4.207714837370603,70788.51006275628,-171730.49111842288,70774.48352805714,-171732.16460188924,70777.70649541795,-171736.017631164,0,25.0
2024-01-29 10:54:14,3.9962849803024283,70788.51006275628,-171730.49111842288,70774.48352805714,-171732.16460188924,70778.00478996895,-171735.76911277877,0,25.0
2024-01-29 10:54:15,4.104803550835815,70788.51006275628,-171730.49111842288,70774.48352805714,-171732.16460188924,70778.28512097264,-171735.8449551291,0,25.0
2024-01-29 10:54:16,3.894354582997559,70788.51006275628,-171730.49111842288,70774.48352805714,-171732.16460188924,70778.27872986073,-171735.6337761498,0,25.0
2024-01-29 10:54:16,3.7512202796382845,70788.51006275628,-171730.49111842288,70774.48352805714,-171732.16460188924,70778.25905707547,-171735.49197385245,0,25.0
2024-01-29 10:54:17,3.019082744449729,70788.51006275628,-171730.49111842288,70774.48352805714,-171732.16460188924,70778.36662273429,-171734.74181043854,0,25.0
2024-01-29 10:54:17,2.4216446467785855,70788.51006275628,-171730.49111842288,70774.48352805714,-171732.16460188924,70778.50253942198,-171734.12391924785,0,25.0
2024-01-29 10:54:18,2.2746898042907815,70788.51006275628,-171730.49111842288,70774.48352805714,-171732.16460188924,70778.4391432354,-171733.98348588496,0,25.0
2024-01-29 10:54:18,2.043110442653882,70788.51006275628,-171730.49111842288,70774.48352805714,-171732.16460188924,70778.40062920991,-171733.75485918653,0,25.0
2024-01-29 10:54:19,2.1043261038042997,70788.51006275628,-171730.49111842288,70774.48352805714,-171732.16460188924,70778.14284419417,-171733.84726491396,0,25.0
2024-01-29 10:54:19,1.5712485047817832,70788.51006275628,-171730.49111842288,70774.48352805714,-171732.16460188924,70777.88379225369,-171733.34131374952,0,25.0
2024-01-29 10:54:20,1.2310846271375375,70788.51006275628,-171730.49111842288,70774.48352805714,-171732.16460188924,70777.93742840576,-171732.9923381524,0,25.0
2024-01-29 10:54:20,1.2413559942304604,70788.51006275628,-171730.49111842288,70774.48352805714,-171732.16460188924,70778.84449873112,-171732.89446125235,0,25.0
2024-01-29 10:54:21,1.378474091912829,70788.51006275628,-171730.49111842288,70774.48352805714,-171732.16460188924,70779.18345846956,-171732.99211105978,0,25.0
2024-01-29 10:54:22,1.4908518561921333,70788.51006275628,-171730.49111842288,70774.48352805714,-171732.16460188924,70779.3196290098,-171733.08903952842,0,25.0
2024-01-29 10:54:22,1.6474537205387416,70788.51006275628,-171730.49111842288,70774.48352805714,-171732.16460188924,70779.44488433267,-171733.23180801602,0,25.0
2024-01-29 10:54:23,1.5959602408678564,70788.51006275628,-171730.49111842288,70774.48352805714,-171732.16460188924,70779.72960904097,-171733.14597928902,0,25.0
2024-01-29 10:54:23,1.5959602408678564,70788.51006275628,-171730.49111842288,70774.48352805714,-171732.16460188924,70779.72960904097,-171733.14597928902,0,25.0
2024-01-29 10:54:24,1.503535382965571,70788.51006275628,-171730.49111842288,70774.48352805714,-171732.16460188924,70779.77919810756,-171733.0469825525,0,25.0
2024-01-29 10:54:24,1.523571592522298,70788.51006275628,-171730.49111842288,70774.48352805714,-171732.16460188924,70779.60959457603,-171733.08739598747,0,25.0
2024-01-29 10:54:25,1.4177425226003588,70788.51006275628,-171730.49111842288,70774.48352805714,-171732.16460188924,70779.45582531994,-171732.99916233186,0,25.0
2024-01-29 10:54:25,1.2695641174777614,70788.51006275628,-171730.49111842288,70774.48352805714,-171732.16460188924,70779.49306887023,-171732.8454895623,0,25.0
2024-01-29 10:54:26,0.9953676156450324,70788.51006275628,-171730.49111842288,70774.48352805714,-171732.16460188924,70779.43111402488,-171732.57674016556,0,25.0
2024-01-29 10:54:26,0.9277881496022452,70788.51006275628,-171730.49111842288,70774.48352805714,-171732.16460188924,70779.50300406876,-171732.5001043329,0,25.0
2024-01-29 10:54:27,0.8864235496385211,70788.51006275628,-171730.49111842288,70774.48352805714,-171732.16460188924,70779.4368502101,-171732.46633908237,0,25.0
2024-01-29 10:54:27,0.859524162425431,70788.51006275628,-171730.49111842288,70774.48352805714,-171732.16460188924,70779.4363020338,-171732.4393143241,0,25.0
2024-01-29 10:54:28,0.7298814327370748,70788.51006275628,-171730.49111842288,70774.48352805714,-171732.16460188924,70779.35623853306,-171732.31830440386,0,25.0
2024-01-29 10:54:28,0.7073632483217791,70788.51006275628,-171730.49111842288,70774.48352805714,-171732.16460188924,70779.3130091925,-171732.30078414187,0,25.0
2024-01-29 10:54:29,0.6270231067462387,70788.51006275628,-171730.49111842288,70774.48352805714,-171732.16460188924,70779.34519293463,-171732.21603442918,0,25.0
2024-01-29 10:54:29,0.6741322340174468,70788.51006275628,-171730.49111842288,70774.48352805714,-171732.16460188924,70779.31171174206,-171732.2674722467,0,25.0
2024-01-29 10:54:30,0.6841661009801223,70788.51006275628,-171730.49111842288,70774.48352805714,-171732.16460188924,70779.27538754173,-171732.2819110572,0,25.0
2024-01-29 10:54:30,0.7172024143329075,70788.51006275628,-171730.49111842288,70774.48352805714,-171732.16460188924,70779.22231711453,-171732.32151341529,0,25.0
2024-01-29 10:54:31,0.5161814604988598,70788.51006275628,-171730.49111842288,70774.48352805714,-171732.16460188924,70779.34529516032,-171732.10439448667,0,25.0
2024-01-29 10:54:31,0.4052108667119585,70788.51006275628,-171730.49111842288,70774.48352805714,-171732.16460188924,70779.3781251558,-171731.9887199841,0,25.0
2024-01-29 10:54:32,0.37253302014174067,70788.51006275628,-171730.49111842288,70774.48352805714,-171732.16460188924,70779.36327610875,-171731.95758199913,0,25.0
2024-01-29 10:54:32,0.37253302014174067,70788.51006275628,-171730.49111842288,70774.48352805714,-171732.16460188924,70779.36327610875,-171731.95758199913,0,25.0
2024-01-29 10:54:33,0.22914022078017718,70788.51006275628,-171730.49111842288,70774.48352805714,-171732.16460188924,70779.32086833617,-171731.81823184754,0,25.0
2024-01-29 10:54:34,0.18603010574268206,70788.51006275628,-171730.49111842288,70774.48352805714,-171732.16460188924,70779.2538750376,-171731.78280885483,0,25.0
2024-01-29 10:54:34,0.18603010574268206,70788.51006275628,-171730.49111842288,70774.48352805714,-171732.16460188924,70779.2538750376,-171731.78280885483,0,25.0
2024-01-29 10:54:35,0.09905691271693182,70788.51006275628,-171730.49111842288,70774.48352805714,-171732.16460188924,70779.33679654404,-171731.68532560676,0,25.0
2024-01-29 10:54:35,0.011311384811861405,70788.51006275628,-171730.49111842288,70774.48352805714,-171732.16460188924,70779.31084145437,-171731.60005443924,0,25.0
2024-01-29 10:54:36,-0.17896672504872413,70788.51006275628,-171730.49111842288,70774.48352805714,-171732.16460188924,70779.2683664216,-171731.4134944866,0,25.0
2024-01-29 10:54:36,-0.27000213521496613,70788.51006275628,-171730.49111842288,70774.48352805714,-171732.16460188924,70779.23580458509,-171731.32569834508,0,25.0
2024-01-29 10:54:37,-0.3527672089942849,70788.51006275628,-171730.49111842288,70774.48352805714,-171732.16460188924,70779.20661368482,-171731.24582901294,0,25.0
2024-01-29 10:54:37,-0.5277492294408932,70788.51006275628,-171730.49111842288,70774.48352805714,-171732.16460188924,70779.20688351947,-171731.0695738092,0,25.0
2024-01-29 10:54:38,-0.6377325308159513,70788.51006275628,-171730.49111842288,70774.48352805714,-171732.16460188924,70779.18946595059,-171730.96088855772,0,25.0
2024-01-29 10:54:38,-0.7711939876732626,70788.51006275628,-171730.49111842288,70774.48352805714,-171732.16460188924,70779.16235999596,-171730.82971454723,0,25.0
2024-01-29 10:54:39,-1.0345224388659082,70788.51006275628,-171730.49111842288,70774.48352805714,-171732.16460188924,70779.19048673513,-171730.56116278833,0,25.0
2024-01-29 10:54:39,-1.266388211953091,70788.51006275628,-171730.49111842288,70774.48352805714,-171732.16460188924,70779.22564444278,-171730.3234579903,0,25.0
2024-01-29 10:54:40,-1.266388211953091,70788.51006275628,-171730.49111842288,70774.48352805714,-171732.16460188924,70779.22564444278,-171730.3234579903,0,25.0
2024-01-29 10:54:40,-1.3147588966573274,70788.51006275628,-171730.49111842288,70774.48352805714,-171732.16460188924,70779.15421537955,-171730.28326634347,0,25.0
2024-01-29 10:54:41,-1.2894826825681425,70788.51006275628,-171730.49111842288,70774.48352805714,-171732.16460188924,70779.15844443189,-171730.30821725747,0,25.0
2024-01-29 10:54:41,-1.346674617945703,70788.51006275628,-171730.49111842288,70774.48352805714,-171732.16460188924,70779.0921292044,-171730.25853167518,0,25.0
2024-01-29 10:54:42,-1.2979194997777608,70788.51006275628,-171730.49111842288,70774.48352805714,-171732.16460188924,70779.04839417263,-171730.3128505263,0,25.0
2024-01-29 10:54:42,-1.2979194997777608,70788.51006275628,-171730.49111842288,70774.48352805714,-171732.16460188924,70779.04839417263,-171730.3128505263,0,25.0
2024-01-29 10:54:43,-1.1307612446409083,70788.51006275628,-171730.49111842288,70774.48352805714,-171732.16460188924,70778.82332312757,-171730.5080471514,0,25.0
2024-01-29 10:54:43,-1.1307612446409083,70788.51006275628,-171730.49111842288,70774.48352805714,-171732.16460188924,70778.82332312757,-171730.5080471514,0,25.0
2024-01-29 10:54:44,-1.0119744285845715,70788.51006275628,-171730.49111842288,70774.48352805714,-171732.16460188924,70778.58447548136,-171730.6561729467,0,25.0
2024-01-29 10:54:44,-0.6611253640117745,70788.51006275628,-171730.49111842288,70774.48352805714,-171732.16460188924,70778.29362825217,-171731.04421078615,0,25.0
2024-01-29 10:54:45,0.07604646128015893,70788.51006275628,-171730.49111842288,70774.48352805714,-171732.16460188924,70777.87128482164,-171731.83699982736,0,25.0
2024-01-29 10:54:45,0.20186834981782512,70788.51006275628,-171730.49111842288,70774.48352805714,-171732.16460188924,70777.86352964415,-171731.96463931497,0,25.0
2024-01-29 10:54:46,0.20186834981782512,70788.51006275628,-171730.49111842288,70774.48352805714,-171732.16460188924,70777.86352964415,-171731.96463931497,0,25.0
2024-01-29 10:54:46,0.4644750267100837,70788.51006275628,-171730.49111842288,70774.48352805714,-171732.16460188924,70777.76938954229,-171732.24034012962,0,25.0
2024-01-29 10:54:47,0.5991328725016647,70788.51006275628,-171730.49111842288,70774.48352805714,-171732.16460188924,70777.73460998233,-171732.38010247593,0,25.0
2024-01-29 10:54:47,0.32271214717529767,70788.51006275628,-171730.49111842288,70774.48352805714,-171732.16460188924,70777.70810045455,-171732.104884157,0,25.0
2024-01-29 10:54:48,0.693043524220855,70788.51006275628,-171730.49111842288,70774.48352805714,-171732.16460188924,70777.65463496458,-171732.48422084298,0,25.0
2024-01-29 10:54:48,0.32580894237159425,70788.51006275628,-171730.49111842288,70774.48352805714,-171732.16460188924,70777.56708198469,-171732.12482760352,0,25.0
2024-01-29 10:54:49,-0.1282505099431542,70788.51006275628,-171730.49111842288,70774.48352805714,-171732.16460188924,70777.51972621697,-171731.67319785783,0,25.0
2024-01-29 10:54:49,-0.5101034855246763,70788.51006275628,-171730.49111842288,70774.48352805714,-171732.16460188924,70777.20743967932,-171731.3258951516,0,25.0
2024-01-29 10:54:50,-0.8404638584006279,70788.51006275628,-171730.49111842288,70774.48352805714,-171732.16460188924,70776.98181459606,-171731.0201107989,0,25.0
2024-01-29 10:54:50,-1.1735935399219823,70788.51006275628,-171730.49111842288,70774.48352805714,-171732.16460188924,70777.13425751294,-171730.66643080773,0,25.0
2024-01-29 10:54:51,-1.3987592256147794,70788.51006275628,-171730.49111842288,70774.48352805714,-171732.16460188924,70777.38215416267,-171730.41009207116,0,25.0
2024-01-29 10:54:51,-1.7570229625064826,70788.51006275628,-171730.49111842288,70774.48352805714,-171732.16460188924,70777.59103464177,-171730.02436629595,0,25.0
2024-01-29 10:54:52,-2.1637338448372794,70788.51006275628,-171730.49111842288,70774.48352805714,-171732.16460188924,70777.58702445174,-171729.61524942928,0,25.0
2024-01-29 10:54:52,-2.1637338448372794,70788.51006275628,-171730.49111842288,70774.48352805714,-171732.16460188924,70777.58702445174,-171729.61524942928,0,25.0
2024-01-29 10:54:53,-2.7861253168416047,70788.51006275628,-171730.49111842288,70774.48352805714,-171732.16460188924,70777.46222347741,-171729.0033337006,0,25.0
2024-01-29 10:54:53,-2.9188840307538264,70788.51006275628,-171730.49111842288,70774.48352805714,-171732.16460188924,70777.72311317878,-171728.8385071149,0,25.0
2024-01-29 10:54:54,-3.1273578105332414,70788.51006275628,-171730.49111842288,70774.48352805714,-171732.16460188924,70777.704417467,-171728.63078537406,0,25.0
2024-01-29 10:54:55,-3.153228010372744,70788.51006275628,-171730.49111842288,70774.48352805714,-171732.16460188924,70777.76084754884,-171728.59799911722,0,25.0
2024-01-29 10:54:55,-4.198729405300411,70788.51006275628,-171730.49111842288,70774.48352805714,-171732.16460188924,70778.10144225594,-171727.50444711235,0,25.0
2024-01-29 10:54:56,-4.8598487244763335,70788.51006275628,-171730.49111842288,70774.48352805714,-171732.16460188924,70778.02130017964,-171726.84820069294,0,25.0
2024-01-29 10:54:56,-5.150212864954539,70788.51006275628,-171730.49111842288,70774.48352805714,-171732.16460188924,70778.00861652632,-171726.55729052774,0,25.0
2024-01-29 10:54:57,-5.7381230103524326,70788.51006275628,-171730.49111842288,70774.48352805714,-171732.16460188924,70778.01535728139,-171725.96440663686,0,25.0
2024-01-29 10:54:57,-5.868499189978672,70788.51006275628,-171730.49111842288,70774.48352805714,-171732.16460188924,70777.99636238185,-171725.83537206764,0,25.0
2024-01-29 10:54:58,-5.713439738359529,70788.51006275628,-171730.49111842288,70774.48352805714,-171732.16460188924,70778.06668821565,-171725.9831407532,0,25.0
2024-01-29 10:54:58,-5.745862998454205,70788.51006275628,-171730.49111842288,70774.48352805714,-171732.16460188924,70778.00500773292,-171725.9578465441,0,25.0
2024-01-29 10:54:59,-5.801511758347346,70788.51006275628,-171730.49111842288,70774.48352805714,-171732.16460188924,70778.10385994539,-171725.89000921804,0,25.0
2024-01-29 10:54:59,-5.864921970173812,70788.51006275628,-171730.49111842288,70774.48352805714,-171732.16460188924,70778.22947357716,-171725.8111625328,0,25.0
2024-01-29 10:55:00,-5.3796248561470605,70788.51006275628,-171730.49111842288,70774.48352805714,-171732.16460188924,70778.30891835944,-171726.2904229917,0,25.0
2024-01-29 10:55:00,-4.859078935299069,70788.51006275628,-171730.49111842288,70774.48352805714,-171732.16460188924,70778.0911482926,-171726.84064247465,0,25.0
2024-01-29 10:55:01,-4.379896995314162,70788.51006275628,-171730.49111842288,70774.48352805714,-171732.16460188924,70778.06330536757,-171727.3265447152,0,25.0
2024-01-29 10:55:01,-4.423468558108205,70788.51006275628,-171730.49111842288,70774.48352805714,-171732.16460188924,70778.0497146733,-171727.28428562262,0,25.0
2024-01-29 10:55:02,-4.667097072767309,70788.51006275628,-171730.49111842288,70774.48352805714,-171732.16460188924,70777.88139404415,-171727.0590113361,0,25.0
2024-01-29 10:55:02,-4.534167654114765,70788.51006275628,-171730.49111842288,70774.48352805714,-171732.16460188924,70777.67295482397,-171727.21775205396,0,25.0
2024-01-29 10:55:03,-4.7875420930503765,70788.51006275628,-171730.49111842288,70774.48352805714,-171732.16460188924,70777.68776281383,-171726.96081394085,0,25.0
2024-01-29 10:55:04,-5.462741824873178,70788.51006275628,-171730.49111842288,70774.48352805714,-171732.16460188924,70777.97461784673,-171726.2466014098,0,25.0
2024-01-29 10:55:04,-5.774485677129144,70788.51006275628,-171730.49111842288,70774.48352805714,-171732.16460188924,70778.07674719283,-171725.92046175012,0,25.0
2024-01-29 10:55:05,-6.374610512939205,70788.51006275628,-171730.49111842288,70774.48352805714,-171732.16460188924,70778.48295914217,-171725.26761627046,0,25.0
2024-01-29 10:55:05,-6.679647773097108,70788.51006275628,-171730.49111842288,70774.48352805714,-171732.16460188924,70778.424798163,-171724.96735474953,0,25.0
2024-01-29 10:55:06,-6.679647773097108,70788.51006275628,-171730.49111842288,70774.48352805714,-171732.16460188924,70778.424798163,-171724.96735474953,0,25.0
2024-01-29 10:55:06,-7.506215439393552,70788.51006275628,-171730.49111842288,70774.48352805714,-171732.16460188924,70779.05355915471,-171724.05990851347,0,25.0
2024-01-29 10:55:07,-7.506215439393552,70788.51006275628,-171730.49111842288,70774.48352805714,-171732.16460188924,70779.05355915471,-171724.05990851347,0,25.0
