timestamp,直線との距離:,startx:,starty:,goalx:,goaly:,x:,y:,操作量,sp
2024-02-09 14:01:53,-0.0,70788.30547735501,-171738.77872519038,70772.9149468953,-171738.43357661384,70788.30547735501,-171738.77872519038,0,20.0
timestamp,直線との距離:,startx:,starty:,goalx:,goaly:,x:,y:,操作量,sp
2024-02-09 14:01:53,-0.0,70788.30547735501,-171738.77872519038,70772.9149468953,-171738.43357661384,70788.30547735501,-171738.77872519038,0,20.0
2024-02-09 14:01:54,0.00030961307379470877,70788.30547735501,-171738.77872519038,70772.9149468953,-171738.43357661384,70788.31302312591,-171738.77920410302,-1,20.0
2024-02-09 14:01:54,-0.011263396649076383,70788.30547735501,-171738.77872519038,70772.9149468953,-171738.43357661384,70788.00900629732,-171738.7608102914,0,20.0
2024-02-09 14:01:55,-0.011263396649076383,70788.30547735501,-171738.77872519038,70772.9149468953,-171738.43357661384,70788.00900629732,-171738.7608102914,0,20.0
2024-02-09 14:01:55,-0.16293261110544555,70788.30547735501,-171738.77872519038,70772.9149468953,-171738.43357661384,70786.80613255221,-171738.5821272536,2,20.0
2024-02-09 14:01:56,-0.2796908730764999,70788.30547735501,-171738.77872519038,70772.9149468953,-171738.43357661384,70785.98636716664,-171738.44695554755,3,20.0
2024-02-09 14:01:56,-0.2796908730764999,70788.30547735501,-171738.77872519038,70772.9149468953,-171738.43357661384,70785.98636716664,-171738.44695554755,2,20.0
2024-02-09 14:01:57,-0.5446134661561441,70788.30547735501,-171738.77872519038,70772.9149468953,-171738.43357661384,70784.59515045029,-171738.15076686954,7,20.0
2024-02-09 14:01:57,-0.7314191032993048,70788.30547735501,-171738.77872519038,70772.9149468953,-171738.43357661384,70783.72105344594,-171737.9443117334,8,20.0
2024-02-09 14:01:58,-0.7314191032993048,70788.30547735501,-171738.77872519038,70772.9149468953,-171738.43357661384,70783.72105344594,-171737.9443117334,7,20.0
2024-02-09 14:01:58,-1.0215065772909973,70788.30547735501,-171738.77872519038,70772.9149468953,-171738.43357661384,70782.26704644915,-171737.62154371018,12,20.0
2024-02-09 14:01:59,-1.1917822193259342,70788.30547735501,-171738.77872519038,70772.9149468953,-171738.43357661384,70781.39119730335,-171737.43158343172,13,20.0
2024-02-09 14:02:00,-1.3285596291878827,70788.30547735501,-171738.77872519038,70772.9149468953,-171738.43357661384,70780.48702597711,-171737.27449465374,14,20.0
2024-02-09 14:02:00,-1.3285596291878827,70788.30547735501,-171738.77872519038,70772.9149468953,-171738.43357661384,70780.48702597711,-171737.27449465374,13,20.0
2024-02-09 14:02:01,-1.4664030910622354,70788.30547735501,-171738.77872519038,70772.9149468953,-171738.43357661384,70778.98450776105,-171737.10292100735,15,20.0
2024-02-09 14:02:01,-1.4430815051964754,70788.30547735501,-171738.77872519038,70772.9149468953,-171738.43357661384,70778.07482906847,-171737.1058479707,14,20.0
2024-02-09 14:02:02,-1.3696070117965689,70788.30547735501,-171738.77872519038,70772.9149468953,-171738.43357661384,70777.08008448164,-171737.15703276088,13,20.0
2024-02-09 14:02:02,-1.288236142084532,70788.30547735501,-171738.77872519038,70772.9149468953,-171738.43357661384,70776.41702132844,-171737.22355421228,12,20.0
2024-02-09 14:02:03,-1.1359131579528814,70788.30547735501,-171738.77872519038,70772.9149468953,-171738.43357661384,70775.46778359875,-171737.3546278566,10,20.0
2024-02-09 14:02:03,-1.1359131579528814,70788.30547735501,-171738.77872519038,70772.9149468953,-171738.43357661384,70775.46778359875,-171737.3546278566,11,20.0
2024-02-09 14:02:04,-0.6911706389694262,70788.30547735501,-171738.77872519038,70772.9149468953,-171738.43357661384,70773.9451174729,-171737.76533483405,3,20.0
timestamp,直線との距離:,startx:,starty:,goalx:,goaly:,x:,y:,操作量,sp
2024-02-09 14:02:05,0.0,70773.02907168577,-171738.0734349863,70767.81304474265,-171743.65567093433,70773.02907168577,-171738.0734349863,-5,20.0
2024-02-09 14:02:05,-0.4399616952146236,70773.02907168577,-171738.0734349863,70767.81304474265,-171743.65567093433,70772.10855780655,-171738.41416479915,7,20.0
2024-02-09 14:02:06,-0.5695819114526415,70773.02907168577,-171738.0734349863,70767.81304474265,-171743.65567093433,70771.44027356367,-171738.93951349275,6,20.0
2024-02-09 14:02:06,-0.5151234812635386,70773.02907168577,-171738.0734349863,70767.81304474265,-171743.65567093433,70771.09601496391,-171739.38770720662,4,20.0
2024-02-09 14:02:07,-0.5151234812635386,70773.02907168577,-171738.0734349863,70767.81304474265,-171743.65567093433,70771.09601496391,-171739.38770720662,5,20.0
2024-02-09 14:02:07,-0.2625569795181062,70773.02907168577,-171738.0734349863,70767.81304474265,-171743.65567093433,70770.04990013545,-171740.87720225577,0,20.0
2024-02-09 14:02:08,-0.16994972255945612,70773.02907168577,-171738.0734349863,70767.81304474265,-171743.65567093433,70769.68761947223,-171741.4005599199,1,20.0
2024-02-09 14:02:08,-0.03951343037932959,70773.02907168577,-171738.0734349863,70767.81304474265,-171743.65567093433,70769.15702717529,-171742.15945429893,-1,20.0
2024-02-09 14:02:09,0.07972173219148078,70773.02907168577,-171738.0734349863,70767.81304474265,-171743.65567093433,70768.61392735188,-171742.9153280437,-2,20.0
timestamp,直線との距離:,startx:,starty:,goalx:,goaly:,x:,y:,操作量,sp
2024-02-09 14:02:09,0.0,70768.25057835018,-171743.38741291448,70767.4504649894,-171758.08261034725,70768.25057835018,-171743.38741291448,0,20.0
2024-02-09 14:02:10,0.0,70768.25057835018,-171743.38741291448,70767.4504649894,-171758.08261034725,70768.25057835018,-171743.38741291448,0,20.0
2024-02-09 14:02:10,-0.49587508537058733,70768.25057835018,-171743.38741291448,70767.4504649894,-171758.08261034725,70767.71490426443,-171744.1048875146,8,20.0
2024-02-09 14:02:11,-1.4957615536110043,70768.25057835018,-171743.38741291448,70767.4504649894,-171758.08261034725,70766.64967478129,-171745.27780268856,21,20.0
2024-02-09 14:02:11,-2.156211150984791,70768.25057835018,-171743.38741291448,70767.4504649894,-171758.08261034725,70765.94988820999,-171745.98231452788,26,20.0
2024-02-09 14:02:12,-2.156211150984791,70768.25057835018,-171743.38741291448,70767.4504649894,-171758.08261034725,70765.94988820999,-171745.98231452788,21,20.0
2024-02-09 14:02:12,-2.7853793886327676,70768.25057835018,-171743.38741291448,70767.4504649894,-171758.08261034725,70765.27744253588,-171746.76004941761,32,20.0
2024-02-09 14:02:13,-3.5617215045266524,70768.25057835018,-171743.38741291448,70767.4504649894,-171758.08261034725,70764.41691784152,-171748.28506062974,41,20.0
2024-02-09 14:02:14,-3.8309556050278277,70768.25057835018,-171743.38741291448,70767.4504649894,-171758.08261034725,70764.09556695343,-171749.23493399133,40,20.0
2024-02-09 14:02:14,-3.8309556050278277,70768.25057835018,-171743.38741291448,70767.4504649894,-171758.08261034725,70764.09556695343,-171749.23493399133,38,20.0
2024-02-09 14:02:15,-3.6903428848214697,70768.25057835018,-171743.38741291448,70767.4504649894,-171758.08261034725,70764.15072557956,-171750.80824273004,35,20.0
2024-02-09 14:02:15,-3.286141259028177,70768.25057835018,-171743.38741291448,70767.4504649894,-171758.08261034725,70764.51282386703,-171751.5925249353,30,20.0
2024-02-09 14:02:16,-2.6860271502955197,70768.25057835018,-171743.38741291448,70767.4504649894,-171758.08261034725,70765.08037096035,-171752.20698877706,22,20.0
2024-02-09 14:02:16,-2.2267993842775002,70768.25057835018,-171743.38741291448,70767.4504649894,-171758.08261034725,70765.52197482102,-171752.54316896797,19,20.0
2024-02-09 14:02:17,-1.711671509531817,70768.25057835018,-171743.38741291448,70767.4504649894,-171758.08261034725,70766.0249581912,-171752.78023300154,13,20.0
2024-02-09 14:02:17,-1.1576964845942044,70768.25057835018,-171743.38741291448,70767.4504649894,-171758.08261034725,70766.56895551218,-171752.9785574994,7,20.0
2024-02-09 14:02:18,-0.2428599607372497,70768.25057835018,-171743.38741291448,70767.4504649894,-171758.08261034725,70767.47263205759,-171753.20841280784,-4,20.0
2024-02-09 14:02:19,0.7335165619195015,70768.25057835018,-171743.38741291448,70767.4504649894,-171758.08261034725,70768.44169548142,-171753.3692889109,-15,20.0
2024-02-09 14:02:19,1.7598489809001283,70768.25057835018,-171743.38741291448,70767.4504649894,-171758.08261034725,70769.4621881073,-171753.50446467515,-25,20.0
2024-02-09 14:02:20,2.7885297694763307,70768.25057835018,-171743.38741291448,70767.4504649894,-171758.08261034725,70770.48096927557,-171753.71426871023,-36,20.0
2024-02-09 14:02:20,3.443678837799224,70768.25057835018,-171743.38741291448,70767.4504649894,-171758.08261034725,70771.12444023076,-171753.9465758798,-40,20.0
2024-02-09 14:02:21,4.340542156812539,70768.25057835018,-171743.38741291448,70767.4504649894,-171758.08261034725,70771.99477649468,-171754.45818004248,-50,20.0
2024-02-09 14:02:21,5.0497569316599975,70768.25057835018,-171743.38741291448,70767.4504649894,-171758.08261034725,70772.6632749305,-171755.22528549324,-56,20.0
2024-02-09 14:02:22,5.341838784837047,70768.25057835018,-171743.38741291448,70767.4504649894,-171758.08261034725,70772.92267759,-171755.8334300936,-56,20.0
2024-02-09 14:02:22,5.465477245669823,70768.25057835018,-171743.38741291448,70767.4504649894,-171758.08261034725,70772.9942419732,-171756.7932065313,-56,20.0
2024-02-09 14:02:23,5.119137235992277,70768.25057835018,-171743.38741291448,70767.4504649894,-171758.08261034725,70772.60055021978,-171757.65346566917,-49,20.0
2024-02-09 14:02:23,4.676467057102899,70768.25057835018,-171743.38741291448,70767.4504649894,-171758.08261034725,70772.13519405687,-171758.05808322263,-44,20.0
2024-02-09 14:02:24,3.85446903886904,70768.25057835018,-171743.38741291448,70767.4504649894,-171758.08261034725,70771.29650606953,-171758.3422565622,-33,20.0
2024-02-09 14:02:24,2.981861732908241,70768.25057835018,-171743.38741291448,70767.4504649894,-171758.08261034725,70770.42743899972,-171758.25349722718,-24,20.0
2024-02-09 14:02:25,2.2079408661318625,70768.25057835018,-171743.38741291448,70767.4504649894,-171758.08261034725,70769.67317464708,-171757.87142459195,-17,20.0
2024-02-09 14:02:26,1.785865616366858,70768.25057835018,-171743.38741291448,70767.4504649894,-171758.08261034725,70769.27058406449,-171757.5020795935,-15,20.0
2024-02-09 14:02:26,1.2744252562534055,70768.25057835018,-171743.38741291448,70767.4504649894,-171758.08261034725,70768.794765555,-171756.83392167935,-10,20.0
2024-02-09 14:02:27,0.8935148319715254,70768.25057835018,-171743.38741291448,70767.4504649894,-171758.08261034725,70768.45366590953,-171756.09237912783,-7,20.0
2024-02-09 14:02:27,0.5676059492758764,70768.25057835018,-171743.38741291448,70767.4504649894,-171758.08261034725,70768.18779094478,-171754.98090666387,-4,20.0
2024-02-09 14:02:28,0.49913895521747376,70768.25057835018,-171743.38741291448,70767.4504649894,-171758.08261034725,70768.15136874214,-171754.39049684978,-5,20.0
2024-02-09 14:02:28,0.42072878782042356,70768.25057835018,-171743.38741291448,70767.4504649894,-171758.08261034725,70768.12043471813,-171753.51639825245,-4,20.0
2024-02-09 14:02:29,0.4711382813090415,70768.25057835018,-171743.38741291448,70767.4504649894,-171758.08261034725,70768.21736200052,-171752.66340551566,-6,20.0
2024-02-09 14:02:29,0.42172256386626655,70768.25057835018,-171743.38741291448,70767.4504649894,-171758.08261034725,70768.2004635208,-171752.0648368279,-4,20.0
2024-02-09 14:02:30,0.4662477087604744,70768.25057835018,-171743.38741291448,70767.4504649894,-171758.08261034725,70768.29473205465,-171751.15244137394,-5,20.0
2024-02-09 14:02:30,0.531656728445825,70768.25057835018,-171743.38741291448,70767.4504649894,-171758.08261034725,70768.41170206036,-171750.20723133005,-6,20.0
2024-02-09 14:02:31,0.6908882212055145,70768.25057835018,-171743.38741291448,70767.4504649894,-171758.08261034725,70768.62051692256,-171749.3008952703,-9,20.0
2024-02-09 14:02:31,0.8276175276474785,70768.25057835018,-171743.38741291448,70767.4504649894,-171758.08261034725,70768.79042451824,-171748.6952492433,-10,20.0
2024-02-09 14:02:32,1.1132510468254406,70768.25057835018,-171743.38741291448,70767.4504649894,-171758.08261034725,70769.1223281247,-171747.8532048063,-14,20.0
2024-02-09 14:02:33,1.4704123497042165,70768.25057835018,-171743.38741291448,70767.4504649894,-171758.08261034725,70769.52511831527,-171747.02488269866,-18,20.0
2024-02-09 14:02:33,1.742359659056744,70768.25057835018,-171743.38741291448,70767.4504649894,-171758.08261034725,70769.82539533969,-171746.5119658981,-20,20.0
2024-02-09 14:02:34,2.28410914973799,70768.25057835018,-171743.38741291448,70767.4504649894,-171758.08261034725,70770.40711784257,-171745.79254327234,-27,20.0
2024-02-09 14:02:34,2.9528108800729864,70768.25057835018,-171743.38741291448,70767.4504649894,-171758.08261034725,70771.11028170284,-171745.17778922644,-35,20.0
2024-02-09 14:02:35,2.9528108800729864,70768.25057835018,-171743.38741291448,70767.4504649894,-171758.08261034725,70771.11028170284,-171745.17778922644,-30,20.0
