timestamp,直線との距離:,startx:,starty:,goalx:,goaly:,x:,y:,操作量,sp
2024-02-09 14:05:38,-0.0,70788.82519966277,-171738.9223077367,70772.9149468953,-171738.43357661384,70788.82519966277,-171738.9223077367,0,20.0
2024-02-09 14:05:38,-0.0,70788.82519966277,-171738.9223077367,70772.9149468953,-171738.43357661384,70788.82519966277,-171738.9223077367,0,20.0
2024-02-09 14:05:39,-0.0112440759546628,70788.82519966277,-171738.9223077367,70772.9149468953,-171738.43357661384,70788.82865148094,-171738.91116439004,0,20.0
2024-02-09 14:05:39,-0.014629142013889731,70788.82519966277,-171738.9223077367,70772.9149468953,-171738.43357661384,70788.72575442778,-171738.90461693573,0,20.0
2024-02-09 14:05:40,-0.1306429838597728,70788.82519966277,-171738.9223077367,70772.9149468953,-171738.43357661384,70788.14086572538,-171738.77058176138,2,20.0
2024-02-09 14:05:41,-0.16269134361947862,70788.82519966277,-171738.9223077367,70772.9149468953,-171738.43357661384,70787.62965579782,-171738.72281493898,1,20.0
2024-02-09 14:05:41,-0.24471620172457126,70788.82519966277,-171738.9223077367,70772.9149468953,-171738.43357661384,70786.78795525931,-171738.61489603485,3,20.0
2024-02-09 14:05:42,-0.3528278168563081,70788.82519966277,-171738.9223077367,70772.9149468953,-171738.43357661384,70785.95517913,-171738.48115220893,4,20.0
2024-02-09 14:05:42,-0.42480614320605137,70788.82519966277,-171738.9223077367,70772.9149468953,-171738.43357661384,70785.3795149346,-171738.3914566794,4,20.0
2024-02-09 14:05:43,-0.5369065661927209,70788.82519966277,-171738.9223077367,70772.9149468953,-171738.43357661384,70784.48127772252,-171738.2517113307,6,20.0
2024-02-09 14:05:43,-0.6273775564896663,70788.82519966277,-171738.9223077367,70772.9149468953,-171738.43357661384,70783.5563785536,-171738.13278661505,6,20.0
2024-02-09 14:05:44,-0.7165701866281056,70788.82519966277,-171738.9223077367,70772.9149468953,-171738.43357661384,70782.64095575741,-171738.01543195776,7,20.0
2024-02-09 14:05:44,-0.7611800983124778,70788.82519966277,-171738.9223077367,70772.9149468953,-171738.43357661384,70782.02497285375,-171737.95187924217,7,20.0
2024-02-09 14:05:45,-0.8469432875830091,70788.82519966277,-171738.9223077367,70772.9149468953,-171738.43357661384,70781.09353832804,-171737.8374637951,9,20.0
2024-02-09 14:05:45,-0.911329909471254,70788.82519966277,-171738.9223077367,70772.9149468953,-171738.43357661384,70780.12350719504,-171737.74324938786,9,20.0
2024-02-09 14:05:46,-0.9551058872325539,70788.82519966277,-171738.9223077367,70772.9149468953,-171738.43357661384,70779.48709741874,-171737.67990352694,9,20.0
2024-02-09 14:05:46,-0.986271118233068,70788.82519966277,-171738.9223077367,70772.9149468953,-171738.43357661384,70778.49655654146,-171737.6182961624,10,20.0
2024-02-09 14:05:47,-0.9596299702280019,70788.82519966277,-171738.9223077367,70772.9149468953,-171738.43357661384,70777.48616675324,-171737.6139127245,9,20.0
2024-02-09 14:05:48,-0.9306064005304907,70788.82519966277,-171738.9223077367,70772.9149468953,-171738.43357661384,70776.8116820569,-171737.62223116425,9,20.0
2024-02-09 14:05:48,-0.8507073435100482,70788.82519966277,-171738.9223077367,70772.9149468953,-171738.43357661384,70775.84297763958,-171737.67241124762,7,20.0
2024-02-09 14:05:49,-0.7762001027694747,70788.82519966277,-171738.9223077367,70772.9149468953,-171738.43357661384,70775.21476254097,-171737.72765612186,7,20.0
2024-02-09 14:05:49,-0.6201649451949575,70788.82519966277,-171738.9223077367,70772.9149468953,-171738.43357661384,70774.23503555829,-171737.853669627,5,20.0
timestamp,直線との距離:,startx:,starty:,goalx:,goaly:,x:,y:,操作量,sp
2024-02-09 14:05:50,0.0,70772.25042494295,-171738.20740746908,70767.81304474265,-171743.65567093433,70772.25042494295,-171738.20740746908,-5,20.0
timestamp,直線との距離:,startx:,starty:,goalx:,goaly:,x:,y:,操作量,sp
2024-02-09 14:05:51,-0.42353364029088364,70772.25042494295,-171738.20740746908,70767.81304474265,-171743.65567093433,70771.59503832033,-171738.34142643254,7,20.0
2024-02-09 14:05:51,-0.42353364029088364,70772.25042494295,-171738.20740746908,70767.81304474265,-171743.65567093433,70771.59503832033,-171738.34142643254,4,20.0
2024-02-09 14:05:51,-0.5942858626921563,70772.25042494295,-171738.20740746908,70767.81304474265,-171743.65567093433,70770.9217207635,-171738.89774433253,7,20.0
2024-02-09 14:05:52,-0.7827132891442213,70772.25042494295,-171738.20740746908,70767.81304474265,-171743.65567093433,70770.19774583445,-171739.48827095376,9,20.0
2024-02-09 14:05:52,-0.925641086678758,70772.25042494295,-171738.20740746908,70767.81304474265,-171743.65567093433,70769.6907613877,-171739.88442365118,10,20.0
2024-02-09 14:05:53,-1.1394473630090218,70772.25042494295,-171738.20740746908,70767.81304474265,-171743.65567093433,70768.93469511767,-171740.4741645815,12,20.0
2024-02-09 14:05:53,-1.334769726112827,70772.25042494295,-171738.20740746908,70767.81304474265,-171743.65567093433,70768.20844380066,-171741.05656794162,14,20.0
2024-02-09 14:05:54,-1.5095837444820037,70772.25042494295,-171738.20740746908,70767.81304474265,-171743.65567093433,70767.31865648937,-171741.872237836,16,20.0
2024-02-09 14:05:54,-1.5577802658243338,70772.25042494295,-171738.20740746908,70767.81304474265,-171743.65567093433,70766.91677153633,-171742.289356624,15,20.0
2024-02-09 14:05:55,-1.5073860291478376,70772.25042494295,-171738.20740746908,70767.81304474265,-171743.65567093433,70766.1795186258,-171743.27436375635,14,20.0
2024-02-09 14:05:56,-1.5073860291478376,70772.25042494295,-171738.20740746908,70767.81304474265,-171743.65567093433,70766.1795186258,-171743.27436375635,15,20.0
2024-02-09 14:05:56,-1.418384031567711,70772.25042494295,-171738.20740746908,70767.81304474265,-171743.65567093433,70765.63341684487,-171744.08580942624,13,20.0
2024-02-09 14:05:57,-1.2579315831679068,70772.25042494295,-171738.20740746908,70767.81304474265,-171743.65567093433,70765.13097022584,-171744.9567976689,11,20.0
2024-02-09 14:05:57,-1.1040136107756928,70772.25042494295,-171738.20740746908,70767.81304474265,-171743.65567093433,70764.83060560576,-171745.5693200047,9,20.0
2024-02-09 14:05:58,-0.8404855237833512,70772.25042494295,-171738.20740746908,70767.81304474265,-171743.65567093433,70764.42905740821,-171746.47964588218,6,20.0
2024-02-09 14:05:58,-0.5134591621490292,70772.25042494295,-171738.20740746908,70767.81304474265,-171743.65567093433,70764.10719615161,-171747.39268173452,2,20.0
2024-02-09 14:05:59,-0.27503644836931335,70772.25042494295,-171738.20740746908,70767.81304474265,-171743.65567093433,70763.91474841363,-171748.00651707072,1,20.0
2024-02-09 14:05:59,0.114521159922904,70772.25042494295,-171738.20740746908,70767.81304474265,-171743.65567093433,70763.67648599819,-171748.9159285212,-4,20.0
2024-02-09 14:06:00,0.7902781314258343,70772.25042494295,-171738.20740746908,70767.81304474265,-171743.65567093433,70763.28783688134,-171750.4631873479,-13,20.0
2024-02-09 14:06:00,1.0617478361526764,70772.25042494295,-171738.20740746908,70767.81304474265,-171743.65567093433,70763.11175727962,-171751.10925611167,-13,20.0
2024-02-09 14:06:01,1.2493099346329888,70772.25042494295,-171738.20740746908,70767.81304474265,-171743.65567093433,70762.89832515047,-171751.66831776855,-14,20.0
2024-02-09 14:06:01,1.4303339852988952,70772.25042494295,-171738.20740746908,70767.81304474265,-171743.65567093433,70762.67517434186,-171752.2289590292,-16,20.0
2024-02-09 14:06:02,1.5471412353665883,70772.25042494295,-171738.20740746908,70767.81304474265,-171743.65567093433,70762.39223213098,-171752.76132456062,-17,20.0
2024-02-09 14:06:03,1.4865970819986438,70772.25042494295,-171738.20740746908,70767.81304474265,-171743.65567093433,70762.53563293933,-171752.4893829263,-15,20.0
2024-02-09 14:06:03,1.230709694940951,70772.25042494295,-171738.20740746908,70767.81304474265,-171743.65567093433,70762.70248005449,-171751.87932474166,-11,20.0
2024-02-09 14:06:04,1.171405408958617,70772.25042494295,-171738.20740746908,70767.81304474265,-171743.65567093433,70762.96547864372,-171751.46250300526,-12,20.0
2024-02-09 14:06:04,1.1438632142655198,70772.25042494295,-171738.20740746908,70767.81304474265,-171743.65567093433,70763.3895918742,-171750.8981587122,-12,20.0
2024-02-09 14:06:05,0.9299383139520254,70772.25042494295,-171738.20740746908,70767.81304474265,-171743.65567093433,70763.4969764389,-171750.42755751396,-8,20.0
2024-02-09 14:06:05,0.8627039082261077,70772.25042494295,-171738.20740746908,70767.81304474265,-171743.65567093433,70763.93576311077,-171749.78234380315,-9,20.0
2024-02-09 14:06:06,0.7693283144638301,70772.25042494295,-171738.20740746908,70767.81304474265,-171743.65567093433,70764.36777045266,-171749.10405886645,-8,20.0
2024-02-09 14:06:06,0.8900579618332272,70772.25042494295,-171738.20740746908,70767.81304474265,-171743.65567093433,70764.81563060668,-171748.74534851444,-10,20.0
2024-02-09 14:06:07,0.7319397414857819,70772.25042494295,-171738.20740746908,70767.81304474265,-171743.65567093433,70765.21316213031,-171748.00687244697,-7,20.0
2024-02-09 14:06:07,0.6506157676859429,70772.25042494295,-171738.20740746908,70767.81304474265,-171743.65567093433,70765.70751919113,-171747.27111776988,-6,20.0
2024-02-09 14:06:08,0.48095112334319196,70772.25042494295,-171738.20740746908,70767.81304474265,-171743.65567093433,70765.87884745079,-171746.79209258518,-4,20.0
2024-02-09 14:06:08,0.3796000722120423,70772.25042494295,-171738.20740746908,70767.81304474265,-171743.65567093433,70766.29881081397,-171746.11596612036,-4,20.0
2024-02-09 14:06:09,0.20097458983373712,70772.25042494295,-171738.20740746908,70767.81304474265,-171743.65567093433,70766.45848604535,-171745.63705902948,-1,20.0
2024-02-09 14:06:10,0.08770073032826714,70772.25042494295,-171738.20740746908,70767.81304474265,-171743.65567093433,70766.88164583377,-171744.93812801444,-1,20.0
2024-02-09 14:06:10,-0.001877365107009151,70772.25042494295,-171738.20740746908,70767.81304474265,-171743.65567093433,70767.30369153596,-171744.278087482,0,20.0
timestamp,直線との距離:,startx:,starty:,goalx:,goaly:,x:,y:,操作量,sp
2024-02-09 14:06:11,0.0,70767.69672422213,-171743.5963094309,70767.4504649894,-171758.08261034725,70767.69672422213,-171743.5963094309,-1,20.0
2024-02-09 14:06:11,0.3332654670935356,70767.69672422213,-171743.5963094309,70767.4504649894,-171758.08261034725,70768.03639089414,-171743.22258837312,-6,20.0
2024-02-09 14:06:12,0.8060263831682706,70767.69672422213,-171743.5963094309,70767.4504649894,-171758.08261034725,70768.51552481344,-171742.85171187812,-12,20.0
2024-02-09 14:06:12,1.0248351440061274,70767.69672422213,-171743.5963094309,70767.4504649894,-171758.08261034725,70768.73444067517,-171742.84727130522,-12,20.0
2024-02-09 14:06:13,1.1316266568852857,70767.69672422213,-171743.5963094309,70767.4504649894,-171758.08261034725,70768.8421064883,-171742.79674786585,-13,20.0
2024-02-09 14:06:13,1.152729571918894,70767.69672422213,-171743.5963094309,70767.4504649894,-171758.08261034725,70768.86424857027,-171742.73579779814,-12,20.0
2024-02-09 14:06:14,1.1761838281567298,70767.69672422213,-171743.5963094309,70767.4504649894,-171758.08261034725,70768.88821390687,-171742.70593262522,-12,20.0
2024-02-09 14:06:14,1.1627321282977592,70767.69672422213,-171743.5963094309,70767.4504649894,-171758.08261034725,70768.87502865639,-171742.69014430317,-12,20.0
