timestamp,直線との距離:,startx:,starty:,goalx:,goaly:,x:,y:,操作量,sp
2024-02-09 14:06:48,-0.0,70787.26387818357,-171739.49614685887,70772.9149468953,-171738.43357661384,70787.26387818357,-171739.49614685887,0,20.0
2024-02-09 14:06:48,-0.0,70787.26387818357,-171739.49614685887,70772.9149468953,-171738.43357661384,70787.26387818357,-171739.49614685887,0,20.0
2024-02-09 14:06:48,0.017258013889316068,70787.26387818357,-171739.49614685887,70772.9149468953,-171738.43357661384,70787.24964665482,-171739.5123982509,-1,20.0
2024-02-09 14:06:49,0.016586814108516673,70787.26387818357,-171739.49614685887,70772.9149468953,-171738.43357661384,70787.14988773288,-171739.50433784348,-1,20.0
2024-02-09 14:06:49,-0.02949611691740681,70787.26387818357,-171739.49614685887,70772.9149468953,-171738.43357661384,70786.66739811683,-171739.42239930382,0,20.0
2024-02-09 14:06:50,-0.05473369600826774,70787.26387818357,-171739.49614685887,70772.9149468953,-171738.43357661384,70786.26429109076,-171739.3672416503,0,20.0
2024-02-09 14:06:50,-0.09417475637160828,70787.26387818357,-171739.49614685887,70772.9149468953,-171738.43357661384,70785.62352806343,-171739.28024266975,1,20.0
2024-02-09 14:06:51,-0.13591479613632307,70787.26387818357,-171739.49614685887,70772.9149468953,-171738.43357661384,70784.95077160148,-171739.18856923,1,20.0
2024-02-09 14:06:51,-0.2012869822116561,70787.26387818357,-171739.49614685887,70772.9149468953,-171738.43357661384,70784.46932069316,-171739.08736553768,2,20.0
2024-02-09 14:06:52,-0.3101309216356781,70787.26387818357,-171739.49614685887,70772.9149468953,-171738.43357661384,70783.70957614407,-171738.9219627988,3,20.0
2024-02-09 14:06:52,-0.3849260779668684,70787.26387818357,-171739.49614685887,70772.9149468953,-171738.43357661384,70783.2062129322,-171738.80968768027,4,20.0
2024-02-09 14:06:53,-0.4890419135103623,70787.26387818357,-171739.49614685887,70772.9149468953,-171738.43357661384,70782.45392591601,-171738.64957823826,5,20.0
2024-02-09 14:06:53,-0.5991170693798146,70787.26387818357,-171739.49614685887,70772.9149468953,-171738.43357661384,70781.71324121258,-171738.48435233562,6,20.0
2024-02-09 14:06:54,-0.6584866893866905,70787.26387818357,-171739.49614685887,70772.9149468953,-171738.43357661384,70781.20207677949,-171738.38696729258,7,20.0
2024-02-09 14:06:54,-0.7777089326874702,70787.26387818357,-171739.49614685887,70772.9149468953,-171738.43357661384,70780.43399418652,-171738.21054038213,8,20.0
2024-02-09 14:06:55,-0.9068845661029545,70787.26387818357,-171739.49614685887,70772.9149468953,-171738.43357661384,70779.64371948047,-171738.02248945273,9,20.0
2024-02-09 14:06:56,-0.9951175270271598,70787.26387818357,-171739.49614685887,70772.9149468953,-171738.43357661384,70779.1024868096,-171737.89393541773,10,20.0
2024-02-09 14:06:56,-1.1092179196508805,70787.26387818357,-171739.49614685887,70772.9149468953,-171738.43357661384,70778.27339774751,-171737.7181267176,11,20.0
2024-02-09 14:06:57,-1.2383810910227362,70787.26387818357,-171739.49614685887,70772.9149468953,-171738.43357661384,70777.16630419287,-171737.50662714467,13,20.0
2024-02-09 14:06:57,-1.2940789619068271,70787.26387818357,-171739.49614685887,70772.9149468953,-171738.43357661384,70776.61360247037,-171737.40984797582,13,20.0
2024-02-09 14:06:58,-1.3716584821428282,70787.26387818357,-171739.49614685887,70772.9149468953,-171738.43357661384,70775.50566164084,-171737.25001055354,14,20.0
2024-02-09 14:06:58,-1.4072464143050505,70787.26387818357,-171739.49614685887,70772.9149468953,-171738.43357661384,70774.96853210413,-171737.17454954176,14,20.0
2024-02-09 14:06:59,-1.4047873556409716,70787.26387818357,-171739.49614685887,70772.9149468953,-171738.43357661384,70774.18055715297,-171737.1186640376,14,20.0
2024-02-09 14:06:59,-1.4086791040596691,70787.26387818357,-171739.49614685887,70772.9149468953,-171738.43357661384,70773.65074779498,-171737.07552807292,14,20.0
2024-02-09 14:07:00,-1.3352697316819362,70787.26387818357,-171739.49614685887,70772.9149468953,-171738.43357661384,70772.83797341808,-171737.08895070018,12,20.0
timestamp,直線との距離:,startx:,starty:,goalx:,goaly:,x:,y:,操作量,sp
2024-02-09 14:07:01,-0.6499690746773128,70772.27899848837,-171737.09017338615,70767.81304474265,-171743.65567093433,70771.4528373993,-171737.14909063422,1,20.0
2024-02-09 14:07:01,-0.6499690746773128,70772.27899848837,-171737.09017338615,70767.81304474265,-171743.65567093433,70771.4528373993,-171737.14909063422,6,20.0
2024-02-09 14:07:01,-0.9729742770357301,70772.27899848837,-171737.09017338615,70767.81304474265,-171743.65567093433,70770.93482364832,-171737.33633313372,11,20.0
2024-02-09 14:07:02,-1.2591582688414347,70772.27899848837,-171737.09017338615,70767.81304474265,-171743.65567093433,70770.32330290078,-171737.7265101956,14,20.0
2024-02-09 14:07:02,-1.2591582688414347,70772.27899848837,-171737.09017338615,70767.81304474265,-171743.65567093433,70770.32330290078,-171737.7265101956,12,20.0
2024-02-09 14:07:03,-1.536535793149052,70772.27899848837,-171737.09017338615,70767.81304474265,-171743.65567093433,70769.70437317413,-171738.1432371996,17,20.0
2024-02-09 14:07:03,-2.006807120837173,70772.27899848837,-171737.09017338615,70767.81304474265,-171743.65567093433,70768.60553988474,-171738.92251722913,23,20.0
2024-02-09 14:07:04,-2.2275106539123195,70772.27899848837,-171737.09017338615,70767.81304474265,-171743.65567093433,70768.00072047522,-171739.41926630362,23,20.0
2024-02-09 14:07:04,-2.3348742813419134,70772.27899848837,-171737.09017338615,70767.81304474265,-171743.65567093433,70767.62244066117,-171739.78449205996,24,20.0
2024-02-09 14:07:05,-2.446690451036085,70772.27899848837,-171737.09017338615,70767.81304474265,-171743.65567093433,70767.23759721057,-171740.15145057478,25,20.0
2024-02-09 14:07:06,-2.4816526842700477,70772.27899848837,-171737.09017338615,70767.81304474265,-171743.65567093433,70766.93125737962,-171740.53964494105,25,20.0
2024-02-09 14:07:06,-2.4956429864974052,70772.27899848837,-171737.09017338615,70767.81304474265,-171743.65567093433,70766.49600437094,-171741.15464537288,25,20.0
2024-02-09 14:07:07,-2.4070709131131496,70772.27899848837,-171737.09017338615,70767.81304474265,-171743.65567093433,70766.15065411181,-171741.81983296789,23,20.0
2024-02-09 14:07:07,-2.3146374384913084,70772.27899848837,-171737.09017338615,70767.81304474265,-171743.65567093433,70765.94708663481,-171742.28344809802,22,20.0
2024-02-09 14:07:08,-2.0815068206874665,70772.27899848837,-171737.09017338615,70767.81304474265,-171743.65567093433,70765.73669584573,-171743.00725286794,19,20.0
2024-02-09 14:07:08,-1.8501926399581692,70772.27899848837,-171737.09017338615,70767.81304474265,-171743.65567093433,70765.67474181265,-171743.50960786166,16,20.0
2024-02-09 14:07:09,-1.472008985768698,70772.27899848837,-171737.09017338615,70767.81304474265,-171743.65567093433,70765.6048582197,-171744.28475317458,12,20.0
2024-02-09 14:07:09,-1.0204079529787387,70772.27899848837,-171737.09017338615,70767.81304474265,-171743.65567093433,70765.61233654333,-171745.07670260614,7,20.0
2024-02-09 14:07:10,-0.6767950340727498,70772.27899848837,-171737.09017338615,70767.81304474265,-171743.65567093433,70765.67382662241,-171745.59724604737,4,20.0
2024-02-09 14:07:10,0.26777421741587226,70772.27899848837,-171737.09017338615,70767.81304474265,-171743.65567093433,70765.92620378765,-171746.9056583142,-10,20.0
2024-02-09 14:07:11,0.646040295548527,70772.27899848837,-171737.09017338615,70767.81304474265,-171743.65567093433,70766.04194182486,-171747.40806370522,-10,20.0
2024-02-09 14:07:11,1.0470312078180233,70772.27899848837,-171737.09017338615,70767.81304474265,-171743.65567093433,70766.17267361944,-171747.9288310377,-14,20.0
2024-02-09 14:07:12,1.0470312078180233,70772.27899848837,-171737.09017338615,70767.81304474265,-171743.65567093433,70766.17267361944,-171747.9288310377,-11,20.0
2024-02-09 14:07:12,2.1600952451742264,70772.27899848837,-171737.09017338615,70767.81304474265,-171743.65567093433,70766.39197249102,-171749.58545498885,-30,20.0
2024-02-09 14:07:13,2.464969680385233,70772.27899848837,-171737.09017338615,70767.81304474265,-171743.65567093433,70766.36469300192,-171750.1676237857,-27,20.0
2024-02-09 14:07:13,2.882451308151022,70772.27899848837,-171737.09017338615,70767.81304474265,-171743.65567093433,70766.27875542712,-171751.03624193548,-32,20.0
2024-02-09 14:07:14,3.0759080248421244,70772.27899848837,-171737.09017338615,70767.81304474265,-171743.65567093433,70765.97782186339,-171751.82261572542,-33,20.0
2024-02-09 14:07:14,3.0759080248421244,70772.27899848837,-171737.09017338615,70767.81304474265,-171743.65567093433,70765.97782186339,-171751.82261572542,-31,20.0
2024-02-09 14:07:15,2.922233559125406,70772.27899848837,-171737.09017338615,70767.81304474265,-171743.65567093433,70765.01929708706,-171752.95853210974,-29,20.0
2024-02-09 14:07:16,2.4683816126737246,70772.27899848837,-171737.09017338615,70767.81304474265,-171743.65567093433,70764.19864274681,-171753.35804864802,-22,20.0
2024-02-09 14:07:16,2.0702269225838266,70772.27899848837,-171737.09017338615,70767.81304474265,-171743.65567093433,70763.64173690385,-171753.46885200948,-18,20.0
2024-02-09 14:07:17,1.386435561028388,70772.27899848837,-171737.09017338615,70767.81304474265,-171743.65567093433,70762.80038307796,-171753.4899686468,-10,20.0
2024-02-09 14:07:17,1.0549057612406985,70772.27899848837,-171737.09017338615,70767.81304474265,-171743.65567093433,70762.4379810522,-171753.4332862267,-9,20.0
2024-02-09 14:07:18,0.8908154644057478,70772.27899848837,-171737.09017338615,70767.81304474265,-171743.65567093433,70762.24512405685,-171753.42505816728,-8,20.0
2024-02-09 14:07:18,0.8686687930317242,70772.27899848837,-171737.09017338615,70767.81304474265,-171743.65567093433,70762.22284545102,-171753.41843381233,-9,20.0
2024-02-09 14:07:19,1.0273655370216153,70772.27899848837,-171737.09017338615,70767.81304474265,-171743.65567093433,70762.32455267495,-171753.551073471,-12,20.0
2024-02-09 14:07:19,1.1834888750816677,70772.27899848837,-171737.09017338615,70767.81304474265,-171743.65567093433,70762.48957374888,-171753.5860585382,-13,20.0
2024-02-09 14:07:20,0.933750657130775,70772.27899848837,-171737.09017338615,70767.81304474265,-171743.65567093433,70762.49256978382,-171753.1376211944,-8,20.0
2024-02-09 14:07:20,1.103440132368483,70772.27899848837,-171737.09017338615,70767.81304474265,-171743.65567093433,70762.90465018452,-171752.8335193686,-13,20.0
