timestamp,直線との距離:,startx:,starty:,goalx:,goaly:,x:,y:,操作量,sp
timestamp,直線との距離:,startx:,starty:,goalx:,goaly:,x:,y:,操作量,sp
2024-02-09 14:10:28,-0.0,70784.37101555971,-171739.04689100015,70772.9149468953,-171738.43357661384,70784.37101555971,-171739.04689100015,0,20.0
2024-02-09 14:10:28,-0.0,70784.37101555971,-171739.04689100015,70772.9149468953,-171738.43357661384,70784.37101555971,-171739.04689100015,0,20.0
2024-02-09 14:10:28,0.04207759064422838,70784.37101555971,-171739.04689100015,70772.9149468953,-171738.43357661384,70784.33728466979,-171739.0872230238,-1,20.0
2024-02-09 14:10:29,0.11189224685215862,70784.37101555971,-171739.04689100015,70772.9149468953,-171738.43357661384,70784.22495587765,-171739.15112400046,-2,20.0
2024-02-09 14:10:30,0.20782170160590843,70784.37101555971,-171739.04689100015,70772.9149468953,-171738.43357661384,70783.64084904222,-171739.21591996923,-3,20.0
2024-02-09 14:10:30,0.27916680713131214,70784.37101555971,-171739.04689100015,70772.9149468953,-171738.43357661384,70783.15553788465,-171739.26138552825,-4,20.0
2024-02-09 14:10:31,0.38205916328829115,70784.37101555971,-171739.04689100015,70772.9149468953,-171738.43357661384,70782.33980133667,-171739.3207537949,-5,20.0
2024-02-09 14:10:31,0.42818644784120613,70784.37101555971,-171739.04689100015,70772.9149468953,-171738.43357661384,70781.75971560154,-171739.33589154933,-5,20.0
2024-02-09 14:10:32,0.4594425011214805,70784.37101555971,-171739.04689100015,70772.9149468953,-171738.43357661384,70781.18963027494,-171739.33667216022,-5,20.0
2024-02-09 14:10:32,0.4674504238502667,70784.37101555971,-171739.04689100015,70772.9149468953,-171738.43357661384,70780.64208101903,-171739.31537784397,-5,20.0
2024-02-09 14:10:33,0.4690552282275861,70784.37101555971,-171739.04689100015,70772.9149468953,-171738.43357661384,70779.79979976751,-171739.27189240872,-5,20.0
2024-02-09 14:10:33,0.39349392431714986,70784.37101555971,-171739.04689100015,70772.9149468953,-171738.43357661384,70778.91215057408,-171739.14870153324,-4,20.0
2024-02-09 14:10:34,0.250764306592081,70784.37101555971,-171739.04689100015,70772.9149468953,-171738.43357661384,70777.97018100221,-171738.95533804977,-2,20.0
2024-02-09 14:10:34,0.1144811394129414,70784.37101555971,-171739.04689100015,70772.9149468953,-171738.43357661384,70777.33679927803,-171738.78495086922,-1,20.0
2024-02-09 14:10:35,-0.14200913005548133,70784.37101555971,-171739.04689100015,70772.9149468953,-171738.43357661384,70776.40163089125,-171738.47802793415,3,20.0
2024-02-09 14:10:35,-0.47286164712336837,70784.37101555971,-171739.04689100015,70772.9149468953,-171738.43357661384,70775.46131747826,-171738.09636081685,7,20.0
2024-02-09 14:10:36,-0.8390760419917286,70784.37101555971,-171739.04689100015,70772.9149468953,-171738.43357661384,70774.54506340246,-171737.6805692277,10,20.0
2024-02-09 14:10:37,-1.0944536022368705,70784.37101555971,-171739.04689100015,70772.9149468953,-171738.43357661384,70773.92967775586,-171737.39188054812,12,20.0
timestamp,直線との距離:,startx:,starty:,goalx:,goaly:,x:,y:,操作量,sp
2024-02-09 14:10:38,-0.42339963035059247,70773.0370924596,-171736.9440049105,70767.81304474265,-171743.65567093433,70772.66855334748,-171736.72816558264,-1,20.0
2024-02-09 14:10:38,-0.3569878738644788,70773.0370924596,-171736.9440049105,70767.81304474265,-171743.65567093433,70772.76776030744,-171736.70883119683,3,20.0
timestamp,直線との距離:,startx:,starty:,goalx:,goaly:,x:,y:,操作量,sp
2024-02-09 14:10:39,-0.005490657425566859,70772.76776030744,-171736.70883119683,70767.81304474265,-171743.65567093433,70772.7811844258,-171736.6805539742,-3,20.0
2024-02-09 14:10:39,-0.005490657425566859,70772.76776030744,-171736.70883119683,70767.81304474265,-171743.65567093433,70772.7811844258,-171736.6805539742,0,20.0
2024-02-09 14:10:39,0.3466840577891857,70772.76776030744,-171736.70883119683,70767.81304474265,-171743.65567093433,70772.9055339843,-171737.11270423981,-6,20.0
2024-02-09 14:10:40,1.137203622828997,70772.76776030744,-171736.70883119683,70767.81304474265,-171743.65567093433,70773.69578532215,-171737.36611028013,-17,20.0
2024-02-09 14:10:40,1.5197782021271624,70772.76776030744,-171736.70883119683,70767.81304474265,-171743.65567093433,70774.33139171559,-171737.13379759644,-18,20.0
2024-02-09 14:10:41,1.750790929371285,70772.76776030744,-171736.70883119683,70767.81304474265,-171743.65567093433,70774.62412569756,-171737.12120299478,-20,20.0
2024-02-09 14:10:41,2.3160769646270554,70772.76776030744,-171736.70883119683,70767.81304474265,-171743.65567093433,70775.24570831617,-171737.22320853933,-28,20.0
2024-02-09 14:10:42,2.3160769646270554,70772.76776030744,-171736.70883119683,70767.81304474265,-171743.65567093433,70775.24570831617,-171737.22320853933,-24,20.0
2024-02-09 14:10:43,3.311436503319235,70772.76776030744,-171736.70883119683,70767.81304474265,-171743.65567093433,70776.34419521331,-171737.3972124125,-41,20.0
2024-02-09 14:10:43,3.5818442945474245,70772.76776030744,-171736.70883119683,70767.81304474265,-171743.65567093433,70776.59921443793,-171737.50534048828,-38,20.0
2024-02-09 14:10:44,3.7513471064234576,70772.76776030744,-171736.70883119683,70767.81304474265,-171743.65567093433,70776.81491505781,-171737.49482265822,-39,20.0
2024-02-09 14:10:44,3.7513471064234576,70772.76776030744,-171736.70883119683,70767.81304474265,-171743.65567093433,70776.81491505781,-171737.49482265822,-38,20.0
2024-02-09 14:10:45,3.7355076317336646,70772.76776030744,-171736.70883119683,70767.81304474265,-171743.65567093433,70776.8618223779,-171737.40177758326,-38,20.0
2024-02-09 14:10:45,3.6169261595939237,70772.76776030744,-171736.70883119683,70767.81304474265,-171743.65567093433,70776.6806596115,-171737.45156507968,-36,20.0
2024-02-09 14:10:46,3.6169261595939237,70772.76776030744,-171736.70883119683,70767.81304474265,-171743.65567093433,70776.6806596115,-171737.45156507968,-37,20.0
2024-02-09 14:10:46,3.6028107908194267,70772.76776030744,-171736.70883119683,70767.81304474265,-171743.65567093433,70776.66824989307,-171737.4446555893,-36,20.0
2024-02-09 14:10:47,3.627261630966433,70772.76776030744,-171736.70883119683,70767.81304474265,-171743.65567093433,70776.68746163779,-171737.4598273878,-37,20.0
2024-02-09 14:10:47,3.672858921604066,70772.76776030744,-171736.70883119683,70767.81304474265,-171743.65567093433,70776.71501335189,-171737.4997232902,-38,20.0
2024-02-09 14:10:48,3.712976581996263,70772.76776030744,-171736.70883119683,70767.81304474265,-171743.65567093433,70776.7403077704,-171737.5333473425,-38,20.0
2024-02-09 14:10:49,3.763540517160416,70772.76776030744,-171736.70883119683,70767.81304474265,-171743.65567093433,70776.77254130451,-171737.57523231432,-38,20.0
