timestamp,直線との距離:,startx:,starty:,goalx:,goaly:,x:,y:,操作量,sp
timestamp,直線との距離:,startx:,starty:,goalx:,goaly:,x:,y:,操作量,sp
2024-02-09 14:03:15,-0.0,70787.57130071298,-171739.98568531338,70772.9149468953,-171738.43357661384,70787.57130071298,-171739.98568531338,0,20.0
2024-02-09 14:03:15,-0.0,70787.57130071298,-171739.98568531338,70772.9149468953,-171738.43357661384,70787.57130071298,-171739.98568531338,0,20.0
2024-02-09 14:03:15,0.022494300766639715,70787.57130071298,-171739.98568531338,70772.9149468953,-171738.43357661384,70787.56782441067,-171740.00793725665,-1,20.0
2024-02-09 14:03:16,0.07901553372656055,70787.57130071298,-171739.98568531338,70772.9149468953,-171738.43357661384,70787.448165948,-171740.05210270578,-2,20.0
2024-02-09 14:03:16,0.16760701328534136,70787.57130071298,-171739.98568531338,70772.9149468953,-171738.43357661384,70787.07930530647,-171740.1021272063,-3,20.0
2024-02-09 14:03:17,0.16760701328534136,70787.57130071298,-171739.98568531338,70772.9149468953,-171738.43357661384,70787.07930530647,-171740.1021272063,-2,20.0
2024-02-09 14:03:17,0.5162861988795245,70787.57130071298,-171739.98568531338,70772.9149468953,-171738.43357661384,70785.55741247733,-171740.29158759135,-8,20.0
2024-02-09 14:03:18,0.6243933129296286,70787.57130071298,-171739.98568531338,70772.9149468953,-171738.43357661384,70784.98273131248,-171740.33944044836,-8,20.0
2024-02-09 14:03:18,0.7298469291506363,70787.57130071298,-171739.98568531338,70772.9149468953,-171738.43357661384,70784.06886609568,-171740.34870535944,-9,20.0
2024-02-09 14:03:19,0.7733996828563312,70787.57130071298,-171739.98568531338,70772.9149468953,-171738.43357661384,70783.14736913881,-171740.2949150705,-9,20.0
2024-02-09 14:03:19,0.7659231961630071,70787.57130071298,-171739.98568531338,70772.9149468953,-171738.43357661384,70782.51811620493,-171740.22075885563,-8,20.0
2024-02-09 14:03:20,0.7013033081937197,70787.57130071298,-171739.98568531338,70772.9149468953,-171738.43357661384,70781.56078984265,-171740.05439671167,-7,20.0
2024-02-09 14:03:21,0.5781596816324669,70787.57130071298,-171739.98568531338,70772.9149468953,-171738.43357661384,70780.62400354365,-171739.83135877128,-5,20.0
2024-02-09 14:03:21,0.4569538507475747,70787.57130071298,-171739.98568531338,70772.9149468953,-171738.43357661384,70780.01664888454,-171739.6451562916,-4,20.0
2024-02-09 14:03:22,0.17249188898746,70787.57130071298,-171739.98568531338,70772.9149468953,-171738.43357661384,70779.14560859466,-171739.26686046593,0,20.0
2024-02-09 14:03:22,-0.17146858774129514,70787.57130071298,-171739.98568531338,70772.9149468953,-171738.43357661384,70778.28919652222,-171738.83028255193,4,20.0
2024-02-09 14:03:23,-0.4210303563621127,70787.57130071298,-171739.98568531338,70772.9149468953,-171738.43357661384,70777.7395517698,-171738.52111787914,5,20.0
2024-02-09 14:03:23,-0.4210303563621127,70787.57130071298,-171739.98568531338,70772.9149468953,-171738.43357661384,70777.7395517698,-171738.52111787914,4,20.0
2024-02-09 14:03:24,-0.8332591467654747,70787.57130071298,-171739.98568531338,70772.9149468953,-171738.43357661384,70776.9370706636,-171738.02160120264,11,20.0
2024-02-09 14:03:24,-1.2098760574047198,70787.57130071298,-171739.98568531338,70772.9149468953,-171738.43357661384,70776.13550209915,-171737.55799217784,14,20.0
2024-02-09 14:03:25,-1.8212150896468329,70787.57130071298,-171739.98568531338,70772.9149468953,-171738.43357661384,70774.77853863213,-171736.79953216604,22,20.0
2024-02-09 14:03:25,-2.1442915553390014,70787.57130071298,-171739.98568531338,70772.9149468953,-171738.43357661384,70773.94855592765,-171736.38675391336,23,20.0
2024-02-09 14:03:26,-2.3764614816171874,70787.57130071298,-171739.98568531338,70772.9149468953,-171738.43357661384,70773.08065783333,-171736.06137528727,25,20.0
2024-02-09 14:03:26,-2.487049731249789,70787.57130071298,-171739.98568531338,70772.9149468953,-171738.43357661384,70772.48658852676,-171735.8872566796,25,20.0
2024-02-09 14:03:27,-2.487049731249789,70787.57130071298,-171739.98568531338,70772.9149468953,-171738.43357661384,70772.48658852676,-171735.8872566796,24,20.0
2024-02-09 14:03:27,-2.5203119489797934,70787.57130071298,-171739.98568531338,70772.9149468953,-171738.43357661384,70770.97987747136,-171735.69424768083,25,20.0
2024-02-09 14:03:28,-2.4408913322619834,70787.57130071298,-171739.98568531338,70772.9149468953,-171738.43357661384,70770.38733529761,-171735.71136215018,23,20.0
2024-02-09 14:03:29,-2.3087093107103245,70787.57130071298,-171739.98568531338,70772.9149468953,-171738.43357661384,70769.80823343655,-171735.7829563842,22,20.0
2024-02-09 14:03:29,-2.0238871830642773,70787.57130071298,-171739.98568531338,70772.9149468953,-171738.43357661384,70768.9944735051,-171735.98319395084,18,20.0
2024-02-09 14:03:30,-1.656871006727196,70787.57130071298,-171739.98568531338,70772.9149468953,-171738.43357661384,70768.22149334903,-171736.2704037575,13,20.0
2024-02-09 14:03:30,-1.1931786663536614,70787.57130071298,-171739.98568531338,70772.9149468953,-171738.43357661384,70767.48504855015,-171736.65869941612,8,20.0
2024-02-09 14:03:31,-0.8257268242525635,70787.57130071298,-171739.98568531338,70772.9149468953,-171738.43357661384,70767.02899410864,-171736.97990977578,5,20.0
2024-02-09 14:03:31,-0.24162050257311452,70787.57130071298,-171739.98568531338,70772.9149468953,-171738.43357661384,70766.38024832601,-171737.49858007464,-2,20.0
2024-02-09 14:03:32,0.09210368137953123,70787.57130071298,-171739.98568531338,70772.9149468953,-171738.43357661384,70765.92769278432,-171737.7862447123,-4,20.0
2024-02-09 14:03:32,0.6784798212533523,70787.57130071298,-171739.98568531338,70772.9149468953,-171738.43357661384,70765.30395038899,-171738.30984538182,-11,20.0
2024-02-09 14:03:33,1.2410389565381477,70787.57130071298,-171739.98568531338,70772.9149468953,-171738.43357661384,70764.62972961972,-171738.80415020467,-17,20.0
