timestamp,直線との距離:,startx:,starty:,goalx:,goaly:,x:,y:,操作量,sp
2024-02-09 10:48:41,0.0,70789.66208755037,-171736.35131164716,70772.9149468953,-171738.43357661384,70789.66208755037,-171736.35131164716,0,20.0
2024-02-09 10:48:41,0.0,70789.66208755037,-171736.35131164716,70772.9149468953,-171738.43357661384,70789.66208755037,-171736.35131164716,0,20.0
2024-02-09 10:48:41,0.007852141419266299,70789.66208755037,-171736.35131164716,70772.9149468953,-171738.43357661384,70789.66490637008,-171736.35887377072,-1,20.0
2024-02-09 10:48:42,0.0359286594901141,70789.66208755037,-171736.35131164716,70772.9149468953,-171738.43357661384,70789.55112610853,-171736.40131341008,-1,20.0
2024-02-09 10:48:42,0.011169529931502942,70789.66208755037,-171736.35131164716,70772.9149468953,-171738.43357661384,70789.15431003615,-171736.42570197987,0,20.0
2024-02-09 10:48:43,0.027153361482280463,70789.66208755037,-171736.35131164716,70772.9149468953,-171738.43357661384,70788.36476963371,-171736.53997682847,-1,20.0
2024-02-09 10:48:43,0.034637862871785725,70789.66208755037,-171736.35131164716,70772.9149468953,-171738.43357661384,70787.42889601638,-171736.66388132286,-1,20.0
2024-02-09 10:48:44,0.02028620070122601,70789.66208755037,-171736.35131164716,70772.9149468953,-171738.43357661384,70786.43651931979,-171736.77280685632,-1,20.0
2024-02-09 10:48:44,-0.0026504125739135764,70789.66208755037,-171736.35131164716,70772.9149468953,-171738.43357661384,70785.74613338945,-171736.83553314596,0,20.0
2024-02-09 10:48:45,-0.07377089137684341,70789.66208755037,-171736.35131164716,70772.9149468953,-171738.43357661384,70784.6970341034,-171736.89430537622,1,20.0
2024-02-09 10:48:45,-0.2497650609874098,70789.66208755037,-171736.35131164716,70772.9149468953,-171738.43357661384,70782.9413761182,-171736.93524675161,3,20.0
2024-02-09 10:48:46,-0.2497650609874098,70789.66208755037,-171736.35131164716,70772.9149468953,-171738.43357661384,70782.9413761182,-171736.93524675161,2,20.0
2024-02-09 10:48:47,-0.46495521752910657,70789.66208755037,-171736.35131164716,70772.9149468953,-171738.43357661384,70781.25488114823,-171736.9280909086,6,20.0
2024-02-09 10:48:47,-0.6111734957193269,70789.66208755037,-171736.35131164716,70772.9149468953,-171738.43357661384,70780.23212874112,-171736.90791123122,7,20.0
2024-02-09 10:48:48,-0.6111734957193269,70789.66208755037,-171736.35131164716,70772.9149468953,-171738.43357661384,70780.23212874112,-171736.90791123122,6,20.0
2024-02-09 10:48:48,-0.8124733190656928,70789.66208755037,-171736.35131164716,70772.9149468953,-171738.43357661384,70778.45745249541,-171736.92571674476,9,20.0
2024-02-09 10:48:49,-0.8124733190656928,70789.66208755037,-171736.35131164716,70772.9149468953,-171738.43357661384,70778.45745249541,-171736.92571674476,8,20.0
2024-02-09 10:48:49,-0.929570557113158,70789.66208755037,-171736.35131164716,70772.9149468953,-171738.43357661384,70776.79838677633,-171737.0139987066,10,20.0
2024-02-09 10:48:50,-0.9673523007169714,70789.66208755037,-171736.35131164716,70772.9149468953,-171738.43357661384,70775.78084872,-171737.10244219808,9,20.0
2024-02-09 10:48:50,-0.9359413967405356,70789.66208755037,-171736.35131164716,70772.9149468953,-171738.43357661384,70775.10799708277,-171737.2177543459,9,20.0
2024-02-09 10:48:51,-0.8361766795987107,70789.66208755037,-171736.35131164716,70772.9149468953,-171738.43357661384,70774.12719142498,-171737.44023626554,7,20.0
2024-02-09 10:48:51,-0.7253814231979959,70789.66208755037,-171736.35131164716,70772.9149468953,-171738.43357661384,70773.15293418505,-171737.67301945863,6,20.0
timestamp,直線との距離:,startx:,starty:,goalx:,goaly:,x:,y:,操作量,sp
2024-02-09 10:48:52,0.0,70772.50470782672,-171737.87768908308,70767.81304474265,-171743.65567093433,70772.50470782672,-171737.87768908308,-1,20.0
2024-02-09 10:48:52,-0.544793332683896,70772.50470782672,-171737.87768908308,70767.81304474265,-171743.65567093433,70771.54745875952,-171738.1923162881,5,20.0
2024-02-09 10:48:53,-1.0395147759834487,70772.50470782672,-171737.87768908308,70767.81304474265,-171743.65567093433,70770.61537992932,-171738.55537982448,10,20.0
2024-02-09 10:48:53,-1.0395147759834487,70772.50470782672,-171737.87768908308,70767.81304474265,-171743.65567093433,70770.61537992932,-171738.55537982448,10,20.0
2024-02-09 10:48:54,-1.8265450443220732,70772.50470782672,-171737.87768908308,70767.81304474265,-171743.65567093433,70769.12629213055,-171739.1407018687,19,20.0
2024-02-09 10:48:55,-2.2713861542110987,70772.50470782672,-171737.87768908308,70767.81304474265,-171743.65567093433,70768.28113055463,-171739.47585378247,23,20.0
2024-02-09 10:48:55,-2.5376993937175985,70772.50470782672,-171737.87768908308,70767.81304474265,-171743.65567093433,70767.72196150794,-171739.74201217413,25,20.0
2024-02-09 10:48:56,-2.8734468983970256,70772.50470782672,-171737.87768908308,70767.81304474265,-171743.65567093433,70766.89965740418,-171740.2220813257,29,20.0
2024-02-09 10:48:56,-3.0930732132250833,70772.50470782672,-171737.87768908308,70767.81304474265,-171743.65567093433,70766.14162465109,-171740.80721339947,31,20.0
2024-02-09 10:48:57,-3.1347346254267556,70772.50470782672,-171737.87768908308,70767.81304474265,-171743.65567093433,70765.7302424655,-171741.24775590957,31,20.0
2024-02-09 10:48:57,-3.1347346254267556,70772.50470782672,-171737.87768908308,70767.81304474265,-171743.65567093433,70765.7302424655,-171741.24775590957,31,20.0
2024-02-09 10:48:58,-2.9977683424136843,70772.50470782672,-171737.87768908308,70767.81304474265,-171743.65567093433,70765.30531146111,-171741.9883611209,29,20.0
2024-02-09 10:48:58,-2.4948922313436723,70772.50470782672,-171737.87768908308,70767.81304474265,-171743.65567093433,70765.03853572517,-171743.1146744187,24,20.0
2024-02-09 10:48:59,-1.9112922377799506,70772.50470782672,-171737.87768908308,70767.81304474265,-171743.65567093433,70765.09533513793,-171743.97055238465,18,20.0
2024-02-09 10:48:59,-1.202484953506717,70772.50470782672,-171737.87768908308,70767.81304474265,-171743.65567093433,70765.32082169998,-171744.81731507424,11,20.0
2024-02-09 10:49:00,-0.6314249944738317,70772.50470782672,-171737.87768908308,70767.81304474265,-171743.65567093433,70765.5909751977,-171745.39054480995,5,20.0
2024-02-09 10:49:00,0.20023829027596707,70772.50470782672,-171737.87768908308,70767.81304474265,-171743.65567093433,70766.07516424458,-171746.1136044137,-3,20.0
2024-02-09 10:49:01,1.0660484354533077,70772.50470782672,-171737.87768908308,70767.81304474265,-171743.65567093433,70766.61067718286,-171746.8276273907,-12,20.0
2024-02-09 10:49:02,1.6583115239522606,70772.50470782672,-171737.87768908308,70767.81304474265,-171743.65567093433,70766.98218894067,-171747.30966699106,-18,20.0
2024-02-09 10:49:02,3.088744069651975,70772.50470782672,-171737.87768908308,70767.81304474265,-171743.65567093433,70767.83663929041,-171748.5266276403,-33,20.0
2024-02-09 10:49:03,3.630797657900466,70772.50470782672,-171737.87768908308,70767.81304474265,-171743.65567093433,70768.09428032264,-171749.06925101153,-37,20.0
2024-02-09 10:49:03,4.150199124152009,70772.50470782672,-171737.87768908308,70767.81304474265,-171743.65567093433,70768.29279050043,-171749.64876098285,-43,20.0
2024-02-09 10:49:04,4.709693505349798,70772.50470782672,-171737.87768908308,70767.81304474265,-171743.65567093433,70768.25780075994,-171750.57943979587,-48,20.0
2024-02-09 10:49:04,4.994266568493429,70772.50470782672,-171737.87768908308,70767.81304474265,-171743.65567093433,70767.89574518586,-171751.47677611886,-51,20.0
2024-02-09 10:49:05,4.945378712520897,70772.50470782672,-171737.87768908308,70767.81304474265,-171743.65567093433,70767.44253912386,-171751.95736240217,-50,20.0
2024-02-09 10:49:05,4.5597225672444335,70772.50470782672,-171737.87768908308,70767.81304474265,-171743.65567093433,70766.61361800985,-171752.3664051171,-46,20.0
2024-02-09 10:49:06,3.917672563640535,70772.50470782672,-171737.87768908308,70767.81304474265,-171743.65567093433,70765.77060418605,-171752.3860578277,-39,20.0
2024-02-09 10:49:06,3.4075468511828997,70772.50470782672,-171737.87768908308,70767.81304474265,-171743.65567093433,70765.2794688213,-171752.18164331955,-34,20.0
2024-02-09 10:49:07,2.5320166925906222,70772.50470782672,-171737.87768908308,70767.81304474265,-171743.65567093433,70764.62856097452,-171751.59431413485,-25,20.0
2024-02-09 10:49:07,1.7349673672446373,70772.50470782672,-171737.87768908308,70767.81304474265,-171743.65567093433,70764.25799502042,-171750.78623480903,-17,20.0
2024-02-09 10:49:08,1.2577730028983667,70772.50470782672,-171737.87768908308,70767.81304474265,-171743.65567093433,70764.13097875762,-171750.18563481985,-13,20.0
2024-02-09 10:49:08,0.648568033644778,70772.50470782672,-171737.87768908308,70767.81304474265,-171743.65567093433,70764.07214781108,-171749.29163878507,-6,20.0
2024-02-09 10:49:09,0.1328803758342804,70772.50470782672,-171737.87768908308,70767.81304474265,-171743.65567093433,70764.151302761,-171748.37606406835,-1,20.0
2024-02-09 10:49:09,-0.20189831666828648,70772.50470782672,-171737.87768908308,70767.81304474265,-171743.65567093433,70764.22290345127,-171747.75678852893,2,20.0
2024-02-09 10:49:10,-0.4670259294923771,70772.50470782672,-171737.87768908308,70767.81304474265,-171743.65567093433,70764.34828759864,-171747.18177155088,4,20.0
2024-02-09 10:49:11,-0.7388675693158864,70772.50470782672,-171737.87768908308,70767.81304474265,-171743.65567093433,70764.47207550908,-171746.59806920678,7,20.0
2024-02-09 10:49:11,-1.1568385876787908,70772.50470782672,-171737.87768908308,70767.81304474265,-171743.65567093433,70764.68224117682,-171745.676167892,11,20.0
2024-02-09 10:49:12,-1.5539883007272175,70772.50470782672,-171737.87768908308,70767.81304474265,-171743.65567093433,70764.90641459962,-171744.77004655977,15,20.0
2024-02-09 10:49:12,-1.9908604406097923,70772.50470782672,-171737.87768908308,70767.81304474265,-171743.65567093433,70765.10355075724,-171743.834206711,20,20.0
2024-02-09 10:49:13,-2.3248378935517704,70772.50470782672,-171737.87768908308,70767.81304474265,-171743.65567093433,70765.20211207976,-171743.18299910522,23,20.0
2024-02-09 10:49:13,-2.856824128185105,70772.50470782672,-171737.87768908308,70767.81304474265,-171743.65567093433,70765.31269560666,-171742.20286253968,29,20.0
2024-02-09 10:49:14,-3.4702357285801226,70772.50470782672,-171737.87768908308,70767.81304474265,-171743.65567093433,70765.31933970761,-171741.22155776847,35,20.0
2024-02-09 10:49:14,-4.211587086868939,70772.50470782672,-171737.87768908308,70767.81304474265,-171743.65567093433,70765.13328451784,-171740.27460542985,42,20.0
2024-02-09 10:49:15,-4.7314199727383786,70772.50470782672,-171737.87768908308,70767.81304474265,-171743.65567093433,70764.93178880782,-171739.69808785955,47,20.0
2024-02-09 10:49:15,-5.599140103068879,70772.50470782672,-171737.87768908308,70767.81304474265,-171743.65567093433,70764.44472560714,-171738.9213669586,56,20.0
2024-02-09 10:49:16,-6.414025339722179,70772.50470782672,-171737.87768908308,70767.81304474265,-171743.65567093433,70763.86045945098,-171738.3481734175,64,20.0
2024-02-09 10:49:17,-6.989944367097387,70772.50470782672,-171737.87768908308,70767.81304474265,-171743.65567093433,70763.40877005814,-171737.99080435297,70,20.0
2024-02-09 10:49:17,-6.819860481728268,70772.50470782672,-171737.87768908308,70767.81304474265,-171743.65567093433,70763.52630487969,-171738.11587801256,68,20.0
2024-02-09 10:49:18,-6.453351290505081,70772.50470782672,-171737.87768908308,70767.81304474265,-171743.65567093433,70763.70342800212,-171738.47917721898,64,20.0
2024-02-09 10:49:18,-6.005896231927189,70772.50470782672,-171737.87768908308,70767.81304474265,-171743.65567093433,70764.16363992581,-171738.62225390464,59,20.0
2024-02-09 10:49:19,-5.620322137398872,70772.50470782672,-171737.87768908308,70767.81304474265,-171743.65567093433,70764.50952492458,-171738.80796046345,55,20.0
2024-02-09 10:49:19,-5.0037744673923905,70772.50470782672,-171737.87768908308,70767.81304474265,-171743.65567093433,70765.11569363196,-171739.03953539138,49,20.0
2024-02-09 10:49:20,-4.287423133448015,70772.50470782672,-171737.87768908308,70767.81304474265,-171743.65567093433,70765.88635427481,-171739.2268610597,42,20.0
2024-02-09 10:49:20,-3.8109392934882695,70772.50470782672,-171737.87768908308,70767.81304474265,-171743.65567093433,70766.32454803857,-171739.44310559038,37,20.0
2024-02-09 10:49:21,-3.1503178111292605,70772.50470782672,-171737.87768908308,70767.81304474265,-171743.65567093433,70766.9694690435,-171739.69687455753,30,20.0
2024-02-09 10:49:21,-3.1503178111292605,70772.50470782672,-171737.87768908308,70767.81304474265,-171743.65567093433,70766.9694690435,-171739.69687455753,31,20.0
2024-02-09 10:49:22,-2.1112417705408357,70772.50470782672,-171737.87768908308,70767.81304474265,-171743.65567093433,70767.90206820403,-171740.1967397734,20,20.0
2024-02-09 10:49:22,-1.4341905127433714,70772.50470782672,-171737.87768908308,70767.81304474265,-171743.65567093433,70768.45191655602,-171740.59365909998,13,20.0
2024-02-09 10:49:23,-0.922266039994152,70772.50470782672,-171737.87768908308,70767.81304474265,-171743.65567093433,70768.83610020623,-171740.9326427469,8,20.0
2024-02-09 10:49:23,-0.7917049376653749,70772.50470782672,-171737.87768908308,70767.81304474265,-171743.65567093433,70768.87365301482,-171741.0935183068,7,20.0
2024-02-09 10:49:24,-0.6285095312627806,70772.50470782672,-171737.87768908308,70767.81304474265,-171743.65567093433,70768.95844303997,-171741.2479906187,6,20.0
2024-02-09 10:49:25,-0.6285095312627806,70772.50470782672,-171737.87768908308,70767.81304474265,-171743.65567093433,70768.95844303997,-171741.2479906187,6,20.0
2024-02-09 10:49:25,-0.4403429702186707,70772.50470782672,-171737.87768908308,70767.81304474265,-171743.65567093433,70769.10795282,-171741.36237229928,4,20.0
2024-02-09 10:49:26,-0.33982717326828715,70772.50470782672,-171737.87768908308,70767.81304474265,-171743.65567093433,70769.03872596608,-171741.60708736526,3,20.0
2024-02-09 10:49:26,-0.09621369922226862,70772.50470782672,-171737.87768908308,70767.81304474265,-171743.65567093433,70769.05410537752,-171741.9746178129,0,20.0
2024-02-09 10:49:27,-0.09621369922226862,70772.50470782672,-171737.87768908308,70767.81304474265,-171743.65567093433,70769.05410537752,-171741.9746178129,0,20.0
2024-02-09 10:49:27,0.11796836144818024,70772.50470782672,-171737.87768908308,70767.81304474265,-171743.65567093433,70769.0691527936,-171742.29586683924,-2,20.0
2024-02-09 10:49:28,0.6953622555683083,70772.50470782672,-171737.87768908308,70767.81304474265,-171743.65567093433,70769.21035447984,-171743.03795441164,-8,20.0
2024-02-09 10:49:28,1.0397044680506302,70772.50470782672,-171737.87768908308,70767.81304474265,-171743.65567093433,70769.28122969155,-171743.49693650522,-11,20.0
2024-02-09 10:49:29,1.3235796681786098,70772.50470782672,-171737.87768908308,70767.81304474265,-171743.65567093433,70769.37755096081,-171743.8286552296,-14,20.0
2024-02-09 10:49:29,1.6824101012672474,70772.50470782672,-171737.87768908308,70767.81304474265,-171743.65567093433,70769.49104188486,-171744.25813852562,-18,20.0
2024-02-09 10:49:30,2.0204489660748566,70772.50470782672,-171737.87768908308,70767.81304474265,-171743.65567093433,70769.66514038088,-171744.5799970779,-21,20.0
2024-02-09 10:49:30,2.1576562445710996,70772.50470782672,-171737.87768908308,70767.81304474265,-171743.65567093433,70769.74058018858,-171744.70475675343,-22,20.0
2024-02-09 10:49:31,2.2148174801550367,70772.50470782672,-171737.87768908308,70767.81304474265,-171743.65567093433,70769.81285289697,-171744.70643100532,-23,20.0
2024-02-09 10:49:32,2.1561657451460774,70772.50470782672,-171737.87768908308,70767.81304474265,-171743.65567093433,70769.81246307728,-171744.61386538754,-22,20.0
2024-02-09 10:49:32,2.0459025862314113,70772.50470782672,-171737.87768908308,70767.81304474265,-171743.65567093433,70769.77929511541,-171744.47979056297,-21,20.0
2024-02-09 10:49:33,1.954051804022297,70772.50470782672,-171737.87768908308,70767.81304474265,-171743.65567093433,70769.75170084441,-171744.36806107996,-20,20.0
2024-02-09 10:49:33,1.881534705797272,70772.50470782672,-171737.87768908308,70767.81304474265,-171743.65567093433,70769.72360111981,-171744.28762523353,-19,20.0
2024-02-09 10:49:34,1.850801529233592,70772.50470782672,-171737.87768908308,70767.81304474265,-171743.65567093433,70769.70930046865,-171744.25648167354,-19,20.0
2024-02-09 10:49:34,1.6543322713496997,70772.50470782672,-171737.87768908308,70767.81304474265,-171743.65567093433,70769.61842984168,-171744.05671191064,-17,20.0
2024-02-09 10:49:35,1.3230770123383235,70772.50470782672,-171737.87768908308,70767.81304474265,-171743.65567093433,70769.41342854845,-171743.7836730422,-13,20.0
2024-02-09 10:49:35,1.0892821551365726,70772.50470782672,-171737.87768908308,70767.81304474265,-171743.65567093433,70769.15675611026,-171743.7288815311,-11,20.0
timestamp,直線との距離:,startx:,starty:,goalx:,goaly:,x:,y:,操作量,sp
2024-02-09 10:49:36,0.0,70768.66801738644,-171743.54443800595,70767.4504649894,-171758.08261034725,70768.66801738644,-171743.54443800595,7,35.0
2024-02-09 10:49:36,0.0,70768.66801738644,-171743.54443800595,70767.4504649894,-171758.08261034725,70768.66801738644,-171743.54443800595,0,35.0
2024-02-09 10:49:37,-0.27550553675054307,70768.66801738644,-171743.54443800595,70767.4504649894,-171758.08261034725,70768.39845090789,-171743.46200628937,4,35.0
2024-02-09 10:49:37,-0.2875676757313914,70768.66801738644,-171743.54443800595,70767.4504649894,-171758.08261034725,70768.38833812244,-171743.43822584135,2,35.0
2024-02-09 10:49:38,-0.2504011131343447,70768.66801738644,-171743.54443800595,70767.4504649894,-171758.08261034725,70768.42538715416,-171743.44118282315,2,35.0
2024-02-09 10:49:39,-0.1646123174221395,70768.66801738644,-171743.54443800595,70767.4504649894,-171758.08261034725,70768.51161149176,-171743.4395683107,1,35.0
2024-02-09 10:49:39,-0.1049262708189208,70768.66801738644,-171743.54443800595,70767.4504649894,-171758.08261034725,70768.5343444244,-171743.88330154796,0,35.0
2024-02-09 10:49:40,-0.1049262708189208,70768.66801738644,-171743.54443800595,70767.4504649894,-171758.08261034725,70768.5343444244,-171743.88330154796,1,35.0
2024-02-09 10:49:40,0.7688808392974449,70768.66801738644,-171743.54443800595,70767.4504649894,-171758.08261034725,70769.22292678436,-171746.13150199357,-14,35.0
2024-02-09 10:49:41,1.0750872166355343,70768.66801738644,-171743.54443800595,70767.4504649894,-171758.08261034725,70769.4621855488,-171746.94368908444,-13,35.0
2024-02-09 10:49:41,1.0750872166355343,70768.66801738644,-171743.54443800595,70767.4504649894,-171758.08261034725,70769.4621855488,-171746.94368908444,-11,35.0
2024-02-09 10:49:42,1.5132657411122232,70768.66801738644,-171743.54443800595,70767.4504649894,-171758.08261034725,70769.80135594172,-171748.14421106916,-19,35.0
2024-02-09 10:49:42,1.8212582876542633,70768.66801738644,-171743.54443800595,70767.4504649894,-171758.08261034725,70769.9973899855,-171749.4939249085,-21,35.0
2024-02-09 10:49:43,1.7645241261853515,70768.66801738644,-171743.54443800595,70767.4504649894,-171758.08261034725,70769.77146081161,-171751.51182472525,-18,35.0
2024-02-09 10:49:43,1.4475354155866214,70768.66801738644,-171743.54443800595,70767.4504649894,-171758.08261034725,70769.35430246455,-171752.69464878185,-13,35.0
2024-02-09 10:49:44,1.0469196311056013,70768.66801738644,-171743.54443800595,70767.4504649894,-171758.08261034725,70768.89359374813,-171753.39544163633,-8,35.0
2024-02-09 10:49:44,0.2574603029486032,70768.66801738644,-171743.54443800595,70767.4504649894,-171758.08261034725,70768.02836670837,-171754.26714493116,2,35.0
2024-02-09 10:49:45,-0.6657758007131462,70768.66801738644,-171743.54443800595,70767.4504649894,-171758.08261034725,70767.042607357,-171754.9751108118,13,35.0
2024-02-09 10:49:45,-1.312420141081588,70768.66801738644,-171743.54443800595,70767.4504649894,-171758.08261034725,70766.35674196974,-171755.41639885065,17,35.0
2024-02-09 10:49:46,-1.602128029817334,70768.66801738644,-171743.54443800595,70767.4504649894,-171758.08261034725,70766.05677226082,-171755.5268198871,18,35.0
2024-02-09 10:49:46,-1.4085431786691642,70768.66801738644,-171743.54443800595,70767.4504649894,-171758.08261034725,70766.25154125175,-171755.52077274895,12,35.0
2024-02-09 10:49:47,-1.2843273741090326,70768.66801738644,-171743.54443800595,70767.4504649894,-171758.08261034725,70766.38241202818,-171755.44650148798,11,35.0
2024-02-09 10:49:48,-1.2874786211253435,70768.66801738644,-171743.54443800595,70767.4504649894,-171758.08261034725,70766.37583303096,-171755.48729877957,12,35.0
2024-02-09 10:49:48,-1.2295224145561756,70768.66801738644,-171743.54443800595,70767.4504649894,-171758.08261034725,70766.42712036612,-171755.56935100933,11,35.0
2024-02-09 10:49:49,-1.2325236328213136,70768.66801738644,-171743.54443800595,70767.4504649894,-171758.08261034725,70766.42606139154,-171755.54603421336,12,35.0
2024-02-09 10:49:49,-1.272807153476148,70768.66801738644,-171743.54443800595,70767.4504649894,-171758.08261034725,70766.38451622106,-171755.55941503277,13,35.0
2024-02-09 10:49:50,-1.4466351761681486,70768.66801738644,-171743.54443800595,70767.4504649894,-171758.08261034725,70766.19421140486,-171755.7488898096,15,35.0
2024-02-09 10:49:50,-1.7377075575933758,70768.66801738644,-171743.54443800595,70767.4504649894,-171758.08261034725,70765.88149633074,-171755.99514700443,19,35.0
2024-02-09 10:49:51,-2.272953613466658,70768.66801738644,-171743.54443800595,70767.4504649894,-171758.08261034725,70765.32621377171,-171756.21201876606,26,35.0
2024-02-09 10:49:51,-2.6992753718562867,70768.66801738644,-171743.54443800595,70767.4504649894,-171758.08261034725,70764.88253329668,-171756.40146960644,29,35.0
2024-02-09 10:49:52,-3.034633197776919,70768.66801738644,-171743.54443800595,70767.4504649894,-171758.08261034725,70764.5361562684,-171756.51902593713,32,35.0
2024-02-09 10:49:52,-3.4096972866422446,70768.66801738644,-171743.54443800595,70767.4504649894,-171758.08261034725,70764.13557671112,-171756.80801502123,36,35.0
2024-02-09 10:49:53,-3.9496316855815246,70768.66801738644,-171743.54443800595,70767.4504649894,-171758.08261034725,70763.57844078311,-171756.9908398249,43,35.0
2024-02-09 10:49:53,-4.202682170736,70768.66801738644,-171743.54443800595,70767.4504649894,-171758.08261034725,70763.305558078,-171757.21706844712,43,35.0
2024-02-09 10:49:54,-4.20376378717114,70768.66801738644,-171743.54443800595,70767.4504649894,-171758.08261034725,70763.28733952172,-171757.42164669494,42,35.0
2024-02-09 10:49:54,-3.4738145798279207,70768.66801738644,-171743.54443800595,70767.4504649894,-171758.08261034725,70764.03384320508,-171757.25449086117,29,35.0
2024-02-09 10:49:55,-3.2202402926430813,70768.66801738644,-171743.54443800595,70767.4504649894,-171758.08261034725,70764.29002665343,-171757.23393589747,30,35.0
2024-02-09 10:49:56,-2.58928665275821,70768.66801738644,-171743.54443800595,70767.4504649894,-171758.08261034725,70764.91952155737,-171757.2777285132,21,35.0
2024-02-09 10:49:56,-2.58928665275821,70768.66801738644,-171743.54443800595,70767.4504649894,-171758.08261034725,70764.91952155737,-171757.2777285132,25,35.0
2024-02-09 10:49:57,-1.6248833580319995,70768.66801738644,-171743.54443800595,70767.4504649894,-171758.08261034725,70765.87268246368,-171757.45228131677,9,35.0
2024-02-09 10:49:57,-0.986844042460359,70768.66801738644,-171743.54443800595,70767.4504649894,-171758.08261034725,70766.510038781,-171757.487107434,5,35.0
timestamp,直線との距離:,startx:,starty:,goalx:,goaly:,x:,y:,操作量,sp
2024-02-09 10:49:58,0.07198816842548801,70766.510038781,-171757.487107434,70776.22406187186,-171762.44386814098,70766.82151708088,-171757.56522651078,-2,25.0
2024-02-09 10:49:58,0.03680295141543124,70766.510038781,-171757.487107434,70776.22406187186,-171762.44386814098,70767.12912187663,-171757.76168874075,-1,25.0
2024-02-09 10:49:59,0.05530560602678448,70766.510038781,-171757.487107434,70776.22406187186,-171762.44386814098,70767.49206781329,-171757.92611638553,-1,25.0
2024-02-09 10:49:59,0.017268409041478357,70766.510038781,-171757.487107434,70776.22406187186,-171762.44386814098,70767.57864083165,-171758.01299486042,-1,25.0
2024-02-09 10:50:00,0.03972361602671829,70766.510038781,-171757.487107434,70776.22406187186,-171762.44386814098,70767.64522703455,-171758.0217620591,-1,25.0
2024-02-09 10:50:00,0.03972361602671829,70766.510038781,-171757.487107434,70776.22406187186,-171762.44386814098,70767.64522703455,-171758.0217620591,-1,25.0
2024-02-09 10:50:01,0.18716723133375968,70766.510038781,-171757.487107434,70776.22406187186,-171762.44386814098,70767.56236415762,-171757.81395012702,-3,25.0
2024-02-09 10:50:01,0.1625888671881909,70766.510038781,-171757.487107434,70776.22406187186,-171762.44386814098,70767.53673499139,-171757.8284656087,-2,25.0
2024-02-09 10:50:02,0.1377859760964044,70766.510038781,-171757.487107434,70776.22406187186,-171762.44386814098,70767.51951546235,-171757.84752433223,-2,25.0
2024-02-09 10:50:03,0.18209557420923497,70766.510038781,-171757.487107434,70776.22406187186,-171762.44386814098,70767.46746369734,-171757.77121917036,-2,25.0
2024-02-09 10:50:03,0.2185166635401656,70766.510038781,-171757.487107434,70776.22406187186,-171762.44386814098,70767.43397013996,-171757.71323982193,-3,25.0
2024-02-09 10:50:04,0.23344743772155155,70766.510038781,-171757.487107434,70776.22406187186,-171762.44386814098,70767.44234424332,-171757.70075062395,-3,25.0
2024-02-09 10:50:04,0.11789550264667978,70766.510038781,-171757.487107434,70776.22406187186,-171762.44386814098,70767.5072012854,-171757.86357110934,-2,25.0
2024-02-09 10:50:05,0.14728292118238878,70766.510038781,-171757.487107434,70776.22406187186,-171762.44386814098,70767.54462802385,-171757.84967660668,-2,25.0
2024-02-09 10:50:05,0.2702828839749086,70766.510038781,-171757.487107434,70776.22406187186,-171762.44386814098,70767.69399699668,-171757.78780729324,-3,25.0
2024-02-09 10:50:06,0.5786852839382133,70766.510038781,-171757.487107434,70776.22406187186,-171762.44386814098,70768.38563712739,-171757.79449730465,-7,25.0
2024-02-09 10:50:06,0.7318607334085967,70766.510038781,-171757.487107434,70776.22406187186,-171762.44386814098,70768.95515196447,-171757.91313829544,-8,25.0
2024-02-09 10:50:07,0.9928534181146739,70766.510038781,-171757.487107434,70776.22406187186,-171762.44386814098,70769.95150478245,-171758.12853878646,-11,25.0
2024-02-09 10:50:07,1.1843261018232039,70766.510038781,-171757.487107434,70776.22406187186,-171762.44386814098,70770.99675232505,-171758.44693630762,-13,25.0
2024-02-09 10:50:08,1.2812628709292284,70766.510038781,-171757.487107434,70776.22406187186,-171762.44386814098,70771.71603264567,-171758.70513504892,-13,25.0
2024-02-09 10:50:08,1.3422371892868241,70766.510038781,-171757.487107434,70776.22406187186,-171762.44386814098,70772.8319591691,-171759.2061036241,-14,25.0
2024-02-09 10:50:09,1.280513960716831,70766.510038781,-171757.487107434,70776.22406187186,-171762.44386814098,70773.85929241647,-171759.7996139295,-13,25.0
2024-02-09 10:50:10,1.1895836124819843,70766.510038781,-171757.487107434,70776.22406187186,-171762.44386814098,70774.51126034715,-171760.23437688622,-12,25.0
2024-02-09 10:50:10,0.927632791917397,70766.510038781,-171757.487107434,70776.22406187186,-171762.44386814098,70775.48837463358,-171761.0270503042,-10,25.0
2024-02-09 10:50:11,0.5124662326852775,70766.510038781,-171757.487107434,70776.22406187186,-171762.44386814098,70776.32955878941,-171761.92237261232,-5,25.0
timestamp,直線との距離:,startx:,starty:,goalx:,goaly:,x:,y:,操作量,sp
2024-02-09 10:50:11,-0.0,70777.06987142835,-171762.9027705284,70787.19721004953,-171761.99585771572,70777.06987142835,-171762.9027705284,0,25.0
2024-02-09 10:50:12,-0.7208587703283118,70777.06987142835,-171762.9027705284,70787.19721004953,-171761.99585771572,70777.48061832025,-171763.58973116957,7,25.0
2024-02-09 10:50:12,-1.7802075457611028,70777.06987142835,-171762.9027705284,70787.19721004953,-171761.99585771572,70777.9697373049,-171764.60951804894,18,25.0
2024-02-09 10:50:13,-2.8943796248567355,70777.06987142835,-171762.9027705284,70787.19721004953,-171761.99585771572,70778.44557854428,-171765.68553665202,30,25.0
2024-02-09 10:50:13,-3.6210195728296344,70777.06987142835,-171762.9027705284,70787.19721004953,-171761.99585771572,70778.78953645236,-171766.3842826223,36,25.0
2024-02-09 10:50:14,-4.07216400886904,70777.06987142835,-171762.9027705284,70787.19721004953,-171761.99585771572,70778.95631270774,-171766.82229742152,41,25.0
2024-02-09 10:50:14,-3.4609457652631463,70777.06987142835,-171762.9027705284,70787.19721004953,-171761.99585771572,70778.95722062376,-171766.20855197348,33,25.0
2024-02-09 10:50:15,-2.997558570418912,70777.06987142835,-171762.9027705284,70787.19721004953,-171761.99585771572,70779.25113313457,-171765.7169903064,29,25.0
2024-02-09 10:50:15,-2.099377516512924,70777.06987142835,-171762.9027705284,70787.19721004953,-171761.99585771572,70779.48240623917,-171764.7945042929,20,25.0
2024-02-09 10:50:16,-1.10049901626945,70777.06987142835,-171762.9027705284,70787.19721004953,-171761.99585771572,70779.45005759319,-171763.7945254528,10,25.0
2024-02-09 10:50:17,-0.42847240153735444,70777.06987142835,-171762.9027705284,70787.19721004953,-171761.99585771572,70779.25802203525,-171763.13700656977,3,25.0
2024-02-09 10:50:17,0.5674251857753403,70777.06987142835,-171762.9027705284,70787.19721004953,-171761.99585771572,70778.78543827074,-171762.17944404515,-7,25.0
2024-02-09 10:50:18,1.5171977986875855,70777.06987142835,-171762.9027705284,70787.19721004953,-171761.99585771572,70778.20825720567,-171761.27755786013,-17,25.0
2024-02-09 10:50:18,2.4766848689363044,70777.06987142835,-171762.9027705284,70787.19721004953,-171761.99585771572,70777.6131696383,-171760.36752188794,-26,25.0
2024-02-09 10:50:19,3.1255958764573104,70777.06987142835,-171762.9027705284,70787.19721004953,-171761.99585771572,70777.25876984771,-171759.74775098494,-32,25.0
2024-02-09 10:50:19,4.120283571964056,70777.06987142835,-171762.9027705284,70787.19721004953,-171761.99585771572,70776.85277290265,-171758.78544028066,-43,25.0
2024-02-09 10:50:20,5.429977389356387,70777.06987142835,-171762.9027705284,70787.19721004953,-171761.99585771572,70776.70726635482,-171757.48353573788,-56,25.0
2024-02-09 10:50:20,6.336327893993485,70777.06987142835,-171762.9027705284,70787.19721004953,-171761.99585771572,70777.00544137158,-171756.54685645222,-65,25.0
2024-02-09 10:50:21,6.336327893993485,70777.06987142835,-171762.9027705284,70787.19721004953,-171761.99585771572,70777.00544137158,-171756.54685645222,-64,25.0
2024-02-09 10:50:21,6.691618146606691,70777.06987142835,-171762.9027705284,70787.19721004953,-171761.99585771572,70777.48866814084,-171756.14687102466,-68,25.0
2024-02-09 10:50:22,6.828235797060419,70777.06987142835,-171762.9027705284,70787.19721004953,-171761.99585771572,70778.43082152521,-171755.9253359418,-69,25.0
2024-02-09 10:50:23,5.608326907289549,70777.06987142835,-171762.9027705284,70787.19721004953,-171761.99585771572,70779.75621361259,-171757.0314363934,-55,25.0
2024-02-09 10:50:23,4.913940467192982,70777.06987142835,-171762.9027705284,70787.19721004953,-171761.99585771572,70779.86258774641,-171757.71907564072,-49,25.0
2024-02-09 10:50:24,4.2891144831555135,70777.06987142835,-171762.9027705284,70787.19721004953,-171761.99585771572,70779.67935618656,-171758.36281053882,-43,25.0
2024-02-09 10:50:24,3.6970823161808846,70777.06987142835,-171762.9027705284,70787.19721004953,-171761.99585771572,70778.98593819483,-171759.0193080701,-37,25.0
2024-02-09 10:50:25,3.729526134758722,70777.06987142835,-171762.9027705284,70787.19721004953,-171761.99585771572,70777.46372056847,-171759.12305045902,-38,25.0
2024-02-09 10:50:25,3.960171303691991,70777.06987142835,-171762.9027705284,70787.19721004953,-171761.99585771572,70777.10987537571,-171758.92316949577,-40,25.0
2024-02-09 10:50:26,3.8488586757435774,70777.06987142835,-171762.9027705284,70787.19721004953,-171761.99585771572,70777.27223693348,-171759.0203879292,-39,25.0
2024-02-09 10:50:26,3.704735677869481,70777.06987142835,-171762.9027705284,70787.19721004953,-171761.99585771572,70777.39013848924,-171759.1545294646,-37,25.0
2024-02-09 10:50:27,3.466499703478503,70777.06987142835,-171762.9027705284,70787.19721004953,-171761.99585771572,70777.4692717873,-171759.3866323209,-35,25.0
2024-02-09 10:50:27,3.358019710635286,70777.06987142835,-171762.9027705284,70787.19721004953,-171761.99585771572,70777.50023728525,-171759.49277342614,-34,25.0
2024-02-09 10:50:28,3.3861073510778086,70777.06987142835,-171762.9027705284,70787.19721004953,-171761.99585771572,70777.66268819425,-171759.45002575443,-34,25.0
2024-02-09 10:50:28,3.3197838754282416,70777.06987142835,-171762.9027705284,70787.19721004953,-171761.99585771572,70778.09787458721,-171759.4776432797,-34,25.0
2024-02-09 10:50:29,3.081132440523273,70777.06987142835,-171762.9027705284,70787.19721004953,-171761.99585771572,70778.63453737918,-171759.66919105742,-31,25.0
2024-02-09 10:50:29,2.26670157349003,70777.06987142835,-171762.9027705284,70787.19721004953,-171761.99585771572,70779.35170922184,-171760.42265759484,-22,25.0
2024-02-09 10:50:30,1.1754618671812471,70777.06987142835,-171762.9027705284,70787.19721004953,-171761.99585771572,70779.88032988754,-171761.47092560926,-11,25.0
2024-02-09 10:50:31,0.38439804840909386,70777.06987142835,-171762.9027705284,70787.19721004953,-171761.99585771572,70780.04330253933,-171762.25056065602,-4,25.0
2024-02-09 10:50:31,-0.9173994712161158,70777.06987142835,-171762.9027705284,70787.19721004953,-171761.99585771572,70780.11229259097,-171763.55138942765,10,25.0
2024-02-09 10:50:32,-2.2101030300744062,70777.06987142835,-171762.9027705284,70787.19721004953,-171761.99585771572,70780.02201512095,-171764.85735040554,23,25.0
2024-02-09 10:50:32,-3.036418707022183,70777.06987142835,-171762.9027705284,70787.19721004953,-171761.99585771572,70779.90795428623,-171765.69718698954,31,25.0
2024-02-09 10:50:33,-4.2357012849677,70777.06987142835,-171762.9027705284,70787.19721004953,-171761.99585771572,70779.76494691076,-171766.9140751589,43,25.0
2024-02-09 10:50:33,-5.361583512704479,70777.06987142835,-171762.9027705284,70787.19721004953,-171761.99585771572,70779.78735439823,-171768.0424561949,54,25.0
2024-02-09 10:50:34,-6.07811405522448,70777.06987142835,-171762.9027705284,70787.19721004953,-171761.99585771572,70779.91491236415,-171768.75043112595,61,25.0
2024-02-09 10:50:34,-6.368848046080287,70777.06987142835,-171762.9027705284,70787.19721004953,-171761.99585771572,70780.00499044971,-171769.03426196284,63,25.0
2024-02-09 10:50:35,-6.327330910940761,70777.06987142835,-171762.9027705284,70787.19721004953,-171761.99585771572,70780.29839849484,-171768.9663037197,63,25.0
2024-02-09 10:50:35,-6.094799275862338,70777.06987142835,-171762.9027705284,70787.19721004953,-171761.99585771572,70780.40794967537,-171768.723031155,60,25.0
2024-02-09 10:50:36,-5.647128377017118,70777.06987142835,-171762.9027705284,70787.19721004953,-171761.99585771572,70780.49024510288,-171768.2661991867,56,25.0
2024-02-09 10:50:36,-5.143284873791213,70777.06987142835,-171762.9027705284,70787.19721004953,-171761.99585771572,70780.49881998308,-171767.75957157445,50,25.0
2024-02-09 10:50:37,-4.515246881606456,70777.06987142835,-171762.9027705284,70787.19721004953,-171761.99585771572,70780.42229789178,-171767.13587300145,44,25.0
2024-02-09 10:50:38,-3.811058457042713,70777.06987142835,-171762.9027705284,70787.19721004953,-171761.99585771572,70780.55102499109,-171766.41733900606,37,25.0
2024-02-09 10:50:38,-3.443724075050849,70777.06987142835,-171762.9027705284,70787.19721004953,-171761.99585771572,70780.72112197478,-171766.03330232273,34,25.0
2024-02-09 10:50:39,-2.914317478694831,70777.06987142835,-171762.9027705284,70787.19721004953,-171761.99585771572,70781.06860856073,-171765.4706594562,28,25.0
2024-02-09 10:50:39,-2.6991173237001505,70777.06987142835,-171762.9027705284,70787.19721004953,-171761.99585771572,70781.6047661945,-171765.20658471267,26,25.0
2024-02-09 10:50:40,-2.648808927531484,70777.06987142835,-171762.9027705284,70787.19721004953,-171761.99585771572,70781.99684991674,-171765.1209635279,26,25.0
2024-02-09 10:50:40,-2.7437177540047464,70777.06987142835,-171762.9027705284,70787.19721004953,-171761.99585771572,70782.40876617492,-171765.17936465613,27,25.0
2024-02-09 10:50:41,-2.8004679418635927,70777.06987142835,-171762.9027705284,70787.19721004953,-171761.99585771572,70782.82317106263,-171765.19923158796,28,25.0
2024-02-09 10:50:41,-2.787463003192138,70777.06987142835,-171762.9027705284,70787.19721004953,-171761.99585771572,70783.42809584776,-171765.1320030174,27,25.0
2024-02-09 10:50:42,-2.803218552134135,70777.06987142835,-171762.9027705284,70787.19721004953,-171761.99585771572,70783.9956425822,-171765.09699726474,28,25.0
2024-02-09 10:50:42,-2.8041460251030568,70777.06987142835,-171762.9027705284,70787.19721004953,-171761.99585771572,70784.4293424216,-171765.05909021577,28,25.0
2024-02-09 10:50:43,-2.734661254790864,70777.06987142835,-171762.9027705284,70787.19721004953,-171761.99585771572,70785.11752683895,-171764.92769982005,27,25.0
2024-02-09 10:50:43,-2.521692066072638,70777.06987142835,-171762.9027705284,70787.19721004953,-171761.99585771572,70785.83110085636,-171764.64997716443,25,25.0
2024-02-09 10:50:44,-2.184686024739286,70777.06987142835,-171762.9027705284,70787.19721004953,-171761.99585771572,70786.39629292239,-171764.26100904538,21,25.0
2024-02-09 10:50:45,-2.0234077328726907,70777.06987142835,-171762.9027705284,70787.19721004953,-171761.99585771572,70786.79820670013,-171764.0630936081,20,25.0
2024-02-09 10:50:45,-1.7301092457057066,70777.06987142835,-171762.9027705284,70787.19721004953,-171761.99585771572,70787.22124316078,-171763.7307381166,17,25.0
2024-02-09 10:50:46,-1.3873266149795453,70777.06987142835,-171762.9027705284,70787.19721004953,-171761.99585771572,70787.55720265527,-171763.35649828706,13,25.0
timestamp,直線との距離:,startx:,starty:,goalx:,goaly:,x:,y:,操作量,sp
2024-02-09 10:50:46,-0.0,70787.76291920347,-171762.96969348055,70786.83232565675,-171756.73123756476,70787.76291920347,-171762.96969348055,90,20.0
2024-02-09 10:50:47,-0.15055607929601045,70787.76291920347,-171762.96969348055,70786.83232565675,-171756.73123756476,70787.86803276428,-171762.6538912337,90,20.0
2024-02-09 10:50:47,-0.3302732769662421,70787.76291920347,-171762.96969348055,70786.83232565675,-171756.73123756476,70787.99541592528,-171762.2897270274,90,20.0
2024-02-09 10:50:48,-0.4238781689163896,70787.76291920347,-171762.96969348055,70786.83232565675,-171756.73123756476,70788.04044299787,-171761.95713089066,90,20.0
2024-02-09 10:50:48,-0.5762894407644148,70787.76291920347,-171762.96969348055,70786.83232565675,-171756.73123756476,70788.16910386109,-171761.78660927014,90,20.0
2024-02-09 10:50:49,-0.5783882781926729,70787.76291920347,-171762.96969348055,70786.83232565675,-171756.73123756476,70788.18189447145,-171761.8581284404,90,20.0
2024-02-09 10:50:50,-0.536313688927132,70787.76291920347,-171762.96969348055,70786.83232565675,-171756.73123756476,70788.16572569459,-171762.03491511382,90,20.0
2024-02-09 10:50:50,-0.5604022811623757,70787.76291920347,-171762.96969348055,70786.83232565675,-171756.73123756476,70788.1957246135,-171762.07274963055,90,20.0
2024-02-09 10:50:51,-0.5925534049439468,70787.76291920347,-171762.96969348055,70786.83232565675,-171756.73123756476,70788.23160176486,-171762.09534313966,90,20.0
2024-02-09 10:50:51,-0.5975439788549455,70787.76291920347,-171762.96969348055,70786.83232565675,-171756.73123756476,70788.2365296359,-171762.09455262084,90,20.0
2024-02-09 10:50:52,-0.5897877322592048,70787.76291920347,-171762.96969348055,70786.83232565675,-171756.73123756476,70788.23415937847,-171762.1312342031,90,20.0
2024-02-09 10:50:52,-0.5815470117532345,70787.76291920347,-171762.96969348055,70786.83232565675,-171756.73123756476,70788.22829428641,-171762.1477710499,90,20.0
2024-02-09 10:50:53,-0.5937690950782962,70787.76291920347,-171762.96969348055,70786.83232565675,-171756.73123756476,70788.24151536172,-171762.1535614594,90,20.0
2024-02-09 10:50:53,-0.6218106634795312,70787.76291920347,-171762.96969348055,70786.83232565675,-171756.73123756476,70788.26607410709,-171762.12813354394,90,20.0
2024-02-09 10:50:54,-0.6562951128375369,70787.76291920347,-171762.96969348055,70786.83232565675,-171756.73123756476,70788.30119079721,-171762.1298140407,90,20.0
2024-02-09 10:50:54,-0.6732023032009866,70787.76291920347,-171762.96969348055,70786.83232565675,-171756.73123756476,70788.31936227024,-171762.13703537238,90,20.0
2024-02-09 10:50:55,-0.6816716214704204,70787.76291920347,-171762.96969348055,70786.83232565675,-171756.73123756476,70788.32300391229,-171762.10404368205,90,20.0
2024-02-09 10:50:56,-0.729793244482486,70787.76291920347,-171762.96969348055,70786.83232565675,-171756.73123756476,70788.36270517354,-171762.04402636175,90,20.0
