timestamp,直線との距離:,startx:,starty:,goalx:,goaly:,x:,y:,操作量,sp
2024-02-08 14:10:32,-0.0,70771.59794358358,-171743.0241212948,70772.9149468953,-171738.43357661384,70771.59794358358,-171743.0241212948,0,20.0
timestamp,直線との距離:,startx:,starty:,goalx:,goaly:,x:,y:,操作量,sp
2024-02-08 14:10:32,-0.0,70771.59794358358,-171743.0241212948,70772.9149468953,-171738.43357661384,70771.59794358358,-171743.0241212948,0,20.0
2024-02-08 14:10:32,-0.0,70771.59794358358,-171743.0241212948,70772.9149468953,-171738.43357661384,70771.59794358358,-171743.0241212948,0,20.0
2024-02-08 14:10:33,0.1380510073358643,70771.59794358358,-171743.0241212948,70772.9149468953,-171738.43357661384,70771.46008400248,-171743.00404253943,-3,20.0
2024-02-08 14:10:34,0.18405878052643618,70771.59794358358,-171743.0241212948,70772.9149468953,-171738.43357661384,70771.41090870326,-171743.0086140542,-3,20.0
2024-02-08 14:10:34,0.21945226509378324,70771.59794358358,-171743.0241212948,70772.9149468953,-171738.43357661384,70771.37323424811,-171743.01158788067,-3,20.0
2024-02-08 14:10:35,0.2732710903874921,70771.59794358358,-171743.0241212948,70772.9149468953,-171738.43357661384,70771.3170277717,-171743.01234274308,-4,20.0
2024-02-08 14:10:35,0.2732710903874921,70771.59794358358,-171743.0241212948,70772.9149468953,-171738.43357661384,70771.3170277717,-171743.01234274308,-3,20.0
2024-02-08 14:10:36,0.38007048169858587,70771.59794358358,-171743.0241212948,70772.9149468953,-171738.43357661384,70771.20596887068,-171743.01217249088,-5,20.0
2024-02-08 14:10:36,0.42649516198521686,70771.59794358358,-171743.0241212948,70772.9149468953,-171738.43357661384,70771.1557193371,-171743.0189765627,-5,20.0
2024-02-08 14:10:37,0.42649516198521686,70771.59794358358,-171743.0241212948,70772.9149468953,-171738.43357661384,70771.1557193371,-171743.0189765627,-5,20.0
2024-02-08 14:10:37,0.4925040091582406,70771.59794358358,-171743.0241212948,70772.9149468953,-171738.43357661384,70771.08146706322,-171743.03842825347,-6,20.0
2024-02-08 14:10:38,0.5359323027885248,70771.59794358358,-171743.0241212948,70772.9149468953,-171738.43357661384,70771.0342373434,-171743.0455719934,-6,20.0
2024-02-08 14:10:38,0.5726861713637865,70771.59794358358,-171743.0241212948,70772.9149468953,-171738.43357661384,70770.99876588299,-171743.03593402726,-6,20.0
2024-02-08 14:10:39,0.6302591300134912,70771.59794358358,-171743.0241212948,70772.9149468953,-171738.43357661384,70770.9426909872,-171743.02261697786,-7,20.0
2024-02-08 14:10:39,0.707891464167771,70771.59794358358,-171743.0241212948,70772.9149468953,-171738.43357661384,70770.86723148507,-171743.00412738087,-8,20.0
2024-02-08 14:10:40,0.7435072255625708,70771.59794358358,-171743.0241212948,70772.9149468953,-171738.43357661384,70770.82676813577,-171743.01601615007,-8,20.0
2024-02-08 14:10:40,0.7435072255625708,70771.59794358358,-171743.0241212948,70772.9149468953,-171738.43357661384,70770.82676813577,-171743.01601615007,-8,20.0
2024-02-08 14:10:41,0.8164355331718254,70771.59794358358,-171743.0241212948,70772.9149468953,-171738.43357661384,70770.75147563456,-171743.01400224137,-9,20.0
2024-02-08 14:10:42,0.8521110796241048,70771.59794358358,-171743.0241212948,70772.9149468953,-171738.43357661384,70770.7169694579,-171743.0049099058,-9,20.0
2024-02-08 14:10:42,0.8765317326128673,70771.59794358358,-171743.0241212948,70772.9149468953,-171738.43357661384,70770.7259022194,-171742.88521947872,-9,20.0
2024-02-08 14:10:43,0.8104978455537939,70771.59794358358,-171743.0241212948,70772.9149468953,-171738.43357661384,70770.86650222252,-171742.63459704665,-8,20.0
2024-02-08 14:10:43,0.5647576728159346,70771.59794358358,-171743.0241212948,70772.9149468953,-171738.43357661384,70771.24920535894,-171742.19175298003,-4,20.0
2024-02-08 14:10:44,0.39036302055538274,70771.59794358358,-171743.0241212948,70772.9149468953,-171738.43357661384,70771.50052236141,-171741.94815440112,-3,20.0
2024-02-08 14:10:44,0.048129621444698345,70771.59794358358,-171743.0241212948,70772.9149468953,-171738.43357661384,70771.9843835459,-171741.50261866942,1,20.0
2024-02-08 14:10:45,0.048129621444698345,70771.59794358358,-171743.0241212948,70772.9149468953,-171738.43357661384,70771.9843835459,-171741.50261866942,-1,20.0
2024-02-08 14:10:45,-0.16420219832253416,70771.59794358358,-171743.0241212948,70772.9149468953,-171738.43357661384,70772.32418544029,-171741.0881654128,3,20.0
2024-02-08 14:10:46,-0.21002506659479164,70771.59794358358,-171743.0241212948,70772.9149468953,-171738.43357661384,70772.5574300215,-171740.441331793,2,20.0
2024-02-08 14:10:46,-0.13120990708916258,70771.59794358358,-171743.0241212948,70772.9149468953,-171738.43357661384,70772.56575589262,-171740.12651085752,0,20.0
2024-02-08 14:10:47,-0.024053827783657264,70771.59794358358,-171743.0241212948,70772.9149468953,-171738.43357661384,70772.48064038879,-171740.0346189153,-1,20.0
2024-02-08 14:10:48,-0.024053827783657264,70771.59794358358,-171743.0241212948,70772.9149468953,-171738.43357661384,70772.48064038879,-171740.0346189153,0,20.0
2024-02-08 14:10:48,0.006898228437001987,70771.59794358358,-171743.0241212948,70772.9149468953,-171738.43357661384,70772.53251297478,-171739.74157326578,-1,20.0
timestamp,直線との距離:,startx:,starty:,goalx:,goaly:,x:,y:,操作量,sp
2024-02-08 14:10:49,0.0,70772.64551311612,-171739.58157846058,70767.81304474265,-171743.65567093433,70772.64551311612,-171739.58157846058,0,25.0
2024-02-08 14:10:49,-0.04458841167875918,70772.64551311612,-171739.58157846058,70767.81304474265,-171743.65567093433,70772.81621868006,-171739.3793424179,0,25.0
2024-02-08 14:10:50,-0.07666003631815928,70772.64551311612,-171739.58157846058,70767.81304474265,-171743.65567093433,70772.99279849995,-171739.18852545216,0,25.0
2024-02-08 14:10:50,-0.04249710778585075,70772.64551311612,-171739.58157846058,70767.81304474265,-171743.65567093433,70773.15869362997,-171739.0933485843,0,25.0
2024-02-08 14:10:51,-0.07809408800111627,70772.64551311612,-171739.58157846058,70767.81304474265,-171743.65567093433,70773.19126050404,-171739.0193330904,0,25.0
2024-02-08 14:10:51,-0.1507275295438637,70772.64551311612,-171739.58157846058,70767.81304474265,-171743.65567093433,70773.14299654201,-171738.9650211349,1,25.0
2024-02-08 14:10:52,-0.10611263309560372,70772.64551311612,-171739.58157846058,70767.81304474265,-171743.65567093433,70773.0376812722,-171739.11216344847,1,25.0
2024-02-08 14:10:52,0.1898222942568672,70772.64551311612,-171739.58157846058,70767.81304474265,-171743.65567093433,70773.08140369778,-171739.46237379147,-3,25.0
2024-02-08 14:10:53,0.33466032276723656,70772.64551311612,-171739.58157846058,70767.81304474265,-171743.65567093433,70773.0561185544,-171739.67313330088,-4,25.0
2024-02-08 14:10:53,0.30086767968607625,70772.64551311612,-171739.58157846058,70767.81304474265,-171743.65567093433,70772.7801121743,-171739.86162560005,-3,25.0
2024-02-08 14:10:54,0.3681784955327782,70772.64551311612,-171739.58157846058,70767.81304474265,-171743.65567093433,70772.40347548889,-171740.26719529618,-4,25.0
2024-02-08 14:10:54,0.49759640986926806,70772.64551311612,-171739.58157846058,70767.81304474265,-171743.65567093433,70771.67759464652,-171741.04843470594,-6,25.0
2024-02-08 14:10:55,0.5404887998421115,70772.64551311612,-171739.58157846058,70767.81304474265,-171743.65567093433,70771.46377187829,-171741.28480309184,-6,25.0
2024-02-08 14:10:55,0.5213370537019636,70772.64551311612,-171739.58157846058,70767.81304474265,-171743.65567093433,70771.13140437292,-171741.53996128877,-6,25.0
2024-02-08 14:10:56,0.5416370148432055,70772.64551311612,-171739.58157846058,70767.81304474265,-171743.65567093433,70770.78297005389,-171741.86026616208,-6,25.0
2024-02-08 14:10:57,0.5316684589388866,70772.64551311612,-171739.58157846058,70767.81304474265,-171743.65567093433,70770.43590511297,-171742.13982652745,-6,25.0
2024-02-08 14:10:57,0.6019329537045349,70772.64551311612,-171739.58157846058,70767.81304474265,-171743.65567093433,70770.2172761373,-171742.4160485037,-7,25.0
2024-02-08 14:10:58,0.6019329537045349,70772.64551311612,-171739.58157846058,70767.81304474265,-171743.65567093433,70770.2172761373,-171742.4160485037,-7,25.0
2024-02-08 14:10:58,0.8981394559217839,70772.64551311612,-171739.58157846058,70767.81304474265,-171743.65567093433,70769.76819806677,-171743.18207767353,-10,25.0
2024-02-08 14:10:59,1.1385966888028867,70772.64551311612,-171739.58157846058,70767.81304474265,-171743.65567093433,70769.75436568381,-171743.5082479061,-12,25.0
2024-02-08 14:10:59,1.1385966888028867,70772.64551311612,-171739.58157846058,70767.81304474265,-171743.65567093433,70769.75436568381,-171743.5082479061,-12,25.0
2024-02-08 14:11:00,1.4545722202664375,70772.64551311612,-171739.58157846058,70767.81304474265,-171743.65567093433,70769.58994628121,-171744.06014798634,-15,25.0
2024-02-08 14:11:00,1.6422808996491103,70772.64551311612,-171739.58157846058,70767.81304474265,-171743.65567093433,70769.58085833835,-171744.31332530465,-17,25.0
2024-02-08 14:11:01,1.7569308184679924,70772.64551311612,-171739.58157846058,70767.81304474265,-171743.65567093433,70769.4839405603,-171744.54499103135,-18,25.0
2024-02-08 14:11:01,1.9829273417016602,70772.64551311612,-171739.58157846058,70767.81304474265,-171743.65567093433,70769.41717104052,-171744.89687675357,-21,25.0
2024-02-08 14:11:02,2.0937302294014306,70772.64551311612,-171739.58157846058,70767.81304474265,-171743.65567093433,70769.42379350479,-171745.03621939913,-22,25.0
2024-02-08 14:11:02,2.2157294564865535,70772.64551311612,-171739.58157846058,70767.81304474265,-171743.65567093433,70769.32330177813,-171745.28051080884,-23,25.0
2024-02-08 14:11:03,2.373334477661683,70772.64551311612,-171739.58157846058,70767.81304474265,-171743.65567093433,70769.28227863954,-171745.5212372205,-24,25.0
2024-02-08 14:11:03,2.373334477661683,70772.64551311612,-171739.58157846058,70767.81304474265,-171743.65567093433,70769.28227863954,-171745.5212372205,-24,25.0
2024-02-08 14:11:04,2.658752755296447,70772.64551311612,-171739.58157846058,70767.81304474265,-171743.65567093433,70769.30859752794,-171745.872364539,-27,25.0
2024-02-08 14:11:05,2.658752755296447,70772.64551311612,-171739.58157846058,70767.81304474265,-171743.65567093433,70769.30859752794,-171745.872364539,-27,25.0
2024-02-08 14:11:05,2.848561966588026,70772.64551311612,-171739.58157846058,70767.81304474265,-171743.65567093433,70769.52330427304,-171745.93961545345,-29,25.0
2024-02-08 14:11:06,3.342671956367686,70772.64551311612,-171739.58157846058,70767.81304474265,-171743.65567093433,70770.00669794268,-171746.1783588699,-34,25.0
2024-02-08 14:11:06,3.342671956367686,70772.64551311612,-171739.58157846058,70767.81304474265,-171743.65567093433,70770.00669794268,-171746.1783588699,-34,25.0
2024-02-08 14:11:07,3.710967626840818,70772.64551311612,-171739.58157846058,70767.81304474265,-171743.65567093433,70770.40877343685,-171746.32109873407,-38,25.0
2024-02-08 14:11:07,4.351714682293776,70772.64551311612,-171739.58157846058,70767.81304474265,-171743.65567093433,70770.8950463901,-171746.74921024335,-45,25.0
2024-02-08 14:11:08,4.530031509666,70772.64551311612,-171739.58157846058,70767.81304474265,-171743.65567093433,70771.06147723352,-171746.84212936935,-46,25.0
2024-02-08 14:11:08,4.633694337685519,70772.64551311612,-171739.58157846058,70767.81304474265,-171743.65567093433,70771.10756615203,-171746.9388602497,-47,25.0
2024-02-08 14:11:09,4.537709406821912,70772.64551311612,-171739.58157846058,70767.81304474265,-171743.65567093433,70771.0192989634,-171746.88773084618,-46,25.0
2024-02-08 14:11:09,3.9362945196870265,70772.64551311612,-171739.58157846058,70767.81304474265,-171743.65567093433,70770.45564598269,-171746.57630078105,-39,25.0
2024-02-08 14:11:10,3.9362945196870265,70772.64551311612,-171739.58157846058,70767.81304474265,-171743.65567093433,70770.45564598269,-171746.57630078105,-40,25.0
2024-02-08 14:11:10,3.7417367473884413,70772.64551311612,-171739.58157846058,70767.81304474265,-171743.65567093433,70769.97319914006,-171746.72856165757,-38,25.0
2024-02-08 14:11:11,3.2550750607440433,70772.64551311612,-171739.58157846058,70767.81304474265,-171743.65567093433,70769.32812760558,-171746.63586552988,-33,25.0
2024-02-08 14:11:11,2.9976933121521125,70772.64551311612,-171739.58157846058,70767.81304474265,-171743.65567093433,70768.9628560477,-171746.60716854988,-30,25.0
2024-02-08 14:11:12,2.6921797713480595,70772.64551311612,-171739.58157846058,70767.81304474265,-171743.65567093433,70768.5900185562,-171746.52189566236,-27,25.0
2024-02-08 14:11:13,2.2237824617743347,70772.64551311612,-171739.58157846058,70767.81304474265,-171743.65567093433,70768.18812267233,-171746.24807536372,-22,25.0
2024-02-08 14:11:13,2.2237824617743347,70772.64551311612,-171739.58157846058,70767.81304474265,-171743.65567093433,70768.18812267233,-171746.24807536372,-23,25.0
2024-02-08 14:11:14,1.843536608845434,70772.64551311612,-171739.58157846058,70767.81304474265,-171743.65567093433,70767.71193551629,-171746.15218619403,-19,25.0
2024-02-08 14:11:14,1.6149400925827078,70772.64551311612,-171739.58157846058,70767.81304474265,-171743.65567093433,70767.38986536466,-171746.1247175061,-16,25.0
2024-02-08 14:11:15,1.5205488040882627,70772.64551311612,-171739.58157846058,70767.81304474265,-171743.65567093433,70767.19585315767,-171746.16482261274,-16,25.0
2024-02-08 14:11:15,1.4271271024501555,70772.64551311612,-171739.58157846058,70767.81304474265,-171743.65567093433,70767.0509302094,-171746.16481038855,-15,25.0
2024-02-08 14:11:16,1.233491350908644,70772.64551311612,-171739.58157846058,70767.81304474265,-171743.65567093433,70766.76820017044,-171746.14990267393,-13,25.0
2024-02-08 14:11:16,1.0882530393866263,70772.64551311612,-171739.58157846058,70767.81304474265,-171743.65567093433,70766.57569473176,-171746.12223156626,-11,25.0
2024-02-08 14:11:17,1.0033467016658062,70772.64551311612,-171739.58157846058,70767.81304474265,-171743.65567093433,70766.41280289475,-171746.14850607267,-10,25.0
2024-02-08 14:11:17,0.973012027290066,70772.64551311612,-171739.58157846058,70767.81304474265,-171743.65567093433,70766.33382735093,-171746.17541115024,-10,25.0
2024-02-08 14:11:18,0.8834607277599429,70772.64551311612,-171739.58157846058,70767.81304474265,-171743.65567093433,70766.15986282549,-171746.2049452424,-9,25.0
2024-02-08 14:11:19,0.8941844070079155,70772.64551311612,-171739.58157846058,70767.81304474265,-171743.65567093433,70766.08890400238,-171746.27879440424,-9,25.0
2024-02-08 14:11:19,0.7158193210091135,70772.64551311612,-171739.58157846058,70767.81304474265,-171743.65567093433,70765.95129316866,-171746.16151497146,-7,25.0
2024-02-08 14:11:20,0.674725223292318,70772.64551311612,-171739.58157846058,70767.81304474265,-171743.65567093433,70765.9356629978,-171746.12094278054,-7,25.0
2024-02-08 14:11:20,0.7217744818781482,70772.64551311612,-171739.58157846058,70767.81304474265,-171743.65567093433,70766.05577800598,-171746.08121641586,-8,25.0
2024-02-08 14:11:21,0.7888758758457114,70772.64551311612,-171739.58157846058,70767.81304474265,-171743.65567093433,70766.35030345811,-171745.92067784385,-8,25.0
2024-02-08 14:11:21,0.761524267863184,70772.64551311612,-171739.58157846058,70767.81304474265,-171743.65567093433,70766.46916860068,-171745.78469178875,-8,25.0
2024-02-08 14:11:22,0.761524267863184,70772.64551311612,-171739.58157846058,70767.81304474265,-171743.65567093433,70766.46916860068,-171745.78469178875,-8,25.0
2024-02-08 14:11:22,0.7536861065186197,70772.64551311612,-171739.58157846058,70767.81304474265,-171743.65567093433,70766.64334837285,-171745.62759464083,-8,25.0
2024-02-08 14:11:23,0.5176585158819951,70772.64551311612,-171739.58157846058,70767.81304474265,-171743.65567093433,70766.75593593754,-171745.2239610152,-5,25.0
2024-02-08 14:11:23,0.23466657585279316,70772.64551311612,-171739.58157846058,70767.81304474265,-171743.65567093433,70766.9543678107,-171744.6865274002,-3,25.0
timestamp,直線との距離:,startx:,starty:,goalx:,goaly:,x:,y:,操作量,sp
2024-02-08 14:11:24,0.0,70767.03170866781,-171744.33601567053,70767.4504649894,-171758.08261034725,70767.03170866781,-171744.33601567053,1,35.0
2024-02-08 14:11:24,0.0,70767.03170866781,-171744.33601567053,70767.4504649894,-171758.08261034725,70767.03170866781,-171744.33601567053,0,35.0
2024-02-08 14:11:25,0.1862910795454672,70767.03170866781,-171744.33601567053,70767.4504649894,-171758.08261034725,70767.19006944954,-171743.41630559493,-4,35.0
2024-02-08 14:11:25,0.15319110337722402,70767.03170866781,-171744.33601567053,70767.4504649894,-171758.08261034725,70767.14946007023,-171743.17029700524,-2,35.0
2024-02-08 14:11:26,0.137940178274908,70767.03170866781,-171744.33601567053,70767.4504649894,-171758.08261034725,70767.12891827106,-171742.99684469667,-2,35.0
2024-02-08 14:11:27,0.230449345083926,70767.03170866781,-171744.33601567053,70767.4504649894,-171758.08261034725,70767.22105275649,-171742.98313625273,-3,35.0
2024-02-08 14:11:27,0.2911531411507124,70767.03170866781,-171744.33601567053,70767.4504649894,-171758.08261034725,70767.28220573528,-171742.99695727922,-4,35.0
2024-02-08 14:11:28,0.26347749239504603,70767.03170866781,-171744.33601567053,70767.4504649894,-171758.08261034725,70767.25471185116,-171743.00334553997,-3,35.0
2024-02-08 14:11:28,0.2991115506292994,70767.03170866781,-171744.33601567053,70767.4504649894,-171758.08261034725,70767.31152238563,-171743.6979671902,-4,35.0
2024-02-08 14:11:29,0.45762767128423404,70767.03170866781,-171744.33601567053,70767.4504649894,-171758.08261034725,70767.47880773283,-171743.98342244184,-6,35.0
2024-02-08 14:11:29,0.3802197841472702,70767.03170866781,-171744.33601567053,70767.4504649894,-171758.08261034725,70767.41201560287,-171744.33308670105,-4,35.0
2024-02-08 14:11:30,0.3167196547578702,70767.03170866781,-171744.33601567053,70767.4504649894,-171758.08261034725,70767.36869555298,-171744.9965090336,-3,35.0
2024-02-08 14:11:30,0.23035725908614482,70767.03170866781,-171744.33601567053,70767.4504649894,-171758.08261034725,70767.3036993241,-171745.69921542352,-2,35.0
2024-02-08 14:11:31,0.23035725908614482,70767.03170866781,-171744.33601567053,70767.4504649894,-171758.08261034725,70767.3036993241,-171745.69921542352,-3,35.0
2024-02-08 14:11:31,0.1348811260270034,70767.03170866781,-171744.33601567053,70767.4504649894,-171758.08261034725,70767.24181127893,-171746.80327196003,-1,35.0
2024-02-08 14:11:32,0.14518355886874587,70767.03170866781,-171744.33601567053,70767.4504649894,-171758.08261034725,70767.2728352142,-171747.48334384093,-2,35.0
2024-02-08 14:11:33,0.16597336429349074,70767.03170866781,-171744.33601567053,70767.4504649894,-171758.08261034725,70767.30294233402,-171747.78888853904,-2,35.0
2024-02-08 14:11:33,0.16636733523559546,70767.03170866781,-171744.33601567053,70767.4504649894,-171758.08261034725,70767.32021110757,-171748.34283494548,-2,35.0
2024-02-08 14:11:34,0.3060803634244708,70767.03170866781,-171744.33601567053,70767.4504649894,-171758.08261034725,70767.47591845137,-171748.86575592047,-5,35.0
2024-02-08 14:11:34,0.38136188921454256,70767.03170866781,-171744.33601567053,70767.4504649894,-171758.08261034725,70767.56164771732,-171749.20757953732,-5,35.0
2024-02-08 14:11:35,0.44734838744701777,70767.03170866781,-171744.33601567053,70767.4504649894,-171758.08261034725,70767.64215120033,-171749.68312657648,-5,35.0
2024-02-08 14:11:35,0.4909607426772135,70767.03170866781,-171744.33601567053,70767.4504649894,-171758.08261034725,70767.70155691252,-171750.20091403875,-6,35.0
2024-02-08 14:11:36,0.5465038535989486,70767.03170866781,-171744.33601567053,70767.4504649894,-171758.08261034725,70767.76939398942,-171750.60364463943,-6,35.0
2024-02-08 14:11:36,0.6614449017206118,70767.03170866781,-171744.33601567053,70767.4504649894,-171758.08261034725,70767.8943096916,-171750.9293342422,-8,35.0
2024-02-08 14:11:37,0.6528815808867467,70767.03170866781,-171744.33601567053,70767.4504649894,-171758.08261034725,70767.89960905531,-171751.38453766602,-7,35.0
2024-02-08 14:11:37,0.6520745180398726,70767.03170866781,-171744.33601567053,70767.4504649894,-171758.08261034725,70767.92240846342,-171752.1594841394,-7,35.0
2024-02-08 14:11:38,0.7751041036725848,70767.03170866781,-171744.33601567053,70767.4504649894,-171758.08261034725,70768.0634256538,-171752.74809325268,-9,35.0
2024-02-08 14:11:38,0.7023878754013677,70767.03170866781,-171744.33601567053,70767.4504649894,-171758.08261034725,70768.02408679592,-171753.8448859437,-7,35.0
2024-02-08 14:11:39,0.7741945918348426,70767.03170866781,-171744.33601567053,70767.4504649894,-171758.08261034725,70768.1129879971,-171754.40495644277,-9,35.0
2024-02-08 14:11:39,0.8204088878802859,70767.03170866781,-171744.33601567053,70767.4504649894,-171758.08261034725,70768.17191766755,-171754.82166275562,-9,35.0
2024-02-08 14:11:40,0.9396577618750991,70767.03170866781,-171744.33601567053,70767.4504649894,-171758.08261034725,70768.3082458307,-171755.3805119892,-11,35.0
2024-02-08 14:11:40,0.9971337626391169,70767.03170866781,-171744.33601567053,70767.4504649894,-171758.08261034725,70768.37552970834,-171755.70160182903,-11,35.0
2024-02-08 14:11:41,0.9484796764544424,70767.03170866781,-171744.33601567053,70767.4504649894,-171758.08261034725,70768.33877567988,-171756.09298821478,-10,35.0
2024-02-08 14:11:42,0.9864679733033749,70767.03170866781,-171744.33601567053,70767.4504649894,-171758.08261034725,70768.38927510506,-171756.50311496595,-11,35.0
2024-02-08 14:11:42,1.0948701951226854,70767.03170866781,-171744.33601567053,70767.4504649894,-171758.08261034725,70768.51211067935,-171756.97527069502,-12,35.0
timestamp,直線との距離:,startx:,starty:,goalx:,goaly:,x:,y:,操作量,sp
2024-02-08 14:11:43,0.0,70768.5967796519,-171757.45595939519,70776.22406187186,-171762.44386814098,70768.5967796519,-171757.45595939519,1,25.0
2024-02-08 14:11:43,-0.5986239148926717,70768.5967796519,-171757.45595939519,70776.22406187186,-171762.44386814098,70768.60587211118,-171758.17716930434,6,25.0
2024-02-08 14:11:44,-0.9260761985757523,70768.5967796519,-171757.45595939519,70776.22406187186,-171762.44386814098,70768.68356844032,-171758.61923459973,9,25.0
2024-02-08 14:11:44,-1.031247456215509,70768.5967796519,-171757.45595939519,70776.22406187186,-171762.44386814098,70768.77898219749,-171758.8072945562,10,25.0
2024-02-08 14:11:45,-1.061940352873695,70768.5967796519,-171757.45595939519,70776.22406187186,-171762.44386814098,70768.84753966054,-171758.88880144426,10,25.0
2024-02-08 14:11:45,-1.061940352873695,70768.5967796519,-171757.45595939519,70776.22406187186,-171762.44386814098,70768.84753966054,-171758.88880144426,10,25.0
2024-02-08 14:11:46,-0.6584984139030776,70768.5967796519,-171757.45595939519,70776.22406187186,-171762.44386814098,70769.36600353246,-171758.74580283542,6,25.0
2024-02-08 14:11:46,-0.28842298078421474,70768.5967796519,-171757.45595939519,70776.22406187186,-171762.44386814098,70770.00564414967,-171758.72191637545,2,25.0
2024-02-08 14:11:47,-0.2029591238002764,70768.5967796519,-171757.45595939519,70776.22406187186,-171762.44386814098,70770.31915620588,-171758.8248233269,1,25.0
2024-02-08 14:11:47,0.0029472227366106867,70768.5967796519,-171757.45595939519,70776.22406187186,-171762.44386814098,70770.89592763981,-171758.95598007212,-1,25.0
2024-02-08 14:11:48,0.10883344935644117,70768.5967796519,-171757.45595939519,70776.22406187186,-171762.44386814098,70771.47060599936,-171759.20527675343,-2,25.0
2024-02-08 14:11:49,0.24666581040347876,70768.5967796519,-171757.45595939519,70776.22406187186,-171762.44386814098,70772.02888425802,-171759.4056777517,-3,25.0
2024-02-08 14:11:49,0.33526033866621885,70768.5967796519,-171757.45595939519,70776.22406187186,-171762.44386814098,70772.43110690947,-171759.56285687743,-4,25.0
2024-02-08 14:11:50,0.4946984855029236,70768.5967796519,-171757.45595939519,70776.22406187186,-171762.44386814098,70772.97835601897,-171759.73022969192,-6,25.0
2024-02-08 14:11:50,0.5747004502626338,70768.5967796519,-171757.45595939519,70776.22406187186,-171762.44386814098,70773.34783402842,-171759.8762620515,-6,25.0
2024-02-08 14:11:51,0.8508849250573661,70768.5967796519,-171757.45595939519,70776.22406187186,-171762.44386814098,70773.87792515001,-171759.89292032243,-9,25.0
2024-02-08 14:11:51,1.1485085311040386,70768.5967796519,-171757.45595939519,70776.22406187186,-171762.44386814098,70774.3852571439,-171759.86907864365,-12,25.0
2024-02-08 14:11:52,1.413756573617292,70768.5967796519,-171757.45595939519,70776.22406187186,-171762.44386814098,70774.80478724006,-171759.82650220348,-15,25.0
2024-02-08 14:11:52,1.714863590327576,70768.5967796519,-171757.45595939519,70776.22406187186,-171762.44386814098,70775.23809647233,-171759.7500907365,-18,25.0
2024-02-08 14:11:53,2.0108332989883264,70768.5967796519,-171757.45595939519,70776.22406187186,-171762.44386814098,70775.76642810233,-171759.74195805454,-21,25.0
2024-02-08 14:11:53,2.195701294034991,70768.5967796519,-171757.45595939519,70776.22406187186,-171762.44386814098,70776.13835417882,-171759.76429250743,-23,25.0
2024-02-08 14:11:54,2.6410178522581407,70768.5967796519,-171757.45595939519,70776.22406187186,-171762.44386814098,70776.72435271635,-171759.61542486137,-27,25.0
2024-02-08 14:11:54,3.0840430880888743,70768.5967796519,-171757.45595939519,70776.22406187186,-171762.44386814098,70777.3212829784,-171759.47644386382,-32,25.0
2024-02-08 14:11:55,3.34478032690067,70768.5967796519,-171757.45595939519,70776.22406187186,-171762.44386814098,70777.62313447025,-171759.36230048604,-34,25.0
2024-02-08 14:11:55,3.8002305431099828,70768.5967796519,-171757.45595939519,70776.22406187186,-171762.44386814098,70778.14317244111,-171759.158189348,-39,25.0
2024-02-08 14:11:56,3.8002305431099828,70768.5967796519,-171757.45595939519,70776.22406187186,-171762.44386814098,70778.14317244111,-171759.158189348,-39,25.0
2024-02-08 14:11:56,4.617099642874812,70768.5967796519,-171757.45595939519,70776.22406187186,-171762.44386814098,70779.1133130326,-171758.81658544592,-47,25.0
2024-02-08 14:11:57,4.939252815787352,70768.5967796519,-171757.45595939519,70776.22406187186,-171762.44386814098,70779.5253860501,-171758.7011394926,-50,25.0
2024-02-08 14:11:57,5.13308924623315,70768.5967796519,-171757.45595939519,70776.22406187186,-171762.44386814098,70779.73502576197,-171758.60662985998,-52,25.0
2024-02-08 14:11:58,5.227518589398936,70768.5967796519,-171757.45595939519,70776.22406187186,-171762.44386814098,70779.70419940521,-171758.47364217814,-53,25.0
2024-02-08 14:11:59,5.208574495447864,70768.5967796519,-171757.45595939519,70776.22406187186,-171762.44386814098,70779.45405677783,-171758.33269513698,-53,25.0
2024-02-08 14:11:59,5.213352909312237,70768.5967796519,-171757.45595939519,70776.22406187186,-171762.44386814098,70779.2700139332,-171758.2066296994,-53,25.0
2024-02-08 14:12:00,5.351987537281751,70768.5967796519,-171757.45595939519,70776.22406187186,-171762.44386814098,70779.11994885332,-171757.94284657054,-54,25.0
2024-02-08 14:12:00,5.3957971304719745,70768.5967796519,-171757.45595939519,70776.22406187186,-171762.44386814098,70778.83412127852,-171757.70358209652,-55,25.0
2024-02-08 14:12:01,5.421295563578928,70768.5967796519,-171757.45595939519,70776.22406187186,-171762.44386814098,70778.70241255024,-171757.58698363288,-55,25.0
2024-02-08 14:12:01,5.703609724048873,70768.5967796519,-171757.45595939519,70776.22406187186,-171762.44386814098,70778.6051146256,-171757.18603289174,-58,25.0
2024-02-08 14:12:02,6.235635135407204,70768.5967796519,-171757.45595939519,70776.22406187186,-171762.44386814098,70778.60304421042,-171756.54899009754,-63,25.0
2024-02-08 14:12:02,6.45144624378867,70768.5967796519,-171757.45595939519,70776.22406187186,-171762.44386814098,70778.59378766046,-171756.2850755177,-65,25.0
2024-02-08 14:12:03,6.872909749295975,70768.5967796519,-171757.45595939519,70776.22406187186,-171762.44386814098,70778.65986843471,-171755.8247051524,-70,25.0
2024-02-08 14:12:03,7.084014557703729,70768.5967796519,-171757.45595939519,70776.22406187186,-171762.44386814098,70778.59670232495,-171755.53115938714,-72,25.0
2024-02-08 14:12:04,6.992598007760628,70768.5967796519,-171757.45595939519,70776.22406187186,-171762.44386814098,70778.59726490304,-171755.64075605612,-70,25.0
2024-02-08 14:12:05,6.807072800008387,70768.5967796519,-171757.45595939519,70776.22406187186,-171762.44386814098,70778.75273247117,-171755.96409923266,-68,25.0
2024-02-08 14:12:05,6.5858942401949845,70768.5967796519,-171757.45595939519,70776.22406187186,-171762.44386814098,70778.92712985344,-171756.34242197094,-66,25.0
2024-02-08 14:12:06,6.145433027503573,70768.5967796519,-171757.45595939519,70776.22406187186,-171762.44386814098,70778.81738945309,-171756.79694020032,-62,25.0
2024-02-08 14:12:06,5.568309196854168,70768.5967796519,-171757.45595939519,70776.22406187186,-171762.44386814098,70778.86293491564,-171757.5162994724,-56,25.0
2024-02-08 14:12:07,5.260923749023019,70768.5967796519,-171757.45595939519,70776.22406187186,-171762.44386814098,70778.81727076569,-171757.85371562003,-53,25.0
2024-02-08 14:12:07,4.6904225526783545,70768.5967796519,-171757.45595939519,70776.22406187186,-171762.44386814098,70778.58089264332,-171758.38079617356,-47,25.0
2024-02-08 14:12:08,4.3000264005497115,70768.5967796519,-171757.45595939519,70776.22406187186,-171762.44386814098,70778.47620066897,-171758.7787957777,-43,25.0
2024-02-08 14:12:08,4.0199178660181705,70768.5967796519,-171757.45595939519,70776.22406187186,-171762.44386814098,70778.33938479895,-171759.0240109587,-40,25.0
2024-02-08 14:12:09,3.664161187810244,70768.5967796519,-171757.45595939519,70776.22406187186,-171762.44386814098,70778.27443510688,-171759.40661141326,-37,25.0
2024-02-08 14:12:09,3.664161187810244,70768.5967796519,-171757.45595939519,70776.22406187186,-171762.44386814098,70778.27443510688,-171759.40661141326,-37,25.0
2024-02-08 14:12:10,3.5138116629143186,70768.5967796519,-171757.45595939519,70776.22406187186,-171762.44386814098,70778.35770189579,-171759.6407088899,-35,25.0
2024-02-08 14:12:10,3.5638472564901775,70768.5967796519,-171757.45595939519,70776.22406187186,-171762.44386814098,70778.63507003129,-171759.76231064452,-36,25.0
2024-02-08 14:12:11,3.7044777420177124,70768.5967796519,-171757.45595939519,70776.22406187186,-171762.44386814098,70779.18834561484,-171759.95609678226,-38,25.0
2024-02-08 14:12:11,3.6922168121216874,70768.5967796519,-171757.45595939519,70776.22406187186,-171762.44386814098,70779.78323612991,-171760.35977907456,-37,25.0
2024-02-08 14:12:12,3.7447638781395067,70768.5967796519,-171757.45595939519,70776.22406187186,-171762.44386814098,70780.34669536809,-171760.6654710642,-38,25.0
2024-02-08 14:12:12,3.780074273794814,70768.5967796519,-171757.45595939519,70776.22406187186,-171762.44386814098,70780.71354401803,-171760.86318351378,-38,25.0
2024-02-08 14:12:13,3.8985357082644674,70768.5967796519,-171757.45595939519,70776.22406187186,-171762.44386814098,70781.21215691419,-171761.047711265,-40,25.0
2024-02-08 14:12:14,3.993767506382716,70768.5967796519,-171757.45595939519,70776.22406187186,-171762.44386814098,70781.4844192855,-171761.11197153523,-41,25.0
2024-02-08 14:12:14,3.993767506382716,70768.5967796519,-171757.45595939519,70776.22406187186,-171762.44386814098,70781.4844192855,-171761.11197153523,-40,25.0
2024-02-08 14:12:15,4.102247013371639,70768.5967796519,-171757.45595939519,70776.22406187186,-171762.44386814098,70782.34449825382,-171761.54480915083,-42,25.0
2024-02-08 14:12:15,4.048244860008356,70768.5967796519,-171757.45595939519,70776.22406187186,-171762.44386814098,70782.52444869206,-171761.72701315887,-41,25.0
2024-02-08 14:12:16,3.883619181312594,70768.5967796519,-171757.45595939519,70776.22406187186,-171762.44386814098,70782.54495122092,-171761.93712337245,-39,25.0
2024-02-08 14:12:16,3.8048125651634637,70768.5967796519,-171757.45595939519,70776.22406187186,-171762.44386814098,70782.4488819798,-171761.9684601226,-38,25.0
2024-02-08 14:12:17,3.623666964056717,70768.5967796519,-171757.45595939519,70776.22406187186,-171762.44386814098,70782.11376251809,-171761.96574789454,-37,25.0
2024-02-08 14:12:17,3.439726299878757,70768.5967796519,-171757.45595939519,70776.22406187186,-171762.44386814098,70781.83940727828,-171762.00611248016,-35,25.0
2024-02-08 14:12:18,3.4359210080856974,70768.5967796519,-171757.45595939519,70776.22406187186,-171762.44386814098,70781.83172438941,-171762.00563494762,-35,25.0
2024-02-08 14:12:18,3.402935753841048,70768.5967796519,-171757.45595939519,70776.22406187186,-171762.44386814098,70781.81307942349,-171762.03285427977,-34,25.0
2024-02-08 14:12:19,3.2653489366836874,70768.5967796519,-171757.45595939519,70776.22406187186,-171762.44386814098,70781.70157823813,-171762.12433254588,-33,25.0
2024-02-08 14:12:20,3.2605966130974804,70768.5967796519,-171757.45595939519,70776.22406187186,-171762.44386814098,70781.57175650091,-171762.04511311007,-33,25.0
2024-02-08 14:12:20,3.2126278351442834,70768.5967796519,-171757.45595939519,70776.22406187186,-171762.44386814098,70781.380627417,-171761.97743839282,-33,25.0
2024-02-08 14:12:21,3.088629401193953,70768.5967796519,-171757.45595939519,70776.22406187186,-171762.44386814098,70781.10623136997,-171761.94615451337,-31,25.0
2024-02-08 14:12:21,3.2927645461462367,70768.5967796519,-171757.45595939519,70776.22406187186,-171762.44386814098,70780.84039426956,-171761.52839847034,-34,25.0
2024-02-08 14:12:22,3.381991043208818,70768.5967796519,-171757.45595939519,70776.22406187186,-171762.44386814098,70780.69175966414,-171761.3245859538,-34,25.0
2024-02-08 14:12:22,3.4688182428248466,70768.5967796519,-171757.45595939519,70776.22406187186,-171762.44386814098,70780.70022451211,-171761.22637639666,-35,25.0
2024-02-08 14:12:23,3.4894052242808247,70768.5967796519,-171757.45595939519,70776.22406187186,-171762.44386814098,70780.70659858706,-171761.20594647483,-35,25.0
2024-02-08 14:12:23,3.5114118190615615,70768.5967796519,-171757.45595939519,70776.22406187186,-171762.44386814098,70780.73476298637,-171761.19807025106,-36,25.0
2024-02-08 14:12:24,3.4778892673315203,70768.5967796519,-171757.45595939519,70776.22406187186,-171762.44386814098,70780.65967315997,-171761.18901910304,-35,25.0
2024-02-08 14:12:24,3.3558154226658896,70768.5967796519,-171757.45595939519,70776.22406187186,-171762.44386814098,70780.52562308352,-171761.24721575654,-34,25.0
2024-02-08 14:12:25,3.1335521774221413,70768.5967796519,-171757.45595939519,70776.22406187186,-171762.44386814098,70780.27989185047,-171761.35208880118,-32,25.0
2024-02-08 14:12:25,3.1961857428378795,70768.5967796519,-171757.45595939519,70776.22406187186,-171762.44386814098,70780.39258304013,-171761.350946395,-33,25.0
2024-02-08 14:12:26,3.063226652247221,70768.5967796519,-171757.45595939519,70776.22406187186,-171762.44386814098,70780.41960052453,-171761.52748038448,-31,25.0
2024-02-08 14:12:26,2.9575637663043133,70768.5967796519,-171757.45595939519,70776.22406187186,-171762.44386814098,70780.52054155584,-171761.71974235683,-30,25.0
2024-02-08 14:12:27,2.7754070961562,70768.5967796519,-171757.45595939519,70776.22406187186,-171762.44386814098,70780.48245997823,-171761.91248797698,-28,25.0
2024-02-08 14:12:27,2.2799168583082627,70768.5967796519,-171757.45595939519,70776.22406187186,-171762.44386814098,70780.06573724786,-171762.23200445014,-23,25.0
2024-02-08 14:12:28,1.8823204679408638,70768.5967796519,-171757.45595939519,70776.22406187186,-171762.44386814098,70779.67404518653,-171762.45092173992,-19,25.0
2024-02-08 14:12:29,1.8754857645159906,70768.5967796519,-171757.45595939519,70776.22406187186,-171762.44386814098,70779.62940906579,-171762.42989809372,-19,25.0
2024-02-08 14:12:29,1.809986956342049,70768.5967796519,-171757.45595939519,70776.22406187186,-171762.44386814098,70779.57624072165,-171762.47338936172,-19,25.0
2024-02-08 14:12:30,1.7577036678492226,70768.5967796519,-171757.45595939519,70776.22406187186,-171762.44386814098,70779.79357438724,-171762.6779865842,-18,25.0
2024-02-08 14:12:30,1.6805736815205485,70768.5967796519,-171757.45595939519,70776.22406187186,-171762.44386814098,70779.81287193458,-171762.782764849,-17,25.0
2024-02-08 14:12:31,1.6429246912432955,70768.5967796519,-171757.45595939519,70776.22406187186,-171762.44386814098,70779.98544573353,-171762.94060533404,-17,25.0
2024-02-08 14:12:31,1.398132603963441,70768.5967796519,-171757.45595939519,70776.22406187186,-171762.44386814098,70780.14412060888,-171763.33686078747,-14,25.0
2024-02-08 14:12:32,1.2811959579564929,70768.5967796519,-171757.45595939519,70776.22406187186,-171762.44386814098,70780.33657038638,-171763.6024358903,-13,25.0
2024-02-08 14:12:32,1.2799665348144165,70768.5967796519,-171757.45595939519,70776.22406187186,-171762.44386814098,70780.4486601016,-171763.6772066304,-13,25.0
2024-02-08 14:12:33,1.4316572954647522,70768.5967796519,-171757.45595939519,70776.22406187186,-171762.44386814098,70780.7246508638,-171763.67644529726,-15,25.0
2024-02-08 14:12:33,1.5264440260791248,70768.5967796519,-171757.45595939519,70776.22406187186,-171762.44386814098,70780.8533747712,-171763.64736948183,-16,25.0
2024-02-08 14:12:34,1.5913498875762866,70768.5967796519,-171757.45595939519,70776.22406187186,-171762.44386814098,70780.76190217982,-171763.50999785296,-16,25.0
2024-02-08 14:12:34,1.7028566103419331,70768.5967796519,-171757.45595939519,70776.22406187186,-171762.44386814098,70780.73197173212,-171763.35719120494,-18,25.0
2024-02-08 14:12:35,1.9570275081091515,70768.5967796519,-171757.45595939519,70776.22406187186,-171762.44386814098,70780.81375663931,-171763.10697968377,-20,25.0
2024-02-08 14:12:35,2.1606241388190024,70768.5967796519,-171757.45595939519,70776.22406187186,-171762.44386814098,70780.88511638281,-171762.91037906043,-22,25.0
2024-02-08 14:12:36,2.38151103567204,70768.5967796519,-171757.45595939519,70776.22406187186,-171762.44386814098,70780.87634994536,-171762.64072020337,-25,25.0
2024-02-08 14:12:37,2.499221130749754,70768.5967796519,-171757.45595939519,70776.22406187186,-171762.44386814098,70780.95013718591,-171762.54832830475,-26,25.0
2024-02-08 14:12:37,2.697578038131925,70768.5967796519,-171757.45595939519,70776.22406187186,-171762.44386814098,70781.10713509566,-171762.41399196038,-28,25.0
2024-02-08 14:12:38,3.042979204232906,70768.5967796519,-171757.45595939519,70776.22406187186,-171762.44386814098,70781.32072372947,-171762.14096811815,-31,25.0
2024-02-08 14:12:38,3.3356843938829006,70768.5967796519,-171757.45595939519,70776.22406187186,-171762.44386814098,70781.54599674884,-171761.93854896887,-34,25.0
2024-02-08 14:12:39,3.7316716633822007,70768.5967796519,-171757.45595939519,70776.22406187186,-171762.44386814098,70782.1472273288,-171761.85858335218,-38,25.0
2024-02-08 14:12:39,3.891627953612321,70768.5967796519,-171757.45595939519,70776.22406187186,-171762.44386814098,70782.431398612,-171761.85329568057,-40,25.0
2024-02-08 14:12:40,3.891627953612321,70768.5967796519,-171757.45595939519,70776.22406187186,-171762.44386814098,70782.431398612,-171761.85329568057,-39,25.0
2024-02-08 14:12:40,4.250703925809001,70768.5967796519,-171757.45595939519,70776.22406187186,-171762.44386814098,70783.3796551874,-171762.04437322007,-43,25.0
2024-02-08 14:12:41,4.3618384373869805,70768.5967796519,-171757.45595939519,70776.22406187186,-171762.44386814098,70783.44579328118,-171761.95483592883,-44,25.0
2024-02-08 14:12:41,4.2724441462073,70768.5967796519,-171757.45595939519,70776.22406187186,-171762.44386814098,70783.41430992098,-171762.04105966742,-43,25.0
2024-02-08 14:12:42,4.491708697542307,70768.5967796519,-171757.45595939519,70776.22406187186,-171762.44386814098,70783.87042486393,-171762.07735134076,-46,25.0
2024-02-08 14:12:42,4.632325981511097,70768.5967796519,-171757.45595939519,70776.22406187186,-171762.44386814098,70784.21542411932,-171762.13494964945,-47,25.0
2024-02-08 14:12:43,4.876154903394019,70768.5967796519,-171757.45595939519,70776.22406187186,-171762.44386814098,70784.68228137495,-171762.14891566682,-50,25.0
2024-02-08 14:12:43,4.988313089865731,70768.5967796519,-171757.45595939519,70776.22406187186,-171762.44386814098,70784.98304622226,-171762.21159086877,-50,25.0
2024-02-08 14:12:44,5.187584937233948,70768.5967796519,-171757.45595939519,70776.22406187186,-171762.44386814098,70785.46480124084,-171762.28853824674,-53,25.0
2024-02-08 14:12:45,5.406858784867015,70768.5967796519,-171757.45595939519,70776.22406187186,-171762.44386814098,70785.68034183024,-171762.1674937145,-55,25.0
2024-02-08 14:12:45,5.331819364787846,70768.5967796519,-171757.45595939519,70776.22406187186,-171762.44386814098,70785.62701381801,-171762.2222801357,-54,25.0
2024-02-08 14:12:46,5.180148233864121,70768.5967796519,-171757.45595939519,70776.22406187186,-171762.44386814098,70785.4879417841,-171762.31255687008,-52,25.0
2024-02-08 14:12:46,5.180148233864121,70768.5967796519,-171757.45595939519,70776.22406187186,-171762.44386814098,70785.4879417841,-171762.31255687008,-52,25.0
2024-02-08 14:12:47,5.122536133170083,70768.5967796519,-171757.45595939519,70776.22406187186,-171762.44386814098,70785.14676111788,-171762.15827727818,-52,25.0
2024-02-08 14:12:47,5.153194190559486,70768.5967796519,-171757.45595939519,70776.22406187186,-171762.44386814098,70784.91588869841,-171761.9706651403,-52,25.0
2024-02-08 14:12:48,5.125810699929009,70768.5967796519,-171757.45595939519,70776.22406187186,-171762.44386814098,70784.59090221628,-171761.79085727956,-52,25.0
2024-02-08 14:12:48,5.012999338945064,70768.5967796519,-171757.45595939519,70776.22406187186,-171762.44386814098,70784.12838231593,-171761.62318179596,-51,25.0
2024-02-08 14:12:49,4.924487117298742,70768.5967796519,-171757.45595939519,70776.22406187186,-171762.44386814098,70783.5704682434,-171761.36408895126,-50,25.0
2024-02-08 14:12:49,4.821148162622594,70768.5967796519,-171757.45595939519,70776.22406187186,-171762.44386814098,70783.28919517902,-171761.3036228918,-49,25.0
2024-02-08 14:12:50,4.7708836918311555,70768.5967796519,-171757.45595939519,70776.22406187186,-171762.44386814098,70782.80065443242,-171761.0441969652,-48,25.0
2024-02-08 14:12:50,4.536864293684686,70768.5967796519,-171757.45595939519,70776.22406187186,-171762.44386814098,70782.17246673787,-171760.9130070242,-46,25.0
2024-02-08 14:12:51,4.5336839699084095,70768.5967796519,-171757.45595939519,70776.22406187186,-171762.44386814098,70781.92420209521,-171760.75445281333,-46,25.0
2024-02-08 14:12:51,4.4063809699335605,70768.5967796519,-171757.45595939519,70776.22406187186,-171762.44386814098,70781.59284288253,-171760.68986596665,-44,25.0
2024-02-08 14:12:52,4.4063809699335605,70768.5967796519,-171757.45595939519,70776.22406187186,-171762.44386814098,70781.59284288253,-171760.68986596665,-45,25.0
2024-02-08 14:12:53,4.201108681595868,70768.5967796519,-171757.45595939519,70776.22406187186,-171762.44386814098,70780.82987031182,-171760.43618422514,-42,25.0
2024-02-08 14:12:53,4.030314128640671,70768.5967796519,-171757.45595939519,70776.22406187186,-171762.44386814098,70780.48744751362,-171760.41632801844,-41,25.0
2024-02-08 14:12:54,4.030314128640671,70768.5967796519,-171757.45595939519,70776.22406187186,-171762.44386814098,70780.48744751362,-171760.41632801844,-41,25.0
2024-02-08 14:12:54,3.5423517749564777,70768.5967796519,-171757.45595939519,70776.22406187186,-171762.44386814098,70779.72184898004,-171760.49870031778,-35,25.0
2024-02-08 14:12:55,3.2057668677701763,70768.5967796519,-171757.45595939519,70776.22406187186,-171762.44386814098,70779.2472893939,-171760.59052650086,-32,25.0
2024-02-08 14:12:55,2.9648252139976035,70768.5967796519,-171757.45595939519,70776.22406187186,-171762.44386814098,70779.01199961998,-171760.7245456385,-30,25.0
2024-02-08 14:12:56,2.586910634146432,70768.5967796519,-171757.45595939519,70776.22406187186,-171762.44386814098,70778.55312648193,-171760.87601269712,-26,25.0
2024-02-08 14:12:56,2.586910634146432,70768.5967796519,-171757.45595939519,70776.22406187186,-171762.44386814098,70778.55312648193,-171760.87601269712,-26,25.0
2024-02-08 14:12:57,1.814765391458597,70768.5967796519,-171757.45595939519,70776.22406187186,-171762.44386814098,70777.76242220789,-171761.28152194212,-18,25.0
2024-02-08 14:12:57,1.3142908123463712,70768.5967796519,-171757.45595939519,70776.22406187186,-171762.44386814098,70777.20207825309,-171761.51307194438,-13,25.0
timestamp,直線との距離:,startx:,starty:,goalx:,goaly:,x:,y:,操作量,sp
2024-02-08 14:12:58,0.0,70776.80155959455,-171761.72689465078,70787.19721004953,-171761.99585771572,70776.80155959455,-171761.72689465078,1,25.0
2024-02-08 14:12:58,-0.17757569446986185,70776.80155959455,-171761.72689465078,70787.19721004953,-171761.99585771572,70776.48038670333,-171761.89622017439,1,25.0
2024-02-08 14:12:59,-0.517033601761669,70776.80155959455,-171761.72689465078,70787.19721004953,-171761.99585771572,70776.04263765134,-171762.2244659486,5,25.0
2024-02-08 14:13:00,-0.6546193329366341,70776.80155959455,-171761.72689465078,70787.19721004953,-171761.99585771572,70775.78867108439,-171762.35552693254,6,25.0
2024-02-08 14:13:00,-0.7229052217973675,70776.80155959455,-171761.72689465078,70787.19721004953,-171761.99585771572,70775.78374079806,-171762.42370811309,7,25.0
2024-02-08 14:13:01,-0.8527705058589249,70776.80155959455,-171761.72689465078,70787.19721004953,-171761.99585771572,70775.93961927452,-171762.55764984526,8,25.0
2024-02-08 14:13:01,-0.8101123456002992,70776.80155959455,-171761.72689465078,70787.19721004953,-171761.99585771572,70775.92670649503,-171762.51464332195,8,25.0
2024-02-08 14:13:02,-0.8173201555563323,70776.80155959455,-171761.72689465078,70787.19721004953,-171761.99585771572,70775.94241401712,-171762.52225993923,8,25.0
2024-02-08 14:13:02,-0.8982657696317231,70776.80155959455,-171761.72689465078,70787.19721004953,-171761.99585771572,70775.9251320347,-171762.60278551027,9,25.0
2024-02-08 14:13:03,-0.8982657696317231,70776.80155959455,-171761.72689465078,70787.19721004953,-171761.99585771572,70775.9251320347,-171762.60278551027,8,25.0
2024-02-08 14:13:03,-0.9140483966321968,70776.80155959455,-171761.72689465078,70787.19721004953,-171761.99585771572,70775.91857206101,-171762.61840369485,9,25.0
2024-02-08 14:13:04,-0.9140483966321968,70776.80155959455,-171761.72689465078,70787.19721004953,-171761.99585771572,70775.91857206101,-171762.61840369485,9,25.0
2024-02-08 14:13:04,-0.7847520054288306,70776.80155959455,-171761.72689465078,70787.19721004953,-171761.99585771572,70776.08622200345,-171762.49340158468,7,25.0
2024-02-08 14:13:05,-0.37259484600426573,70776.80155959455,-171761.72689465078,70787.19721004953,-171761.99585771572,70776.55381679087,-171762.09320441858,3,25.0
2024-02-08 14:13:05,-0.3107346233741986,70776.80155959455,-171761.72689465078,70787.19721004953,-171761.99585771572,70777.05376484018,-171762.04425847775,3,25.0
2024-02-08 14:13:06,-0.211918708120612,70776.80155959455,-171761.72689465078,70787.19721004953,-171761.99585771572,70777.60860706127,-171761.9597647353,2,25.0
2024-02-08 14:13:06,-0.12934129883995335,70776.80155959455,-171761.72689465078,70787.19721004953,-171761.99585771572,70777.9694181165,-171761.88649483174,1,25.0
2024-02-08 14:13:07,-0.07405137090025007,70776.80155959455,-171761.72689465078,70787.19721004953,-171761.99585771572,70778.57475936094,-171761.84684818596,0,25.0
2024-02-08 14:13:08,0.002140707765774528,70776.80155959455,-171761.72689465078,70787.19721004953,-171761.99585771572,70779.04096173789,-171761.78269250298,-1,25.0
2024-02-08 14:13:08,-0.006907959062240856,70776.80155959455,-171761.72689465078,70787.19721004953,-171761.99585771572,70779.4476853944,-171761.8022672182,0,25.0
2024-02-08 14:13:09,-0.016517266732271177,70776.80155959455,-171761.72689465078,70787.19721004953,-171761.99585771572,70780.01363889471,-171761.8265224605,0,25.0
2024-02-08 14:13:09,0.08641362497256484,70776.80155959455,-171761.72689465078,70787.19721004953,-171761.99585771572,70780.57995941919,-171761.73820933874,-1,25.0
2024-02-08 14:13:10,0.05217400815465543,70776.80155959455,-171761.72689465078,70787.19721004953,-171761.99585771572,70780.97582994914,-171761.7827026347,-1,25.0
2024-02-08 14:13:10,0.09343890527212097,70776.80155959455,-171761.72689465078,70787.19721004953,-171761.99585771572,70781.44348375057,-171761.75352337354,-1,25.0
2024-02-08 14:13:11,0.11028337946415064,70776.80155959455,-171761.72689465078,70787.19721004953,-171761.99585771572,70781.98338584839,-171761.75064196254,-2,25.0
2024-02-08 14:13:11,0.17777435525968358,70776.80155959455,-171761.72689465078,70787.19721004953,-171761.99585771572,70782.36725293042,-171761.6930600616,-2,25.0
2024-02-08 14:13:12,0.3333952858990001,70776.80155959455,-171761.72689465078,70787.19721004953,-171761.99585771572,70782.85486687797,-171761.55000292065,-4,25.0
2024-02-08 14:13:12,0.3333952858990001,70776.80155959455,-171761.72689465078,70787.19721004953,-171761.99585771572,70782.85486687797,-171761.55000292065,-4,25.0
2024-02-08 14:13:13,0.45102013917481587,70776.80155959455,-171761.72689465078,70787.19721004953,-171761.99585771572,70783.76252677958,-171761.45582227563,-5,25.0
2024-02-08 14:13:13,0.4624749599065985,70776.80155959455,-171761.72689465078,70787.19721004953,-171761.99585771572,70784.31208361022,-171761.45858211524,-5,25.0
2024-02-08 14:13:14,0.5658908001519437,70776.80155959455,-171761.72689465078,70787.19721004953,-171761.99585771572,70784.76333535461,-171761.36680674794,-6,25.0
2024-02-08 14:13:14,0.6470516854466118,70776.80155959455,-171761.72689465078,70787.19721004953,-171761.99585771572,70785.04365717698,-171761.29287137234,-7,25.0
2024-02-08 14:13:15,0.5903469452137725,70776.80155959455,-171761.72689465078,70787.19721004953,-171761.99585771572,70785.41698971081,-171761.35925419172,-6,25.0
2024-02-08 14:13:16,0.4823031191881479,70776.80155959455,-171761.72689465078,70787.19721004953,-171761.99585771572,70785.98366747708,-171761.48199563127,-5,25.0
timestamp,直線との距離:,startx:,starty:,goalx:,goaly:,x:,y:,操作量,sp
2024-02-08 14:13:16,-0.0,70786.29171739766,-171761.4923876788,70786.83232565675,-171756.73123756476,70786.29171739766,-171761.4923876788,-90,20.0
2024-02-08 14:13:17,-0.5311703264600697,70786.29171739766,-171761.4923876788,70786.83232565675,-171756.73123756476,70786.80515540566,-171761.67861612435,-90,20.0
2024-02-08 14:13:17,-1.039326329565042,70786.29171739766,-171761.4923876788,70786.83232565675,-171756.73123756476,70787.3076322358,-171761.7573898192,-90,20.0
2024-02-08 14:13:18,-1.3213237557989952,70786.29171739766,-171761.4923876788,70786.83232565675,-171756.73123756476,70787.5955991481,-171761.72077493928,-90,20.0
2024-02-08 14:13:18,-1.6996621731623611,70786.29171739766,-171761.4923876788,70786.83232565675,-171756.73123756476,70787.97798606244,-171761.70653029476,-90,20.0
2024-02-08 14:13:19,-1.894726414604864,70786.29171739766,-171761.4923876788,70786.83232565675,-171756.73123756476,70788.18842033447,-171761.58220495036,-90,20.0
2024-02-08 14:13:19,-1.9294907408067257,70786.29171739766,-171761.4923876788,70786.83232565675,-171756.73123756476,70788.22980425706,-171761.5258733533,-90,20.0
2024-02-08 14:13:20,-1.9620813527658478,70786.29171739766,-171761.4923876788,70786.83232565675,-171756.73123756476,70788.2810783733,-171761.36317161247,-90,20.0
2024-02-08 14:13:20,-1.885030687616242,70786.29171739766,-171761.4923876788,70786.83232565675,-171756.73123756476,70788.26691792997,-171760.80493551836,-90,20.0
2024-02-08 14:13:21,-1.8901911785048398,70786.29171739766,-171761.4923876788,70786.83232565675,-171756.73123756476,70788.30749587106,-171760.49330520877,-90,20.0
2024-02-08 14:13:22,-1.8994404978778034,70786.29171739766,-171761.4923876788,70786.83232565675,-171756.73123756476,70788.37622817434,-171759.96996054848,-90,20.0
2024-02-08 14:13:22,-1.8268611333047893,70786.29171739766,-171761.4923876788,70786.83232565675,-171756.73123756476,70788.33940257969,-171759.65096888307,-90,20.0
2024-02-08 14:13:23,-1.8268611333047893,70786.29171739766,-171761.4923876788,70786.83232565675,-171756.73123756476,70788.33940257969,-171759.65096888307,-90,20.0
2024-02-08 14:13:23,-1.5857908792873556,70786.29171739766,-171761.4923876788,70786.83232565675,-171756.73123756476,70788.15915756674,-171759.10163708447,-90,20.0
2024-02-08 14:13:24,-1.49599340605702,70786.29171739766,-171761.4923876788,70786.83232565675,-171756.73123756476,70788.17188844741,-171758.19358563982,-90,20.0
2024-02-08 14:13:24,-1.4073723460506842,70786.29171739766,-171761.4923876788,70786.83232565675,-171756.73123756476,70788.14103985036,-171757.67976699193,-90,20.0
2024-02-08 14:13:25,-1.3955634410228472,70786.29171739766,-171761.4923876788,70786.83232565675,-171756.73123756476,70788.17304329737,-171757.29324226137,-90,20.0
timestamp,直線との距離:,startx:,starty:,goalx:,goaly:,x:,y:,操作量,sp
2024-02-08 14:13:25,0.0,70788.24392940919,-171756.8065333137,70776.4814323835,-171757.37363069097,70788.24392940919,-171756.8065333137,-2,25.0
2024-02-08 14:13:26,-0.34707563752394305,70788.24392940919,-171756.8065333137,70776.4814323835,-171757.37363069097,70788.08418152457,-171756.4667563516,3,25.0
2024-02-08 14:13:26,-0.3165649903332574,70788.24392940919,-171756.8065333137,70776.4814323835,-171757.37363069097,70788.05009380169,-171756.49894588665,3,25.0
2024-02-08 14:13:27,-0.29884423897845214,70788.24392940919,-171756.8065333137,70776.4814323835,-171757.37363069097,70788.06384063506,-171756.51602445453,2,25.0
2024-02-08 14:13:27,-0.6083493427693669,70788.24392940919,-171756.8065333137,70776.4814323835,-171757.37363069097,70787.80278957944,-171756.21874572765,6,25.0
2024-02-08 14:13:28,-0.7198906923620089,70788.24392940919,-171756.8065333137,70776.4814323835,-171757.37363069097,70787.54909155486,-171756.119306191,7,25.0
2024-02-08 14:13:28,-0.6996724067714859,70788.24392940919,-171756.8065333137,70776.4814323835,-171757.37363069097,70787.06444594126,-171756.16291385473,6,25.0
2024-02-08 14:13:29,-0.7320473814964972,70788.24392940919,-171756.8065333137,70776.4814323835,-171757.37363069097,70786.45140758167,-171756.1600572823,7,25.0
2024-02-08 14:13:30,-0.7135847500917217,70788.24392940919,-171756.8065333137,70776.4814323835,-171757.37363069097,70785.99840059665,-171756.20038188063,7,25.0
2024-02-08 14:13:30,-0.7523498062023984,70788.24392940919,-171756.8065333137,70776.4814323835,-171757.37363069097,70785.32431420776,-171756.19407107215,7,25.0
2024-02-08 14:13:31,-0.7581572839036319,70788.24392940919,-171756.8065333137,70776.4814323835,-171757.37363069097,70784.63672103942,-171756.22140731695,7,25.0
2024-02-08 14:13:31,-0.7509151647147185,70788.24392940919,-171756.8065333137,70776.4814323835,-171757.37363069097,70784.00051355668,-171756.25933089264,7,25.0
