timestamp,直線との距離:,startx:,starty:,goalx:,goaly:,x:,y:,操作量,sp
2024-01-26 17:12:25,-0.0,70780.8444017031,-171749.76498700038,70774.48352805714,-171732.16460188924,70780.8444017031,-171749.76498700038,0,15.0
timestamp,直線との距離:,startx:,starty:,goalx:,goaly:,x:,y:,操作量,sp
2024-01-26 17:12:25,-0.0,70780.8444017031,-171749.76498700038,70774.48352805714,-171732.16460188924,70780.8444017031,-171749.76498700038,0,15.0
2024-01-26 17:12:26,-0.0,70780.8444017031,-171749.76498700038,70774.48352805714,-171732.16460188924,70780.8444017031,-171749.76498700038,0,15.0
2024-01-26 17:12:26,-0.11446766592462997,70780.8444017031,-171749.76498700038,70774.48352805714,-171732.16460188924,70780.91720503646,-171749.62965279035,0,15.0
2024-01-26 17:12:27,-0.20984611519221413,70780.8444017031,-171749.76498700038,70774.48352805714,-171732.16460188924,70780.91258538385,-171749.33625407802,0,15.0
2024-01-26 17:12:27,-0.30938797158768955,70780.8444017031,-171749.76498700038,70774.48352805714,-171732.16460188924,70780.80091093264,-171748.73438799608,0,15.0
2024-01-26 17:12:28,-0.34832869978119935,70780.8444017031,-171749.76498700038,70774.48352805714,-171732.16460188924,70780.70576688903,-171748.35655783777,1,15.0
2024-01-26 17:12:28,-0.4061201534187809,70780.8444017031,-171749.76498700038,70774.48352805714,-171732.16460188924,70780.51426148936,-171747.6566367407,1,15.0
2024-01-26 17:12:29,-0.39803533271620567,70780.8444017031,-171749.76498700038,70774.48352805714,-171732.16460188924,70780.26129858034,-171746.98048105833,1,15.0
2024-01-26 17:12:29,-0.42323566651049294,70780.8444017031,-171749.76498700038,70774.48352805714,-171732.16460188924,70780.1243979187,-171746.52753742848,2,15.0
2024-01-26 17:12:30,-0.44713463831970474,70780.8444017031,-171749.76498700038,70774.48352805714,-171732.16460188924,70779.88625284696,-171745.79828172174,2,15.0
2024-01-26 17:12:30,-0.3646007560030757,70780.8444017031,-171749.76498700038,70774.48352805714,-171732.16460188924,70779.5475503669,-171745.10392586546,2,15.0
2024-01-26 17:12:31,-0.3076676918141575,70780.8444017031,-171749.76498700038,70774.48352805714,-171732.16460188924,70779.32556909908,-171744.6572137543,2,15.0
2024-01-26 17:12:31,-0.20378645951172325,70780.8444017031,-171749.76498700038,70774.48352805714,-171732.16460188924,70778.9533841964,-171743.93301961507,2,15.0
2024-01-26 17:12:32,-0.12965866150193922,70780.8444017031,-171749.76498700038,70774.48352805714,-171732.16460188924,70778.62105398087,-171743.23156382996,2,15.0
2024-01-26 17:12:33,-0.04850817731398294,70780.8444017031,-171749.76498700038,70774.48352805714,-171732.16460188924,70778.35481641346,-171742.7336465087,2,15.0
2024-01-26 17:12:33,0.17792774172296635,70780.8444017031,-171749.76498700038,70774.48352805714,-171732.16460188924,70777.88059410847,-171742.087689715,2,15.0
2024-01-26 17:12:34,0.39828598897122885,70780.8444017031,-171749.76498700038,70774.48352805714,-171732.16460188924,70777.41394393501,-171741.44480349895,1,15.0
2024-01-26 17:12:34,0.5421560922385443,70780.8444017031,-171749.76498700038,70774.48352805714,-171732.16460188924,70777.10392626378,-171741.0102772454,1,15.0
2024-01-26 17:12:35,0.7958149645828128,70780.8444017031,-171749.76498700038,70774.48352805714,-171732.16460188924,70776.62306312751,-171740.42603902574,0,15.0
2024-01-26 17:12:35,1.1028282574168646,70780.8444017031,-171749.76498700038,70774.48352805714,-171732.16460188924,70776.07640855112,-171739.8167333575,-2,15.0
2024-01-26 17:12:36,1.5469742737197927,70780.8444017031,-171749.76498700038,70774.48352805714,-171732.16460188924,70775.23067395356,-171738.78334337278,-3,15.0
2024-01-26 17:12:36,1.5469742737197927,70780.8444017031,-171749.76498700038,70774.48352805714,-171732.16460188924,70775.23067395356,-171738.78334337278,-5,15.0
2024-01-26 17:12:37,2.299987382784594,70780.8444017031,-171749.76498700038,70774.48352805714,-171732.16460188924,70774.1894508094,-171738.1177698471,-7,15.0
2024-01-26 17:12:37,2.299987382784594,70780.8444017031,-171749.76498700038,70774.48352805714,-171732.16460188924,70774.1894508094,-171738.1177698471,-9,15.0
2024-01-26 17:12:38,2.7735892840582634,70780.8444017031,-171749.76498700038,70774.48352805714,-171732.16460188924,70773.62477371449,-171737.9487224252,-12,15.0
2024-01-26 17:12:38,3.2943039542071024,70780.8444017031,-171749.76498700038,70774.48352805714,-171732.16460188924,70773.06351713612,-171737.9277516023,-15,15.0
2024-01-26 17:12:39,3.8261544423348397,70780.8444017031,-171749.76498700038,70774.48352805714,-171732.16460188924,70772.54506251028,-171738.05797583383,-18,15.0
2024-01-26 17:12:39,4.566570736349578,70780.8444017031,-171749.76498700038,70774.48352805714,-171732.16460188924,70771.8439815992,-171738.29650619818,-22,15.0
2024-01-26 17:12:40,4.874094018422461,70780.8444017031,-171749.76498700038,70774.48352805714,-171732.16460188924,70771.57058411176,-171738.44479681086,-26,15.0
2024-01-26 17:12:41,5.156123474249578,70780.8444017031,-171749.76498700038,70774.48352805714,-171732.16460188924,70771.34732847137,-171738.65682244347,-30,15.0
2024-01-26 17:12:41,5.66069914292827,70780.8444017031,-171749.76498700038,70774.48352805714,-171732.16460188924,70770.96303506443,-171739.07802136368,-35,15.0
2024-01-26 17:12:42,6.0055321533268655,70780.8444017031,-171749.76498700038,70774.48352805714,-171732.16460188924,70770.72717677464,-171739.43995228357,-40,15.0
2024-01-26 17:12:42,6.17115148569663,70780.8444017031,-171749.76498700038,70774.48352805714,-171732.16460188924,70770.61164874883,-171739.60756338458,-44,15.0
2024-01-26 17:12:43,6.293808547402574,70780.8444017031,-171749.76498700038,70774.48352805714,-171732.16460188924,70770.55136915571,-171739.8016447895,-49,15.0
2024-01-26 17:12:43,6.514559118760518,70780.8444017031,-171749.76498700038,70774.48352805714,-171732.16460188924,70770.50383272127,-171740.31959052687,-54,15.0
2024-01-26 17:12:44,6.751464645109186,70780.8444017031,-171749.76498700038,70774.48352805714,-171732.16460188924,70770.3361822965,-171740.5527137818,-59,15.0
2024-01-26 17:12:44,7.527632282251657,70780.8444017031,-171749.76498700038,70774.48352805714,-171732.16460188924,70769.58682562326,-171740.7628515347,-65,15.0
2024-01-26 17:12:45,8.176884287716131,70780.8444017031,-171749.76498700038,70774.48352805714,-171732.16460188924,70768.88379364254,-171740.72776572037,-72,15.0
2024-01-26 17:12:45,8.269612528894925,70780.8444017031,-171749.76498700038,70774.48352805714,-171732.16460188924,70768.75008891564,-171740.63062691665,-78,15.0
2024-01-26 17:12:46,7.9930269788551,70780.8444017031,-171749.76498700038,70774.48352805714,-171732.16460188924,70768.77644557,-171739.88980320713,-83,15.0
2024-01-26 17:12:46,7.9620787255963155,70780.8444017031,-171749.76498700038,70774.48352805714,-171732.16460188924,70768.7706998554,-171739.78285102293,-89,15.0
2024-01-26 17:12:47,8.194471978353981,70780.8444017031,-171749.76498700038,70774.48352805714,-171732.16460188924,70768.48709756529,-171739.68186252547,-95,15.0
2024-01-26 17:12:47,8.518970738371435,70780.8444017031,-171749.76498700038,70774.48352805714,-171732.16460188924,70768.10404997802,-171739.57669807927,-90,15.0
2024-01-26 17:12:48,8.339561315426867,70780.8444017031,-171749.76498700038,70774.48352805714,-171732.16460188924,70768.27205387966,-171739.51371416665,-90,15.0
2024-01-26 17:12:48,8.361955203431542,70780.8444017031,-171749.76498700038,70774.48352805714,-171732.16460188924,70768.19346311505,-171739.362141237,-90,15.0
2024-01-26 17:12:49,8.383892437352497,70780.8444017031,-171749.76498700038,70774.48352805714,-171732.16460188924,70768.18962214336,-171739.41605565717,-90,15.0
2024-01-26 17:12:49,8.040915691107557,70780.8444017031,-171749.76498700038,70774.48352805714,-171732.16460188924,70768.57957916848,-171739.48597362827,-90,15.0
2024-01-26 17:12:50,7.888576453416398,70780.8444017031,-171749.76498700038,70774.48352805714,-171732.16460188924,70768.72330426557,-171739.43545497576,-90,15.0
2024-01-26 17:12:51,6.995438773860053,70780.8444017031,-171749.76498700038,70774.48352805714,-171732.16460188924,70769.572048539,-171739.1561787141,-90,15.0
2024-01-26 17:12:51,6.995438773860053,70780.8444017031,-171749.76498700038,70774.48352805714,-171732.16460188924,70769.572048539,-171739.1561787141,-90,15.0
2024-01-26 17:12:52,5.957655754695492,70780.8444017031,-171749.76498700038,70774.48352805714,-171732.16460188924,70770.46403427106,-171738.5709844621,-90,15.0
2024-01-26 17:12:52,5.401632815596449,70780.8444017031,-171749.76498700038,70774.48352805714,-171732.16460188924,70770.92489854059,-171738.21029048678,-90,15.0
2024-01-26 17:12:53,3.847014889642481,70780.8444017031,-171749.76498700038,70774.48352805714,-171732.16460188924,70772.14663258902,-171737.016904025,-90,15.0
2024-01-26 17:12:53,3.847014889642481,70780.8444017031,-171749.76498700038,70774.48352805714,-171732.16460188924,70772.14663258902,-171737.016904025,-90,15.0
2024-01-26 17:12:54,3.0517471311606648,70780.8444017031,-171749.76498700038,70774.48352805714,-171732.16460188924,70772.53456107428,-171735.7505079983,-90,15.0
2024-01-26 17:12:54,3.0517471311606648,70780.8444017031,-171749.76498700038,70774.48352805714,-171732.16460188924,70772.53456107428,-171735.7505079983,-90,15.0
2024-01-26 17:12:55,2.3649676634203023,70780.8444017031,-171749.76498700038,70774.48352805714,-171732.16460188924,70773.15208482604,-171735.4385837415,-90,15.0
2024-01-26 17:12:55,1.995200898594766,70780.8444017031,-171749.76498700038,70774.48352805714,-171732.16460188924,70773.45615807203,-171735.19204350864,-90,15.0
2024-01-26 17:12:56,1.8150753622212443,70780.8444017031,-171749.76498700038,70774.48352805714,-171732.16460188924,70773.57392106028,-171734.98793728917,-90,15.0
2024-01-26 17:12:56,0.8886577307490154,70780.8444017031,-171749.76498700038,70774.48352805714,-171732.16460188924,70775.48611312026,-171737.55328149503,-90,15.0
2024-01-26 17:12:57,0.5731599759116623,70780.8444017031,-171749.76498700038,70774.48352805714,-171732.16460188924,70776.23408788086,-171738.69467286376,-90,15.0
2024-01-26 17:12:57,0.08155896825602275,70780.8444017031,-171749.76498700038,70774.48352805714,-171732.16460188924,70776.78156722095,-171738.76317871452,-90,15.0
2024-01-26 17:12:58,-0.2946005544280211,70780.8444017031,-171749.76498700038,70774.48352805714,-171732.16460188924,70777.2648780914,-171738.99377634327,-90,15.0
2024-01-26 17:12:58,-0.2980038717595201,70780.8444017031,-171749.76498700038,70774.48352805714,-171732.16460188924,70777.20961752486,-171738.8308586605,-90,15.0
2024-01-26 17:12:59,-0.5427792935088476,70780.8444017031,-171749.76498700038,70774.48352805714,-171732.16460188924,70777.50313765973,-171738.92285958808,-90,15.0
2024-01-26 17:12:59,-2.0294699400004217,70780.8444017031,-171749.76498700038,70774.48352805714,-171732.16460188924,70779.52269941974,-171740.136894511,-90,15.0
2024-01-26 17:13:00,-2.239097214922172,70780.8444017031,-171749.76498700038,70774.48352805714,-171732.16460188924,70779.82491570384,-171740.35636805734,-90,15.0
2024-01-26 17:13:01,-2.8641553216458204,70780.8444017031,-171749.76498700038,70774.48352805714,-171732.16460188924,70780.67144746706,-171740.85969604348,-90,15.0
2024-01-26 17:13:01,-3.004031030325359,70780.8444017031,-171749.76498700038,70774.48352805714,-171732.16460188924,70780.97876665306,-171741.2985076999,-90,15.0
2024-01-26 17:13:02,-3.692628988522161,70780.8444017031,-171749.76498700038,70774.48352805714,-171732.16460188924,70781.99967950594,-171742.09740118563,-90,15.0
2024-01-26 17:13:02,-3.692628988522161,70780.8444017031,-171749.76498700038,70774.48352805714,-171732.16460188924,70781.99967950594,-171742.09740118563,-90,15.0
