timestamp,直線との距離:,startx:,starty:,goalx:,goaly:,x:,y:,操作量,sp
2024-02-09 11:59:10,0.0,70787.06658305752,-171738.40101253247,70772.9149468953,-171738.43357661384,70787.06658305752,-171738.40101253247,0,20.0
timestamp,直線との距離:,startx:,starty:,goalx:,goaly:,x:,y:,操作量,sp
2024-02-09 11:59:10,0.0,70787.06658305752,-171738.40101253247,70772.9149468953,-171738.43357661384,70787.06658305752,-171738.40101253247,0,20.0
2024-02-09 11:59:10,0.017071157376307773,70787.06658305752,-171738.40101253247,70772.9149468953,-171738.43357661384,70787.06168326833,-171738.41809500987,-1,20.0
2024-02-09 11:59:11,0.04797401517717465,70787.06658305752,-171738.40101253247,70772.9149468953,-171738.43357661384,70786.82741103218,-171738.4495370292,-1,20.0
2024-02-09 11:59:12,0.04797401517717465,70787.06658305752,-171738.40101253247,70772.9149468953,-171738.43357661384,70786.82741103218,-171738.4495370292,-1,20.0
2024-02-09 11:59:12,0.047504473031236526,70787.06658305752,-171738.40101253247,70772.9149468953,-171738.43357661384,70786.24951144333,-171738.45039728042,-1,20.0
2024-02-09 11:59:13,0.06449121310815306,70787.06658305752,-171738.40101253247,70772.9149468953,-171738.43357661384,70785.02698708132,-171738.47019719478,-1,20.0
2024-02-09 11:59:13,0.054837923280469845,70787.06658305752,-171738.40101253247,70772.9149468953,-171738.43357661384,70784.25074150534,-171738.46233008447,-1,20.0
2024-02-09 11:59:14,0.06343592823911216,70787.06658305752,-171738.40101253247,70772.9149468953,-171738.43357661384,70783.74422810838,-171738.47209364126,-1,20.0
2024-02-09 11:59:14,0.06343592823911216,70787.06658305752,-171738.40101253247,70772.9149468953,-171738.43357661384,70783.74422810838,-171738.47209364126,-1,20.0
2024-02-09 11:59:15,0.1418834274313825,70787.06658305752,-171738.40101253247,70772.9149468953,-171738.43357661384,70782.14433012974,-171738.55422284527,-2,20.0
2024-02-09 11:59:15,0.16263540294468132,70787.06658305752,-171738.40101253247,70772.9149468953,-171738.43357661384,70781.59886519908,-171738.5762300355,-2,20.0
2024-02-09 11:59:16,0.21257245843100536,70787.06658305752,-171738.40101253247,70772.9149468953,-171738.43357661384,70781.0619223917,-171738.62740277287,-3,20.0
2024-02-09 11:59:16,0.24452129601977077,70787.06658305752,-171738.40101253247,70772.9149468953,-171738.43357661384,70780.52877324868,-171738.66057851515,-3,20.0
2024-02-09 11:59:17,0.2999394778866743,70787.06658305752,-171738.40101253247,70772.9149468953,-171738.43357661384,70779.74125924057,-171738.7178089784,-4,20.0
2024-02-09 11:59:17,0.3629766592092509,70787.06658305752,-171738.40101253247,70772.9149468953,-171738.43357661384,70778.95012064082,-171738.78266680174,-5,20.0
2024-02-09 11:59:18,0.3729134649969535,70787.06658305752,-171738.40101253247,70772.9149468953,-171738.43357661384,70778.46171857232,-171738.79372748727,-4,20.0
2024-02-09 11:59:19,0.4074693162913686,70787.06658305752,-171738.40101253247,70772.9149468953,-171738.43357661384,70777.73760947869,-171738.82994966474,-5,20.0
2024-02-09 11:59:19,0.4192470904780516,70787.06658305752,-171738.40101253247,70772.9149468953,-171738.43357661384,70776.56534956887,-171738.8444249368,-5,20.0
2024-02-09 11:59:20,0.39943176522242047,70787.06658305752,-171738.40101253247,70772.9149468953,-171738.43357661384,70776.09350973922,-171738.82569530144,-4,20.0
2024-02-09 11:59:20,0.39943176522242047,70787.06658305752,-171738.40101253247,70772.9149468953,-171738.43357661384,70776.09350973922,-171738.82569530144,-4,20.0
2024-02-09 11:59:21,0.3793274826817222,70787.06658305752,-171738.40101253247,70772.9149468953,-171738.43357661384,70774.87883562534,-171738.80838603093,-4,20.0
2024-02-09 11:59:21,0.31816958158986314,70787.06658305752,-171738.40101253247,70772.9149468953,-171738.43357661384,70774.154304742,-171738.74889517322,-3,20.0
timestamp,直線との距離:,startx:,starty:,goalx:,goaly:,x:,y:,操作量,sp
2024-02-09 11:59:22,-0.5011396797231199,70773.67182429373,-171738.72194197355,70767.81304474265,-171743.65567093433,70772.9706857457,-171738.65721511756,10,20.0
2024-02-09 11:59:22,-0.5011396797231199,70773.67182429373,-171738.72194197355,70767.81304474265,-171743.65567093433,70772.9706857457,-171738.65721511756,5,20.0
2024-02-09 11:59:23,-0.7955653366227083,70773.67182429373,-171738.72194197355,70767.81304474265,-171743.65567093433,70772.35804597982,-171738.78820890206,10,20.0
2024-02-09 11:59:23,-0.9145034738278638,70773.67182429373,-171738.72194197355,70767.81304474265,-171743.65567093433,70771.98222079159,-171738.94920154673,9,20.0
2024-02-09 11:59:24,-1.0884274456778562,70773.67182429373,-171738.72194197355,70767.81304474265,-171743.65567093433,70771.39604263622,-171739.21544887277,12,20.0
2024-02-09 11:59:24,-1.0884274456778562,70773.67182429373,-171738.72194197355,70767.81304474265,-171743.65567093433,70771.39604263622,-171739.21544887277,10,20.0
2024-02-09 11:59:25,-1.3034661852638298,70773.67182429373,-171738.72194197355,70767.81304474265,-171743.65567093433,70770.43193493405,-171739.74620281698,14,20.0
2024-02-09 11:59:25,-1.4175979331585573,70773.67182429373,-171738.72194197355,70767.81304474265,-171743.65567093433,70769.87006113285,-171740.07015221042,14,20.0
2024-02-09 11:59:26,-1.468650480015828,70773.67182429373,-171738.72194197355,70767.81304474265,-171743.65567093433,70769.36013222417,-171740.43282454278,15,20.0
2024-02-09 11:59:26,-1.4816855214423212,70773.67182429373,-171738.72194197355,70767.81304474265,-171743.65567093433,70769.05013731532,-171740.6768326617,14,20.0
2024-02-09 11:59:27,-1.477770591565841,70773.67182429373,-171738.72194197355,70767.81304474265,-171743.65567093433,70768.56961539658,-171741.08660248588,14,20.0
2024-02-09 11:59:28,-1.4350562177102884,70773.67182429373,-171738.72194197355,70767.81304474265,-171743.65567093433,70768.11312207178,-171741.52686182343,14,20.0
2024-02-09 11:59:28,-1.4123720617607929,70773.67182429373,-171738.72194197355,70767.81304474265,-171743.65567093433,70767.7976146958,-171741.82220929855,13,20.0
2024-02-09 11:59:29,-1.32640906441364,70773.67182429373,-171738.72194197355,70767.81304474265,-171743.65567093433,70767.41197423622,-171742.25934363125,12,20.0
timestamp,直線との距離:,startx:,starty:,goalx:,goaly:,x:,y:,操作量,sp
2024-02-09 11:59:29,0.0,70767.15726853268,-171742.5744401136,70767.4504649894,-171758.08261034725,70767.15726853268,-171742.5744401136,-10,20.0
2024-02-09 11:59:30,-0.2764969588228719,70767.15726853268,-171742.5744401136,70767.4504649894,-171758.08261034725,70766.88781625673,-171742.9496711327,4,20.0
2024-02-09 11:59:30,-0.5366260378965579,70767.15726853268,-171742.5744401136,70767.4504649894,-171758.08261034725,70766.63461616343,-171743.3186278226,7,20.0
2024-02-09 11:59:31,-0.9814113121182266,70767.15726853268,-171742.5744401136,70767.4504649894,-171758.08261034725,70766.20058027789,-171743.8914041711,12,20.0
2024-02-09 11:59:31,-1.4013376897607266,70767.15726853268,-171742.5744401136,70767.4504649894,-171758.08261034725,70765.79101101677,-171744.44319692513,16,20.0
2024-02-09 11:59:32,-1.8175414559051066,70767.15726853268,-171742.5744401136,70767.4504649894,-171758.08261034725,70765.38511882431,-171744.99254557546,21,20.0
2024-02-09 11:59:32,-2.084347628366425,70767.15726853268,-171742.5744401136,70767.4504649894,-171758.08261034725,70765.12456280855,-171745.32565977017,22,20.0
2024-02-09 11:59:33,-2.6296524450867094,70767.15726853268,-171742.5744401136,70767.4504649894,-171758.08261034725,70764.59627638476,-171746.23097546457,30,20.0
2024-02-09 11:59:33,-2.8170035992634457,70767.15726853268,-171742.5744401136,70767.4504649894,-171758.08261034725,70764.4158952696,-171746.601415696,29,20.0
2024-02-09 11:59:34,-3.060042553558378,70767.15726853268,-171742.5744401136,70767.4504649894,-171758.08261034725,70764.18402304317,-171747.1943596202,32,20.0
2024-02-09 11:59:35,-3.218057316313833,70767.15726853268,-171742.5744401136,70767.4504649894,-171758.08261034725,70764.03741537977,-171747.79921396135,33,20.0
2024-02-09 11:59:35,-3.2934699240110366,70767.15726853268,-171742.5744401136,70767.4504649894,-171758.08261034725,70763.96970977218,-171748.20757654557,33,20.0
2024-02-09 11:59:36,-3.292543010913752,70767.15726853268,-171742.5744401136,70767.4504649894,-171758.08261034725,70763.9810513575,-171748.75843566138,32,20.0
2024-02-09 11:59:36,-3.265839488381623,70767.15726853268,-171742.5744401136,70767.4504649894,-171758.08261034725,70764.01727683218,-171749.26183209466,32,20.0
2024-02-09 11:59:37,-3.219850181073498,70767.15726853268,-171742.5744401136,70767.4504649894,-171758.08261034725,70764.06992870387,-171749.6138033714,31,20.0
2024-02-09 11:59:37,-3.0438953108170255,70767.15726853268,-171742.5744401136,70767.4504649894,-171758.08261034725,70764.256093012,-171750.15215254994,29,20.0
2024-02-09 11:59:38,-2.809458204821162,70767.15726853268,-171742.5744401136,70767.4504649894,-171758.08261034725,70764.5005673223,-171750.68083892166,26,20.0
2024-02-09 11:59:38,-2.6086984023315174,70767.15726853268,-171742.5744401136,70767.4504649894,-171758.08261034725,70764.70712329971,-171750.9855209659,24,20.0
2024-02-09 11:59:39,-2.2799348102998933,70767.15726853268,-171742.5744401136,70767.4504649894,-171758.08261034725,70765.04325271498,-171751.37201720756,20,20.0
2024-02-09 11:59:39,-1.9390400718558,70767.15726853268,-171742.5744401136,70767.4504649894,-171758.08261034725,70765.39077821253,-171751.71951871153,17,20.0
2024-02-09 11:59:40,-1.7011698241004674,70767.15726853268,-171742.5744401136,70767.4504649894,-171758.08261034725,70765.63246690523,-171751.91924103425,15,20.0
2024-02-09 11:59:40,-1.7011698241004674,70767.15726853268,-171742.5744401136,70767.4504649894,-171758.08261034725,70765.63246690523,-171751.91924103425,17,20.0
2024-02-09 11:59:41,-0.7981182511689853,70767.15726853268,-171742.5744401136,70767.4504649894,-171758.08261034725,70766.54732132069,-171752.5349982652,1,20.0
2024-02-09 11:59:42,-0.29729742674952875,70767.15726853268,-171742.5744401136,70767.4504649894,-171758.08261034725,70767.0531365432,-171752.7944353588,-1,20.0
2024-02-09 11:59:42,0.05007914871107592,70767.15726853268,-171742.5744401136,70767.4504649894,-171758.08261034725,70767.40351475072,-171752.94991856854,-3,20.0
2024-02-09 11:59:43,0.5543431911078576,70767.15726853268,-171742.5744401136,70767.4504649894,-171758.08261034725,70767.91126133656,-171753.12935591783,-10,20.0
2024-02-09 11:59:43,1.0393983980811834,70767.15726853268,-171742.5744401136,70767.4504649894,-171758.08261034725,70768.40012829301,-171753.3263876723,-14,20.0
2024-02-09 11:59:44,1.0393983980811834,70767.15726853268,-171742.5744401136,70767.4504649894,-171758.08261034725,70768.40012829301,-171753.3263876723,-11,20.0
2024-02-09 11:59:44,1.9129629415692035,70767.15726853268,-171742.5744401136,70767.4504649894,-171758.08261034725,70769.2807926477,-171753.6936640956,-26,20.0
2024-02-09 11:59:45,2.41874348336913,70767.15726853268,-171742.5744401136,70767.4504649894,-171758.08261034725,70769.79269787698,-171754.0128392075,-28,20.0
2024-02-09 11:59:45,2.771317324230039,70767.15726853268,-171742.5744401136,70767.4504649894,-171758.08261034725,70770.14977809005,-171754.24786418016,-31,20.0
2024-02-09 11:59:46,3.288121024691282,70767.15726853268,-171742.5744401136,70767.4504649894,-171758.08261034725,70770.67524701325,-171754.7013127579,-37,20.0
2024-02-09 11:59:46,3.695924592483333,70767.15726853268,-171742.5744401136,70767.4504649894,-171758.08261034725,70771.0932150233,-171755.235090501,-40,20.0
2024-02-09 11:59:47,3.695924592483333,70767.15726853268,-171742.5744401136,70767.4504649894,-171758.08261034725,70771.0932150233,-171755.235090501,-37,20.0
