timestamp,直線との距離:,startx:,starty:,goalx:,goaly:,x:,y:,操作量,sp
timestamp,直線との距離:,startx:,starty:,goalx:,goaly:,x:,y:,操作量,sp
2024-01-29 11:16:13,-0.0,70777.67528973352,-171749.5618016256,70774.48352805714,-171732.16460188924,70777.67528973352,-171749.5618016256,0,30.0
2024-01-29 11:16:13,-0.0,70777.67528973352,-171749.5618016256,70774.48352805714,-171732.16460188924,70777.67528973352,-171749.5618016256,0,30.0
2024-01-29 11:16:13,-0.0016841389098936304,70777.67528973352,-171749.5618016256,70774.48352805714,-171732.16460188924,70777.65675851237,-171749.4514614106,0,30.0
2024-01-29 11:16:14,0.012798524272728068,70777.67528973352,-171749.5618016256,70774.48352805714,-171732.16460188924,70777.61422682645,-171749.29989332377,-1,30.0
2024-01-29 11:16:14,0.004101748743315377,70777.67528973352,-171749.5618016256,70774.48352805714,-171732.16460188924,70777.60572773618,-171749.20537337815,-1,30.0
2024-01-29 11:16:15,-0.026310565141191754,70777.67528973352,-171749.5618016256,70774.48352805714,-171732.16460188924,70777.60580601431,-171749.03726624296,0,30.0
2024-01-29 11:16:15,-0.05350634730807948,70777.67528973352,-171749.5618016256,70774.48352805714,-171732.16460188924,70777.61594415696,-171748.94181681366,0,30.0
2024-01-29 11:16:16,-0.10287286918452455,70777.67528973352,-171749.5618016256,70774.48352805714,-171732.16460188924,70777.63071417395,-171748.7487521004,0,30.0
2024-01-29 11:16:16,-0.1495109512806639,70777.67528973352,-171749.5618016256,70774.48352805714,-171732.16460188924,70777.64230852242,-171748.55349791044,0,30.0
2024-01-29 11:16:17,-0.15725915464934478,70777.67528973352,-171749.5618016256,70774.48352805714,-171732.16460188924,70777.63952577527,-171748.49539242964,0,30.0
2024-01-29 11:16:17,-0.16698919953105826,70777.67528973352,-171749.5618016256,70774.48352805714,-171732.16460188924,70777.62617606964,-171748.36870744414,0,30.0
2024-01-29 11:16:18,-0.16517314760250118,70777.67528973352,-171749.5618016256,70774.48352805714,-171732.16460188924,70777.60117715802,-171748.24251082743,0,30.0
2024-01-29 11:16:18,-0.1563451195852817,70777.67528973352,-171749.5618016256,70774.48352805714,-171732.16460188924,70777.5615020291,-171748.07517695645,0,30.0
2024-01-29 11:16:19,-0.14906314071772067,70777.67528973352,-171749.5618016256,70774.48352805714,-171732.16460188924,70777.53827939874,-171747.98895238724,1,30.0
2024-01-29 11:16:19,-0.15794174083248944,70777.67528973352,-171749.5618016256,70774.48352805714,-171732.16460188924,70777.52033627768,-171747.84194865968,1,30.0
2024-01-29 11:16:20,-0.15928758553789207,70777.67528973352,-171749.5618016256,70774.48352805714,-171732.16460188924,70777.50197030467,-171747.73438385717,1,30.0
2024-01-29 11:16:20,-0.16700375682844537,70777.67528973352,-171749.5618016256,70774.48352805714,-171732.16460188924,70777.49556129772,-171747.6566903861,1,30.0
2024-01-29 11:16:21,-0.14864088186593147,70777.67528973352,-171749.5618016256,70774.48352805714,-171732.16460188924,70777.45587262826,-171747.54212130772,1,30.0
2024-01-29 11:16:22,-0.09327972051108216,70777.67528973352,-171749.5618016256,70774.48352805714,-171732.16460188924,70777.3670091457,-171747.3645479931,1,30.0
2024-01-29 11:16:22,-0.09327972051108216,70777.67528973352,-171749.5618016256,70774.48352805714,-171732.16460188924,70777.3670091457,-171747.3645479931,1,30.0
2024-01-29 11:16:23,-0.03160730623765342,70777.67528973352,-171749.5618016256,70774.48352805714,-171732.16460188924,70777.273876895,-171747.19868171617,1,30.0
2024-01-29 11:16:23,0.02802484468995885,70777.67528973352,-171749.5618016256,70774.48352805714,-171732.16460188924,70777.18250997935,-171747.03113129074,1,30.0
2024-01-29 11:16:24,0.0649786594221383,70777.67528973352,-171749.5618016256,70774.48352805714,-171732.16460188924,70777.1257859493,-171746.92673241295,1,30.0
2024-01-29 11:16:24,0.10808574102835357,70777.67528973352,-171749.5618016256,70774.48352805714,-171732.16460188924,70777.05651154576,-171746.78802487825,1,30.0
