timestamp,直線との距離:,startx:,starty:,goalx:,goaly:,x:,y:,操作量,sp
2024-02-09 14:00:45,-0.0,70788.83958810288,-171739.67882557053,70772.9149468953,-171738.43357661384,70788.83958810288,-171739.67882557053,0,20.0
2024-02-09 14:00:45,-0.0,70788.83958810288,-171739.67882557053,70772.9149468953,-171738.43357661384,70788.83958810288,-171739.67882557053,0,20.0
2024-02-09 14:00:45,0.01655409685805666,70788.83958810288,-171739.67882557053,70772.9149468953,-171738.43357661384,70788.83605174425,-171739.6951536713,-1,20.0
2024-02-09 14:00:46,0.07292543968946469,70788.83958810288,-171739.67882557053,70772.9149468953,-171738.43357661384,70788.70105571572,-171739.74114089968,-2,20.0
2024-02-09 14:00:47,0.13748557187909008,70788.83958810288,-171739.67882557053,70772.9149468953,-171738.43357661384,70788.32217233934,-171739.7762708126,-2,20.0
2024-02-09 14:00:47,0.24991439411783656,70788.83958810288,-171739.67882557053,70772.9149468953,-171738.43357661384,70787.55902147558,-171739.82936722488,-4,20.0
2024-02-09 14:00:48,0.3668645462606596,70788.83958810288,-171739.67882557053,70772.9149468953,-171738.43357661384,70786.6795571478,-171739.87790347985,-5,20.0
2024-02-09 14:00:48,0.431866873190239,70788.83958810288,-171739.67882557053,70772.9149468953,-171738.43357661384,70786.04833737337,-171739.8937451499,-5,20.0
2024-02-09 14:00:49,0.5050248322068706,70788.83958810288,-171739.67882557053,70772.9149468953,-171738.43357661384,70785.0457559241,-171739.88872821777,-6,20.0
2024-02-09 14:00:49,0.533485771547547,70788.83958810288,-171739.67882557053,70772.9149468953,-171738.43357661384,70783.99949644657,-171739.8354623577,-6,20.0
2024-02-09 14:00:50,0.5434955077005411,70788.83958810288,-171739.67882557053,70772.9149468953,-171738.43357661384,70783.29060142716,-171739.79006964108,-6,20.0
2024-02-09 14:00:50,0.5171685456667643,70788.83958810288,-171739.67882557053,70772.9149468953,-171738.43357661384,70782.22512299386,-171739.68034577757,-5,20.0
2024-02-09 14:00:51,0.45434707610972463,70788.83958810288,-171739.67882557053,70772.9149468953,-171738.43357661384,70781.1863048235,-171739.53610073612,-5,20.0
2024-02-09 14:00:51,0.3753194170090494,70788.83958810288,-171739.67882557053,70772.9149468953,-171738.43357661384,70780.49708621859,-171739.4029374459,-4,20.0
2024-02-09 14:00:52,0.21828383703026955,70788.83958810288,-171739.67882557053,70772.9149468953,-171738.43357661384,70779.46965883757,-171739.16508140715,-2,20.0
2024-02-09 14:00:52,-0.046526193340437956,70788.83958810288,-171739.67882557053,70772.9149468953,-171738.43357661384,70778.4839462779,-171738.82238386464,2,20.0
2024-02-09 14:00:53,-0.23500444608980314,70788.83958810288,-171739.67882557053,70772.9149468953,-171738.43357661384,70777.84918661896,-171738.5836943549,3,20.0
2024-02-09 14:00:54,-0.5506016788877744,70788.83958810288,-171739.67882557053,70772.9149468953,-171738.43357661384,70776.91619733865,-171738.19417734156,7,20.0
2024-02-09 14:00:54,-0.8759147851240868,70788.83958810288,-171739.67882557053,70772.9149468953,-171738.43357661384,70776.07257432133,-171737.80190291177,11,20.0
2024-02-09 14:00:55,-1.2271223996270468,70788.83958810288,-171739.67882557053,70772.9149468953,-171738.43357661384,70775.21908276516,-171737.38288324236,14,20.0
2024-02-09 14:00:55,-1.4497019601480512,70788.83958810288,-171739.67882557053,70772.9149468953,-171738.43357661384,70774.64668418736,-171737.11486473406,16,20.0
2024-02-09 14:00:56,-1.8378926889347689,70788.83958810288,-171739.67882557053,70772.9149468953,-171738.43357661384,70773.8065381047,-171736.65979262034,21,20.0
2024-02-09 14:00:56,-2.1479183954211134,70788.83958810288,-171739.67882557053,70772.9149468953,-171738.43357661384,70772.89830494042,-171736.27779997952,23,20.0
2024-02-09 14:00:57,-2.3916182748476373,70788.83958810288,-171739.67882557053,70772.9149468953,-171738.43357661384,70771.96001032979,-171735.95998494138,25,20.0
2024-02-09 14:00:57,-2.496781975624751,70788.83958810288,-171739.67882557053,70772.9149468953,-171738.43357661384,70771.3328225144,-171735.80545640652,25,20.0
2024-02-09 14:00:58,-2.6031666023783933,70788.83958810288,-171739.67882557053,70772.9149468953,-171738.43357661384,70770.39043660165,-171735.62505587508,26,20.0
2024-02-09 14:00:58,-2.563188371812994,70788.83958810288,-171739.67882557053,70772.9149468953,-171738.43357661384,70769.48164858404,-171735.59409223238,25,20.0
2024-02-09 14:00:59,-2.401537700899384,70788.83958810288,-171739.67882557053,70772.9149468953,-171738.43357661384,70768.5808221786,-171735.6857950256,22,20.0
2024-02-09 14:00:59,-2.235957043075127,70788.83958810288,-171739.67882557053,70772.9149468953,-171738.43357661384,70767.9979657639,-171735.80630389822,21,20.0
2024-02-09 14:01:00,-1.8914393123645847,70788.83958810288,-171739.67882557053,70772.9149468953,-171738.43357661384,70767.11025166471,-171736.08245731972,16,20.0
2024-02-09 14:01:01,-1.5940687068758113,70788.83958810288,-171739.67882557053,70772.9149468953,-171738.43357661384,70766.55041627234,-171736.3369586121,13,20.0
2024-02-09 14:01:01,-1.0460216425409132,70788.83958810288,-171739.67882557053,70772.9149468953,-171738.43357661384,70765.81845506017,-171736.82944198494,6,20.0
2024-02-09 14:01:02,0.06688517672909046,70788.83958810288,-171739.67882557053,70772.9149468953,-171738.43357661384,70764.78611134514,-171737.8650206285,-9,20.0
2024-02-09 14:01:02,0.4742105322220598,70788.83958810288,-171739.67882557053,70772.9149468953,-171738.43357661384,70764.42388814896,-171738.24526488126,-8,20.0
2024-02-09 14:01:03,1.0912742028503393,70788.83958810288,-171739.67882557053,70772.9149468953,-171738.43357661384,70763.79060120723,-171738.8146915144,-16,20.0
2024-02-09 14:01:03,1.5420042448296678,70788.83958810288,-171739.67882557053,70772.9149468953,-171738.43357661384,70763.35678095726,-171739.23287432516,-19,20.0
2024-02-09 14:01:04,1.9015732960522023,70788.83958810288,-171739.67882557053,70772.9149468953,-171738.43357661384,70762.9520835447,-171739.5618951601,-22,20.0
2024-02-09 14:01:04,2.443110319884675,70788.83958810288,-171739.67882557053,70772.9149468953,-171738.43357661384,70762.36111387833,-171740.05887364488,-29,20.0
2024-02-09 14:01:05,2.5167272309963145,70788.83958810288,-171739.67882557053,70772.9149468953,-171738.43357661384,70762.34676906193,-171740.13159357215,-26,20.0
2024-02-09 14:01:06,2.2212438234463128,70788.83958810288,-171739.67882557053,70772.9149468953,-171738.43357661384,70762.99416811332,-171739.88583239802,-21,20.0
2024-02-09 14:01:06,1.9089342388599067,70788.83958810288,-171739.67882557053,70772.9149468953,-171738.43357661384,70763.75089453545,-171739.6317426843,-17,20.0
2024-02-09 14:01:07,1.8714991034134405,70788.83958810288,-171739.67882557053,70772.9149468953,-171738.43357661384,70764.4903839795,-171739.65201865335,-19,20.0
