timestamp,直線との距離:,startx:,starty:,goalx:,goaly:,x:,y:,操作量,sp
2024-01-26 16:13:05,-0.0,70772.5477550887,-171742.4220484042,70774.48352805714,-171732.16460188924,70772.5477550887,-171742.4220484042,0,15.0
timestamp,直線との距離:,startx:,starty:,goalx:,goaly:,x:,y:,操作量,sp
2024-01-26 16:13:05,-0.0,70772.5477550887,-171742.4220484042,70774.48352805714,-171732.16460188924,70772.5477550887,-171742.4220484042,0,15.0
2024-01-26 16:13:05,-0.0,70772.5477550887,-171742.4220484042,70774.48352805714,-171732.16460188924,70772.5477550887,-171742.4220484042,0,15.0
2024-01-26 16:13:06,-0.000997160445000371,70772.5477550887,-171742.4220484042,70774.48352805714,-171732.16460188924,70772.54754657853,-171742.42853038758,0,15.0
2024-01-26 16:13:06,0.09973238281656159,70772.5477550887,-171742.4220484042,70774.48352805714,-171732.16460188924,70772.49938219208,-171742.14057181895,-1,15.0
2024-01-26 16:13:07,0.3317768853509005,70772.5477550887,-171742.4220484042,70774.48352805714,-171732.16460188924,70772.36997813199,-171741.57498746066,-5,15.0
2024-01-26 16:13:07,0.4895442747937944,70772.5477550887,-171742.4220484042,70774.48352805714,-171732.16460188924,70772.28840722538,-171741.15647414196,-10,15.0
2024-01-26 16:13:08,0.8416737759963909,70772.5477550887,-171742.4220484042,70774.48352805714,-171732.16460188924,70772.0519319805,-171740.51069900888,-18,15.0
2024-01-26 16:13:08,1.167880015740488,70772.5477550887,-171742.4220484042,70774.48352805714,-171732.16460188924,70771.79259941651,-171740.12583147173,-30,15.0
2024-01-26 16:13:09,2.298026850691939,70772.5477550887,-171742.4220484042,70774.48352805714,-171732.16460188924,70770.82002126794,-171739.18518543162,-53,15.0
2024-01-26 16:13:09,2.298026850691939,70772.5477550887,-171742.4220484042,70774.48352805714,-171732.16460188924,70770.82002126794,-171739.18518543162,-76,15.0
2024-01-26 16:13:10,2.6874126192967362,70772.5477550887,-171742.4220484042,70774.48352805714,-171732.16460188924,70770.48272334065,-171738.87275696616,-90,15.0
2024-01-26 16:13:10,3.22449050636243,70772.5477550887,-171742.4220484042,70774.48352805714,-171732.16460188924,70770.04160652225,-171738.3140349115,-90,15.0
2024-01-26 16:13:11,3.426934106484803,70772.5477550887,-171742.4220484042,70774.48352805714,-171732.16460188924,70769.9549858397,-171737.68136676538,-90,15.0
2024-01-26 16:13:12,3.3556563646801627,70772.5477550887,-171742.4220484042,70774.48352805714,-171732.16460188924,70770.09504769782,-171737.3235542372,-90,15.0
2024-01-26 16:13:12,2.7516664444544747,70772.5477550887,-171742.4220484042,70774.48352805714,-171732.16460188924,70770.77931413607,-171736.95467138605,-90,15.0
2024-01-26 16:13:13,2.423328157166069,70772.5477550887,-171742.4220484042,70774.48352805714,-171732.16460188924,70771.10407673601,-171737.00432931358,-90,15.0
2024-01-26 16:13:13,2.061736607336878,70772.5477550887,-171742.4220484042,70774.48352805714,-171732.16460188924,70771.45021221205,-171737.1200503995,-90,15.0
2024-01-26 16:13:14,1.6492816971700524,70772.5477550887,-171742.4220484042,70774.48352805714,-171732.16460188924,70771.7897477219,-171737.54502073483,-90,15.0
2024-01-26 16:13:14,1.547499925780763,70772.5477550887,-171742.4220484042,70774.48352805714,-171732.16460188924,70771.82183192333,-171737.92386048168,-90,15.0
2024-01-26 16:13:15,1.5585848270262979,70772.5477550887,-171742.4220484042,70774.48352805714,-171732.16460188924,70771.74604831479,-171738.26565495037,-90,15.0
2024-01-26 16:13:15,1.6646084965152124,70772.5477550887,-171742.4220484042,70774.48352805714,-171732.16460188924,70771.57868087092,-171738.58079200916,-90,15.0
2024-01-26 16:13:16,1.9384265375500855,70772.5477550887,-171742.4220484042,70774.48352805714,-171732.16460188924,70771.25206204578,-171738.8349662492,-90,15.0
2024-01-26 16:13:16,2.3435091522209865,70772.5477550887,-171742.4220484042,70774.48352805714,-171732.16460188924,70770.82885219908,-171738.8931314921,-90,15.0
2024-01-26 16:13:17,2.6350073140808226,70772.5477550887,-171742.4220484042,70774.48352805714,-171732.16460188924,70770.55362398711,-171738.77965387388,-90,15.0
2024-01-26 16:13:17,3.1952190896564354,70772.5477550887,-171742.4220484042,70774.48352805714,-171732.16460188924,70770.12028536321,-171738.0549683131,-90,15.0
2024-01-26 16:13:18,3.2381213419503205,70772.5477550887,-171742.4220484042,70774.48352805714,-171732.16460188924,70770.1378379959,-171737.73061176037,-90,15.0
2024-01-26 16:13:18,3.121708277979175,70772.5477550887,-171742.4220484042,70774.48352805714,-171732.16460188924,70770.3088672527,-171737.45209517135,-90,15.0
2024-01-26 16:13:19,2.789064704974782,70772.5477550887,-171742.4220484042,70774.48352805714,-171732.16460188924,70770.68902355824,-171737.23144391147,-90,15.0
2024-01-26 16:13:19,2.277381791387948,70772.5477550887,-171742.4220484042,70774.48352805714,-171732.16460188924,70771.21574236469,-171737.19963007275,-90,15.0
2024-01-26 16:13:20,1.9165594221046893,70772.5477550887,-171742.4220484042,70774.48352805714,-171732.16460188924,70771.5628789002,-171737.30589890855,-90,15.0
2024-01-26 16:13:20,1.4502728259645274,70772.5477550887,-171742.4220484042,70774.48352805714,-171732.16460188924,70771.9667529808,-171737.68022951213,-90,15.0
2024-01-26 16:13:21,1.1989675402776976,70772.5477550887,-171742.4220484042,70774.48352805714,-171732.16460188924,70772.11211972164,-171738.2650916856,-90,15.0
2024-01-26 16:13:21,1.0967695119550311,70772.5477550887,-171742.4220484042,70774.48352805714,-171732.16460188924,70772.13433651684,-171738.69846235847,-90,15.0
2024-01-26 16:13:22,1.284032398568416,70772.5477550887,-171742.4220484042,70774.48352805714,-171732.16460188924,70771.87622600025,-171739.05636067557,-90,15.0
2024-01-26 16:13:23,1.5207998314943558,70772.5477550887,-171742.4220484042,70774.48352805714,-171732.16460188924,70771.61762940385,-171739.1498852162,-90,15.0
2024-01-26 16:13:23,1.8983225335289178,70772.5477550887,-171742.4220484042,70774.48352805714,-171732.16460188924,70771.2377473919,-171739.1270757722,-90,15.0
2024-01-26 16:13:24,2.2871772544293423,70772.5477550887,-171742.4220484042,70774.48352805714,-171732.16460188924,70770.90568174869,-171738.78978564715,-90,15.0
2024-01-26 16:13:24,2.4805867063269535,70772.5477550887,-171742.4220484042,70774.48352805714,-171732.16460188924,70770.79389621248,-171738.33917922247,-90,15.0
2024-01-26 16:13:25,2.518113522110211,70772.5477550887,-171742.4220484042,70774.48352805714,-171732.16460188924,70770.8063927853,-171738.0706007988,-90,15.0
2024-01-26 16:13:25,2.819551060766876,70772.5477550887,-171742.4220484042,70774.48352805714,-171732.16460188924,70770.54157900356,-171737.84834094346,-90,15.0
2024-01-26 16:13:26,2.9016194993541626,70772.5477550887,-171742.4220484042,70774.48352805714,-171732.16460188924,70770.45443624725,-171737.86755301082,-90,15.0
2024-01-26 16:13:26,2.858005298549061,70772.5477550887,-171742.4220484042,70774.48352805714,-171732.16460188924,70770.5032811477,-171737.84391551858,-90,15.0
2024-01-26 16:13:27,2.7608241721605653,70772.5477550887,-171742.4220484042,70774.48352805714,-171732.16460188924,70770.62165563286,-171737.7407039868,-90,15.0
2024-01-26 16:13:27,2.6882318192921493,70772.5477550887,-171742.4220484042,70774.48352805714,-171732.16460188924,70770.71012850005,-171737.66334474552,-90,15.0
2024-01-26 16:13:28,2.7336152877798043,70772.5477550887,-171742.4220484042,70774.48352805714,-171732.16460188924,70770.64505709658,-171737.76342403973,-90,15.0
2024-01-26 16:13:28,2.7001018168232287,70772.5477550887,-171742.4220484042,70774.48352805714,-171732.16460188924,70770.68244806834,-171737.74601223768,-90,15.0
2024-01-26 16:13:29,2.6990982699919535,70772.5477550887,-171742.4220484042,70774.48352805714,-171732.16460188924,70770.7042299628,-171737.63600394115,-90,15.0
2024-01-26 16:13:29,2.176545011603148,70772.5477550887,-171742.4220484042,70774.48352805714,-171732.16460188924,70771.21472735878,-171737.748763058,-90,15.0
2024-01-26 16:13:30,1.9607883339561194,70772.5477550887,-171742.4220484042,70774.48352805714,-171732.16460188924,70771.40548312297,-171737.90142068954,-90,15.0
2024-01-26 16:13:30,1.460194624865738,70772.5477550887,-171742.4220484042,70774.48352805714,-171732.16460188924,70771.89831636466,-171737.98936502193,-90,15.0
2024-01-26 16:13:31,0.8688821528919426,70772.5477550887,-171742.4220484042,70774.48352805714,-171732.16460188924,70772.48511690884,-171738.0685809816,-90,15.0
2024-01-26 16:13:31,0.4698590093543181,70772.5477550887,-171742.4220484042,70774.48352805714,-171732.16460188924,70772.9110050946,-171737.96354828455,-90,15.0
2024-01-26 16:13:32,-0.4005380366282792,70772.5477550887,-171742.4220484042,70774.48352805714,-171732.16460188924,70773.78488131032,-171738.02652416856,-90,15.0
2024-01-26 16:13:32,-0.4005380366282792,70772.5477550887,-171742.4220484042,70774.48352805714,-171732.16460188924,70773.78488131032,-171738.02652416856,-90,15.0
2024-01-26 16:13:33,-1.0832749652798188,70772.5477550887,-171742.4220484042,70774.48352805714,-171732.16460188924,70774.46269306036,-171738.11648118318,-90,15.0
2024-01-26 16:13:34,-1.5352100894081082,70772.5477550887,-171742.4220484042,70774.48352805714,-171732.16460188924,70774.91904127327,-171738.13536796355,-90,15.0
2024-01-26 16:13:34,-2.1405251678710355,70772.5477550887,-171742.4220484042,70774.48352805714,-171732.16460188924,70775.50422613554,-171738.29865322122,-90,15.0
2024-01-26 16:13:35,-2.663967825554978,70772.5477550887,-171742.4220484042,70774.48352805714,-171732.16460188924,70776.01542039361,-171738.41251576043,-90,15.0
2024-01-26 16:13:35,-2.679139507524108,70772.5477550887,-171742.4220484042,70774.48352805714,-171732.16460188924,70776.00176431058,-171738.56668995996,-90,15.0
2024-01-26 16:13:36,-2.3908796825545577,70772.5477550887,-171742.4220484042,70774.48352805714,-171732.16460188924,70775.60829633377,-171739.09721423968,-90,15.0
2024-01-26 16:13:36,-2.1789695473315063,70772.5477550887,-171742.4220484042,70774.48352805714,-171732.16460188924,70775.23596461654,-171739.92744965263,-90,15.0
2024-01-26 16:13:37,-2.1789695473315063,70772.5477550887,-171742.4220484042,70774.48352805714,-171732.16460188924,70775.23596461654,-171739.92744965263,-90,15.0
