timestamp,直線との距離:,startx:,starty:,goalx:,goaly:,x:,y:,操作量,sp
2024-02-09 10:58:24,0.0,70787.54965397922,-171736.1601893484,70772.9149468953,-171738.43357661384,70787.54965397922,-171736.1601893484,0,20.0
2024-02-09 10:58:25,0.0,70787.54965397922,-171736.1601893484,70772.9149468953,-171738.43357661384,70787.54965397922,-171736.1601893484,0,20.0
2024-02-09 10:58:25,0.020825762192553814,70787.54965397922,-171736.1601893484,70772.9149468953,-171738.43357661384,70787.56602056505,-171736.17872246687,-1,20.0
2024-02-09 10:58:26,0.04729333394760505,70787.54965397922,-171736.1601893484,70772.9149468953,-171738.43357661384,70787.2328230168,-171736.25726711468,-1,20.0
2024-02-09 10:58:26,0.0466781416726481,70787.54965397922,-171736.1601893484,70772.9149468953,-171738.43357661384,70786.8116003129,-171736.32207819604,-1,20.0
2024-02-09 10:58:27,0.11338381709331266,70787.54965397922,-171736.1601893484,70772.9149468953,-171738.43357661384,70786.04609960862,-171736.50849846372,-2,20.0
2024-02-09 10:58:27,0.12371140461042518,70787.54965397922,-171736.1601893484,70772.9149468953,-171738.43357661384,70785.16818064445,-171736.6553277605,-2,20.0
2024-02-09 10:58:28,0.13653352314719228,70787.54965397922,-171736.1601893484,70772.9149468953,-171738.43357661384,70784.2515467851,-171736.81069556298,-2,20.0
2024-02-09 10:58:28,0.13970439400070742,70787.54965397922,-171736.1601893484,70772.9149468953,-171738.43357661384,70783.62338221459,-171736.91148491643,-2,20.0
2024-02-09 10:58:29,0.08795267450856653,70787.54965397922,-171736.1601893484,70772.9149468953,-171738.43357661384,70782.64941358088,-171737.0104109122,-1,20.0
2024-02-09 10:58:29,0.007087653072139233,70787.54965397922,-171736.1601893484,70772.9149468953,-171738.43357661384,70781.64722075305,-171737.08425883835,0,20.0
2024-02-09 10:58:30,-0.106142876322352,70787.54965397922,-171736.1601893484,70772.9149468953,-171738.43357661384,70780.66043896138,-171737.12295909136,1,20.0
2024-02-09 10:58:30,-0.20740850232562874,70787.54965397922,-171736.1601893484,70772.9149468953,-171738.43357661384,70779.99547578277,-171737.12377574676,2,20.0
2024-02-09 10:58:31,-0.37091360544570956,70787.54965397922,-171736.1601893484,70772.9149468953,-171738.43357661384,70779.00256646072,-171737.11255031324,4,20.0
2024-02-09 10:58:32,-0.5565932990909481,70787.54965397922,-171736.1601893484,70772.9149468953,-171738.43357661384,70778.03489192195,-171737.0749643082,6,20.0
2024-02-09 10:58:32,-0.5565932990909481,70787.54965397922,-171736.1601893484,70772.9149468953,-171738.43357661384,70778.03489192195,-171737.0749643082,5,20.0
2024-02-09 10:58:33,-0.8244856115953004,70787.54965397922,-171736.1601893484,70772.9149468953,-171738.43357661384,70776.48786996007,-171737.04417674337,10,20.0
2024-02-09 10:58:33,-0.9850179850426638,70787.54965397922,-171736.1601893484,70772.9149468953,-171738.43357661384,70775.54755762906,-171737.02778916233,10,20.0
2024-02-09 10:58:34,-1.094771435264668,70787.54965397922,-171736.1601893484,70772.9149468953,-171738.43357661384,70774.90249376236,-171737.0169249909,11,20.0
2024-02-09 10:58:34,-1.094771435264668,70787.54965397922,-171736.1601893484,70772.9149468953,-171738.43357661384,70774.90249376236,-171737.0169249909,10,20.0
2024-02-09 10:58:35,-1.2014024555585328,70787.54965397922,-171736.1601893484,70772.9149468953,-171738.43357661384,70773.97573824436,-171737.0529792933,12,20.0
2024-02-09 10:58:35,-1.3525607586480335,70787.54965397922,-171736.1601893484,70772.9149468953,-171738.43357661384,70772.1483251478,-171737.1838823767,14,20.0
2024-02-09 10:58:36,-1.3525607586480335,70787.54965397922,-171736.1601893484,70772.9149468953,-171738.43357661384,70772.1483251478,-171737.1838823767,13,20.0
2024-02-09 10:58:36,-1.3360407925961804,70787.54965397922,-171736.1601893484,70772.9149468953,-171738.43357661384,70770.71304519202,-171737.42355999147,13,20.0
2024-02-09 10:58:37,-1.26352573870183,70787.54965397922,-171736.1601893484,70772.9149468953,-171738.43357661384,70769.84014329073,-171737.63254324923,12,20.0
2024-02-09 10:58:37,-1.26352573870183,70787.54965397922,-171736.1601893484,70772.9149468953,-171738.43357661384,70769.84014329073,-171737.63254324923,12,20.0
2024-02-09 10:58:38,-1.0311175377400528,70787.54965397922,-171736.1601893484,70772.9149468953,-171738.43357661384,70768.52863423814,-171738.07147154995,8,20.0
2024-02-09 10:58:39,-0.8435735583077147,70787.54965397922,-171736.1601893484,70772.9149468953,-171738.43357661384,70767.75615692472,-171738.38126317828,7,20.0
2024-02-09 10:58:39,-0.6843789250243567,70787.54965397922,-171736.1601893484,70772.9149468953,-171738.43357661384,70767.21323089281,-171738.6267064518,5,20.0
2024-02-09 10:58:40,-0.47840571005076543,70787.54965397922,-171736.1601893484,70772.9149468953,-171738.43357661384,70766.67119456227,-171738.9193511458,3,20.0
2024-02-09 10:58:40,-0.1479995150025748,70787.54965397922,-171736.1601893484,70772.9149468953,-171738.43357661384,70765.86034454637,-171739.37967933147,-1,20.0
2024-02-09 10:58:41,0.058885309279193866,70787.54965397922,-171736.1601893484,70772.9149468953,-171738.43357661384,70765.34761233036,-171739.66869440337,-3,20.0
2024-02-09 10:58:41,0.38816554083283694,70787.54965397922,-171736.1601893484,70772.9149468953,-171738.43357661384,70764.62326638233,-171740.11444539085,-7,20.0
2024-02-09 10:58:42,0.4842898465230082,70787.54965397922,-171736.1601893484,70772.9149468953,-171738.43357661384,70764.08448544901,-171740.2954179833,-6,20.0
2024-02-09 10:58:42,0.36148431238115253,70787.54965397922,-171736.1601893484,70772.9149468953,-171738.43357661384,70764.32511607154,-171740.133759475,-3,20.0
2024-02-09 10:58:43,0.3561491478128494,70787.54965397922,-171736.1601893484,70772.9149468953,-171738.43357661384,70764.93053491376,-171740.03431324096,-4,20.0
2024-02-09 10:58:43,0.4991833113721659,70787.54965397922,-171736.1601893484,70772.9149468953,-171738.43357661384,70765.46711066575,-171740.09571006364,-6,20.0
2024-02-09 10:58:44,0.7803580045108056,70787.54965397922,-171736.1601893484,70772.9149468953,-171738.43357661384,70766.30215683952,-171740.2505391829,-10,20.0
2024-02-09 10:58:44,1.0927007424121298,70787.54965397922,-171736.1601893484,70772.9149468953,-171738.43357661384,70767.10069828885,-171740.44258088956,-14,20.0
2024-02-09 10:58:45,1.3242098191406488,70787.54965397922,-171736.1601893484,70772.9149468953,-171738.43357661384,70767.64570924593,-171740.59220342137,-15,20.0
2024-02-09 10:58:46,1.7332394188188567,70787.54965397922,-171736.1601893484,70772.9149468953,-171738.43357661384,70768.43086731028,-171740.88417062451,-21,20.0
2024-02-09 10:58:46,2.1911164459128485,70787.54965397922,-171736.1601893484,70772.9149468953,-171738.43357661384,70769.24280898282,-171741.22141049107,-26,20.0
2024-02-09 10:58:47,2.74884534227157,70787.54965397922,-171736.1601893484,70772.9149468953,-171738.43357661384,70770.10040018207,-171741.65260852056,-32,20.0
2024-02-09 10:58:47,3.164193307814418,70787.54965397922,-171736.1601893484,70772.9149468953,-171738.43357661384,70770.63634274597,-171741.98968354845,-35,20.0
2024-02-09 10:58:48,3.8739110195342934,70787.54965397922,-171736.1601893484,70772.9149468953,-171738.43357661384,70771.34066582465,-171742.5985023009,-44,20.0
2024-02-09 10:58:48,4.735596428692127,70787.54965397922,-171736.1601893484,70772.9149468953,-171738.43357661384,70771.7984969964,-171743.39940199105,-54,20.0
2024-02-09 10:58:49,5.266055858464665,70787.54965397922,-171736.1601893484,70772.9149468953,-171738.43357661384,70772.00830973811,-171743.90363080907,-57,20.0
2024-02-09 10:58:49,6.09794231834091,70787.54965397922,-171736.1601893484,70772.9149468953,-171738.43357661384,70772.04680912431,-171744.73951406378,-67,20.0
2024-02-09 10:58:50,6.765459298955274,70787.54965397922,-171736.1601893484,70772.9149468953,-171738.43357661384,70771.73153853229,-171745.46401184436,-73,20.0
2024-02-09 10:58:50,7.086664828371428,70787.54965397922,-171736.1601893484,70772.9149468953,-171738.43357661384,70771.39971629792,-171745.84061579595,-74,20.0
2024-02-09 10:58:51,7.177513738810409,70787.54965397922,-171736.1601893484,70772.9149468953,-171738.43357661384,70770.67881450577,-171746.04454077256,-73,20.0
2024-02-09 10:58:51,6.864011353632657,70787.54965397922,-171736.1601893484,70772.9149468953,-171738.43357661384,70770.00606430987,-171745.83178482298,-67,20.0
2024-02-09 10:58:52,6.273558316272887,70787.54965397922,-171736.1601893484,70772.9149468953,-171738.43357661384,70769.58468647154,-171745.29970783653,-59,20.0
2024-02-09 10:58:53,5.809610822607063,70787.54965397922,-171736.1601893484,70772.9149468953,-171738.43357661384,70769.52476745509,-171744.8395038593,-55,20.0
2024-02-09 10:58:53,5.129303286814945,70787.54965397922,-171736.1601893484,70772.9149468953,-171738.43357661384,70769.84524603815,-171744.10125309715,-47,20.0
2024-02-09 10:58:54,4.734070252471395,70787.54965397922,-171736.1601893484,70772.9149468953,-171738.43357661384,70770.51922480337,-171743.59658243845,-45,20.0
2024-02-09 10:58:54,4.711449816458011,70787.54965397922,-171736.1601893484,70772.9149468953,-171738.43357661384,70771.06793041417,-171743.48845357596,-47,20.0
2024-02-09 10:58:55,4.976626427981993,70787.54965397922,-171736.1601893484,70772.9149468953,-171738.43357661384,70771.90623558723,-171743.6265864778,-52,20.0
2024-02-09 10:58:55,5.515099403475374,70787.54965397922,-171736.1601893484,70772.9149468953,-171738.43357661384,70772.59265180593,-171744.06488833143,-59,20.0
2024-02-09 10:58:56,6.273842619853766,70787.54965397922,-171736.1601893484,70772.9149468953,-171738.43357661384,70773.0648976923,-171744.75937196077,-69,20.0
2024-02-09 10:58:56,6.841606638630148,70787.54965397922,-171736.1601893484,70772.9149468953,-171738.43357661384,70773.2121222617,-171745.31107536974,-73,20.0
2024-02-09 10:58:57,7.922993230082696,70787.54965397922,-171736.1601893484,70772.9149468953,-171738.43357661384,70772.75311017649,-171746.47673569407,-87,20.0
2024-02-09 10:58:57,8.08909465585106,70787.54965397922,-171736.1601893484,70772.9149468953,-171738.43357661384,70772.3309932818,-171746.71040184342,-83,20.0
2024-02-09 10:58:58,8.05190791112176,70787.54965397922,-171736.1601893484,70772.9149468953,-171738.43357661384,70771.86654803794,-171746.74491702858,-81,20.0
2024-02-09 10:58:58,7.695215551008508,70787.54965397922,-171736.1601893484,70772.9149468953,-171738.43357661384,70771.22429301988,-171746.48371591032,-75,20.0
2024-02-09 10:58:59,7.014246926604024,70787.54965397922,-171736.1601893484,70772.9149468953,-171738.43357661384,70770.9294345993,-171745.84038392073,-66,20.0
2024-02-09 10:58:59,6.556224677936493,70787.54965397922,-171736.1601893484,70772.9149468953,-171738.43357661384,70770.99113638254,-171745.3672834141,-63,20.0
2024-02-09 10:59:00,5.991665142502179,70787.54965397922,-171736.1601893484,70772.9149468953,-171738.43357661384,70771.43107507957,-171744.72761170162,-56,20.0
2024-02-09 10:59:01,5.826854522335159,70787.54965397922,-171736.1601893484,70772.9149468953,-171738.43357661384,70772.18859075948,-171744.44315026174,-58,20.0
2024-02-09 10:59:01,5.947340975171444,70787.54965397922,-171736.1601893484,70772.9149468953,-171738.43357661384,70772.70700313391,-171744.48455048248,-61,20.0
2024-02-09 10:59:02,6.681210628093121,70787.54965397922,-171736.1601893484,70772.9149468953,-171738.43357661384,70773.63320234006,-171745.0833441258,-72,20.0
2024-02-09 10:59:02,7.182875374714662,70787.54965397922,-171736.1601893484,70772.9149468953,-171738.43357661384,70773.91773722752,-171745.54682540585,-76,20.0
