timestamp,直線との距離:,startx:,starty:,goalx:,goaly:,x:,y:,操作量,sp
timestamp,直線との距離:,startx:,starty:,goalx:,goaly:,x:,y:,操作量,sp
2024-01-26 17:20:48,-0.0,70785.27664531714,-171744.31102793026,70774.48352805714,-171732.16460188924,70785.27664531714,-171744.31102793026,0,15.0
2024-01-26 17:20:48,-0.0,70785.27664531714,-171744.31102793026,70774.48352805714,-171732.16460188924,70785.27664531714,-171744.31102793026,0,15.0
2024-01-26 17:20:48,0.014698784862218992,70785.27664531714,-171744.31102793026,70774.48352805714,-171732.16460188924,70785.22944026101,-171744.2800328529,-1,15.0
2024-01-26 17:20:49,-0.04167223444896091,70785.27664531714,-171744.31102793026,70774.48352805714,-171732.16460188924,70785.15825409086,-171744.115055018,0,15.0
2024-01-26 17:20:49,-0.18415297304668268,70785.27664531714,-171744.31102793026,70774.48352805714,-171732.16460188924,70785.0352552989,-171743.76213081615,0,15.0
2024-01-26 17:20:50,-0.38600026150345734,70785.27664531714,-171744.31102793026,70774.48352805714,-171732.16460188924,70784.78471597571,-171743.17629861936,1,15.0
2024-01-26 17:20:50,-0.5711986346525214,70785.27664531714,-171744.31102793026,70774.48352805714,-171732.16460188924,70784.65232022852,-171742.7484883247,1,15.0
2024-01-26 17:20:51,-0.8918279333094331,70785.27664531714,-171744.31102793026,70774.48352805714,-171732.16460188924,70784.40910063345,-171741.99206875253,2,15.0
2024-01-26 17:20:51,-1.1158659764783947,70785.27664531714,-171744.31102793026,70774.48352805714,-171732.16460188924,70784.07042807998,-171741.27364471188,4,15.0
2024-01-26 17:20:52,-1.336194434822135,70785.27664531714,-171744.31102793026,70774.48352805714,-171732.16460188924,70783.891999743,-171740.74114204894,5,15.0
2024-01-26 17:20:52,-1.6614182023742519,70785.27664531714,-171744.31102793026,70774.48352805714,-171732.16460188924,70783.62568683724,-171739.95181666382,6,15.0
2024-01-26 17:20:53,-1.847318992603068,70785.27664531714,-171744.31102793026,70774.48352805714,-171732.16460188924,70783.51020054278,-171739.54197855465,8,15.0
2024-01-26 17:20:53,-2.1280991098382165,70785.27664531714,-171744.31102793026,70774.48352805714,-171732.16460188924,70783.29713734561,-171738.87948904527,10,15.0
2024-01-26 17:20:54,-2.23755766181632,70785.27664531714,-171744.31102793026,70774.48352805714,-171732.16460188924,70782.91155386485,-171738.28077014568,12,15.0
2024-01-26 17:20:54,-2.30042144236503,70785.27664531714,-171744.31102793026,70774.48352805714,-171732.16460188924,70782.64582438928,-171737.88708117028,13,15.0
2024-01-26 17:20:55,-2.1006883861109085,70785.27664531714,-171744.31102793026,70774.48352805714,-171732.16460188924,70782.02036561783,-171737.4838941821,15,15.0
2024-01-26 17:20:55,-2.102089035210766,70785.27664531714,-171744.31102793026,70774.48352805714,-171732.16460188924,70781.76265829784,-171737.19176524045,16,15.0
2024-01-26 17:20:56,-1.7855064270148295,70785.27664531714,-171744.31102793026,70774.48352805714,-171732.16460188924,70781.07423546432,-171736.8936349651,17,15.0
2024-01-26 17:20:56,-1.6136188006760372,70785.27664531714,-171744.31102793026,70774.48352805714,-171732.16460188924,70780.68134582392,-171736.71025712325,18,15.0
2024-01-26 17:20:57,-0.954930915238669,70785.27664531714,-171744.31102793026,70774.48352805714,-171732.16460188924,70779.69669296831,-171736.5937890534,17,15.0
2024-01-26 17:20:57,-0.5766785404595554,70785.27664531714,-171744.31102793026,70774.48352805714,-171732.16460188924,70779.23514793035,-171736.6438270322,17,15.0
2024-01-26 17:20:58,-0.19959563523691937,70785.27664531714,-171744.31102793026,70774.48352805714,-171732.16460188924,70778.85471832975,-171736.78339058856,17,15.0
2024-01-26 17:20:58,-0.19959563523691937,70785.27664531714,-171744.31102793026,70774.48352805714,-171732.16460188924,70778.85471832975,-171736.78339058856,17,15.0
2024-01-26 17:20:59,0.7004288775307509,70785.27664531714,-171744.31102793026,70774.48352805714,-171732.16460188924,70777.99015183946,-171737.16539547482,15,15.0
2024-01-26 17:20:59,0.7004288775307509,70785.27664531714,-171744.31102793026,70774.48352805714,-171732.16460188924,70777.99015183946,-171737.16539547482,14,15.0
2024-01-26 17:21:00,1.1000968354915366,70785.27664531714,-171744.31102793026,70774.48352805714,-171732.16460188924,70777.6117351219,-171737.34122582912,13,15.0
2024-01-26 17:21:00,1.4528251297989987,70785.27664531714,-171744.31102793026,70774.48352805714,-171732.16460188924,70777.35131215822,-171737.579177632,11,15.0
2024-01-26 17:21:01,2.468918979565993,70785.27664531714,-171744.31102793026,70774.48352805714,-171732.16460188924,70776.71307593881,-171738.39063249886,8,15.0
2024-01-26 17:21:01,2.7811082144861325,70785.27664531714,-171744.31102793026,70774.48352805714,-171732.16460188924,70776.71248640346,-171738.85996620657,6,15.0
2024-01-26 17:21:02,3.15628346589187,70785.27664531714,-171744.31102793026,70774.48352805714,-171732.16460188924,70776.77985634621,-171739.50060527344,3,15.0
2024-01-26 17:21:02,3.617318141858574,70785.27664531714,-171744.31102793026,70774.48352805714,-171732.16460188924,70776.82469710206,-171740.24515064026,-1,15.0
2024-01-26 17:21:03,3.920644499250929,70785.27664531714,-171744.31102793026,70774.48352805714,-171732.16460188924,70776.99025978892,-171740.88812682236,-4,15.0
2024-01-26 17:21:04,4.195919547574284,70785.27664531714,-171744.31102793026,70774.48352805714,-171732.16460188924,70777.10268734733,-171741.42907454955,-7,15.0
2024-01-26 17:21:04,4.362260967449494,70785.27664531714,-171744.31102793026,70774.48352805714,-171732.16460188924,70777.53644183392,-171742.1676409159,-10,15.0
2024-01-26 17:21:05,4.4322827502314635,70785.27664531714,-171744.31102793026,70774.48352805714,-171732.16460188924,70778.07980003266,-171742.88454573305,-14,15.0
2024-01-26 17:21:05,4.430050423509975,70785.27664531714,-171744.31102793026,70774.48352805714,-171732.16460188924,70778.42205212331,-171743.26635079764,-17,15.0
2024-01-26 17:21:06,4.362118398415815,70785.27664531714,-171744.31102793026,70774.48352805714,-171732.16460188924,70779.05162625537,-171743.87259403363,-20,15.0
2024-01-26 17:21:06,4.227950015996426,70785.27664531714,-171744.31102793026,70774.48352805714,-171732.16460188924,70779.51222446917,-171744.18895604575,-22,15.0
2024-01-26 17:21:07,3.821013217696441,70785.27664531714,-171744.31102793026,70774.48352805714,-171732.16460188924,70779.99843005677,-171744.12348665422,-24,15.0
2024-01-26 17:21:07,3.4329352020698396,70785.27664531714,-171744.31102793026,70774.48352805714,-171732.16460188924,70780.50919751849,-171744.1140505307,-26,15.0
2024-01-26 17:21:08,3.0673370321652165,70785.27664531714,-171744.31102793026,70774.48352805714,-171732.16460188924,70781.18923637531,-171744.3289532513,-28,15.0
2024-01-26 17:21:08,2.7533278061951934,70785.27664531714,-171744.31102793026,70774.48352805714,-171732.16460188924,70781.92707330069,-171744.68656766365,-29,15.0
2024-01-26 17:21:09,2.681103890884433,70785.27664531714,-171744.31102793026,70774.48352805714,-171732.16460188924,70782.27309928219,-171744.96724831295,-31,15.0
2024-01-26 17:21:09,2.420319091632338,70785.27664531714,-171744.31102793026,70774.48352805714,-171732.16460188924,70782.94754457887,-171745.3336513948,-32,15.0
2024-01-26 17:21:10,2.346996939346994,70785.27664531714,-171744.31102793026,70774.48352805714,-171732.16460188924,70783.34459160424,-171745.670097044,-34,15.0
2024-01-26 17:21:10,2.174262805325544,70785.27664531714,-171744.31102793026,70774.48352805714,-171732.16460188924,70784.01235241165,-171746.1615367177,-35,15.0
2024-01-26 17:21:11,1.8265996487557181,70785.27664531714,-171744.31102793026,70774.48352805714,-171732.16460188924,70784.60681933755,-171746.30713890988,-36,15.0
2024-01-26 17:21:11,1.7147580964740903,70785.27664531714,-171744.31102793026,70774.48352805714,-171732.16460188924,70784.8446103543,-171746.40636953618,-37,15.0
2024-01-26 17:21:12,1.7600847870303056,70785.27664531714,-171744.31102793026,70774.48352805714,-171732.16460188924,70785.34195933952,-171747.0343180496,-38,15.0
2024-01-26 17:21:12,2.0257293811215065,70785.27664531714,-171744.31102793026,70774.48352805714,-171732.16460188924,70785.4800353112,-171747.5896316153,-40,15.0
2024-01-26 17:21:13,2.3457964767005137,70785.27664531714,-171744.31102793026,70774.48352805714,-171732.16460188924,70785.7282393619,-171748.35081423543,-42,15.0
2024-01-26 17:21:13,2.6181533971092534,70785.27664531714,-171744.31102793026,70774.48352805714,-171732.16460188924,70785.84062265817,-171748.8873189439,-44,15.0
2024-01-26 17:21:14,2.521318646410622,70785.27664531714,-171744.31102793026,70774.48352805714,-171732.16460188924,70786.12177811368,-171749.0579438749,-46,15.0
2024-01-26 17:21:14,3.016423439190492,70785.27664531714,-171744.31102793026,70774.48352805714,-171732.16460188924,70786.02998135432,-171749.70001141107,-49,15.0
2024-01-26 17:21:15,3.249843832529028,70785.27664531714,-171744.31102793026,70774.48352805714,-171732.16460188924,70786.00127039554,-171750.01911210502,-52,15.0
2024-01-26 17:21:15,3.6768500608788544,70785.27664531714,-171744.31102793026,70774.48352805714,-171732.16460188924,70785.82187955057,-171750.46008088434,-55,15.0
2024-01-26 17:21:16,4.0220925281975015,70785.27664531714,-171744.31102793026,70774.48352805714,-171732.16460188924,70785.63415311498,-171750.76857453916,-58,15.0
2024-01-26 17:21:16,4.504609886232782,70785.27664531714,-171744.31102793026,70774.48352805714,-171732.16460188924,70785.22594834527,-171751.0356106102,-62,15.0
2024-01-26 17:21:17,4.862133413195096,70785.27664531714,-171744.31102793026,70774.48352805714,-171732.16460188924,70784.92329863523,-171751.23326017772,-66,15.0
2024-01-26 17:21:17,5.112370398449117,70785.27664531714,-171744.31102793026,70774.48352805714,-171732.16460188924,70784.70109709025,-171751.35992639957,-70,15.0
2024-01-26 17:21:18,5.351470676820574,70785.27664531714,-171744.31102793026,70774.48352805714,-171732.16460188924,70784.23116167205,-171751.19103014126,-74,15.0
2024-01-26 17:21:19,5.385442856350092,70785.27664531714,-171744.31102793026,70774.48352805714,-171732.16460188924,70783.9554154007,-171750.93185378212,-78,15.0
2024-01-26 17:21:19,5.403112907469262,70785.27664531714,-171744.31102793026,70774.48352805714,-171732.16460188924,70783.58275045306,-171750.53906381526,-82,15.0
2024-01-26 17:21:20,5.334884206292069,70785.27664531714,-171744.31102793026,70774.48352805714,-171732.16460188924,70783.4449486322,-171750.2812660429,-85,15.0
2024-01-26 17:21:20,5.182605846547633,70785.27664531714,-171744.31102793026,70774.48352805714,-171732.16460188924,70783.3760263972,-171749.97444865457,-89,15.0
2024-01-26 17:21:21,5.078427118324702,70785.27664531714,-171744.31102793026,70774.48352805714,-171732.16460188924,70783.2676266328,-171749.6956172169,-92,15.0
2024-01-26 17:21:21,4.651870336659583,70785.27664531714,-171744.31102793026,70774.48352805714,-171732.16460188924,70783.74201839638,-171749.58731505944,-95,15.0
2024-01-26 17:21:22,4.410086990635627,70785.27664531714,-171744.31102793026,70774.48352805714,-171732.16460188924,70784.06420729576,-171749.58590008685,-97,15.0
2024-01-26 17:21:22,4.513484801803539,70785.27664531714,-171744.31102793026,70774.48352805714,-171732.16460188924,70784.2214139555,-171749.9184824734,-90,15.0
2024-01-26 17:21:23,4.321197388258032,70785.27664531714,-171744.31102793026,70774.48352805714,-171732.16460188924,70784.70330593285,-171750.17131068793,-90,15.0
2024-01-26 17:21:23,4.321197388258032,70785.27664531714,-171744.31102793026,70774.48352805714,-171732.16460188924,70784.70330593285,-171750.17131068793,-90,15.0
2024-01-26 17:21:24,4.590292297649453,70785.27664531714,-171744.31102793026,70774.48352805714,-171732.16460188924,70784.57251498596,-171750.42923952182,-90,15.0
2024-01-26 17:21:24,6.093330696883336,70785.27664531714,-171744.31102793026,70774.48352805714,-171732.16460188924,70783.70851938245,-171751.71971707663,-90,15.0
2024-01-26 17:21:25,6.093330696883336,70785.27664531714,-171744.31102793026,70774.48352805714,-171732.16460188924,70783.70851938245,-171751.71971707663,-90,15.0
2024-01-26 17:21:25,6.473469596298032,70785.27664531714,-171744.31102793026,70774.48352805714,-171732.16460188924,70783.57153740962,-171752.13785401496,-90,15.0
2024-01-26 17:21:26,5.526396138881883,70785.27664531714,-171744.31102793026,70774.48352805714,-171732.16460188924,70784.21250404455,-171751.4333812962,-90,15.0
2024-01-26 17:21:26,5.526396138881883,70785.27664531714,-171744.31102793026,70774.48352805714,-171732.16460188924,70784.21250404455,-171751.4333812962,-90,15.0
2024-01-26 17:21:27,4.766265710367047,70785.27664531714,-171744.31102793026,70774.48352805714,-171732.16460188924,70784.18953456414,-171750.26316448115,-90,15.0
2024-01-26 17:21:27,4.878127746137394,70785.27664531714,-171744.31102793026,70774.48352805714,-171732.16460188924,70783.67519565327,-171749.85274148773,-90,15.0
2024-01-26 17:21:28,4.511938731336656,70785.27664531714,-171744.31102793026,70774.48352805714,-171732.16460188924,70783.84373690454,-171749.49112231284,-90,15.0
2024-01-26 17:21:28,3.9471536790900577,70785.27664531714,-171744.31102793026,70774.48352805714,-171732.16460188924,70784.07911184971,-171748.90573289857,-90,15.0
2024-01-26 17:21:29,3.342799003995926,70785.27664531714,-171744.31102793026,70774.48352805714,-171732.16460188924,70784.30597050421,-171748.25118777328,-90,15.0
2024-01-26 17:21:29,2.9693206433483224,70785.27664531714,-171744.31102793026,70774.48352805714,-171732.16460188924,70784.49950204635,-171747.9067183057,-90,15.0
2024-01-26 17:21:30,2.293865320706103,70785.27664531714,-171744.31102793026,70774.48352805714,-171732.16460188924,70784.49600820546,-171746.88589646816,-90,15.0
2024-01-26 17:21:30,1.9946933559687863,70785.27664531714,-171744.31102793026,70774.48352805714,-171732.16460188924,70784.59901278398,-171746.5514165892,-90,15.0
2024-01-26 17:21:31,2.405923207246272,70785.27664531714,-171744.31102793026,70774.48352805714,-171732.16460188924,70784.13173518257,-171746.6446504166,-90,15.0
2024-01-26 17:21:31,2.2181632044702155,70785.27664531714,-171744.31102793026,70774.48352805714,-171732.16460188924,70784.37528860444,-171746.6360716545,-90,15.0
2024-01-26 17:21:32,2.073542653664625,70785.27664531714,-171744.31102793026,70774.48352805714,-171732.16460188924,70784.65653830796,-171746.7348616999,-90,15.0
2024-01-26 17:21:33,2.1023285714764843,70785.27664531714,-171744.31102793026,70774.48352805714,-171732.16460188924,70784.37266810014,-171746.4587349191,-90,15.0
2024-01-26 17:21:33,2.355986139936291,70785.27664531714,-171744.31102793026,70774.48352805714,-171732.16460188924,70784.38185453076,-171746.8509516403,-90,15.0
2024-01-26 17:21:34,2.144685463621834,70785.27664531714,-171744.31102793026,70774.48352805714,-171732.16460188924,70784.77857442823,-171746.97930412513,-90,15.0
2024-01-26 17:21:34,2.7209636951533063,70785.27664531714,-171744.31102793026,70774.48352805714,-171732.16460188924,70784.63116788161,-171747.68099481193,-90,15.0
2024-01-26 17:21:35,2.9487507787242406,70785.27664531714,-171744.31102793026,70774.48352805714,-171732.16460188924,70784.36063307496,-171747.71946938572,-90,15.0
2024-01-26 17:21:35,2.7618198079130023,70785.27664531714,-171744.31102793026,70774.48352805714,-171732.16460188924,70784.35982740537,-171747.43714035337,-90,15.0
2024-01-26 17:21:36,3.026932292255203,70785.27664531714,-171744.31102793026,70774.48352805714,-171732.16460188924,70784.15491451201,-171747.60565787263,-90,15.0
2024-01-26 17:21:36,2.9278131417439264,70785.27664531714,-171744.31102793026,70774.48352805714,-171732.16460188924,70784.09638260258,-171747.39056416837,-90,15.0
2024-01-26 17:21:37,2.9927657830514596,70785.27664531714,-171744.31102793026,70774.48352805714,-171732.16460188924,70784.01597432654,-171747.39785922336,-90,15.0
2024-01-26 17:21:37,2.687684198153757,70785.27664531714,-171744.31102793026,70774.48352805714,-171732.16460188924,70784.3402370486,-171747.3034833601,-90,15.0
2024-01-26 17:21:38,2.5496092165181574,70785.27664531714,-171744.31102793026,70774.48352805714,-171732.16460188924,70784.7096560378,-171747.51135218574,-90,15.0
2024-01-26 17:21:38,2.383890704268568,70785.27664531714,-171744.31102793026,70774.48352805714,-171732.16460188924,70784.71985699303,-171747.27334496082,-90,15.0
2024-01-26 17:21:39,2.505213987617064,70785.27664531714,-171744.31102793026,70774.48352805714,-171732.16460188924,70784.61313577098,-171747.3358931155,-90,15.0
2024-01-26 17:21:39,2.4476492589615724,70785.27664531714,-171744.31102793026,70774.48352805714,-171732.16460188924,70784.52445621025,-171747.14943134374,-90,15.0
2024-01-26 17:21:40,2.5472890338080707,70785.27664531714,-171744.31102793026,70774.48352805714,-171732.16460188924,70784.48854822556,-171747.25902748096,-90,15.0
2024-01-26 17:21:40,2.9797846695565666,70785.27664531714,-171744.31102793026,70774.48352805714,-171732.16460188924,70784.26389045668,-171747.6573177226,-90,15.0
2024-01-26 17:21:41,3.033544976763482,70785.27664531714,-171744.31102793026,70774.48352805714,-171732.16460188924,70784.24266873562,-171747.71437058906,-90,15.0
2024-01-26 17:21:41,2.7199502798441815,70785.27664531714,-171744.31102793026,70774.48352805714,-171732.16460188924,70784.50827281826,-171747.5411647096,-90,15.0
2024-01-26 17:21:42,2.689554981938409,70785.27664531714,-171744.31102793026,70774.48352805714,-171732.16460188924,70784.47340840746,-171747.45616902236,-90,15.0
2024-01-26 17:21:42,2.6095088670368596,70785.27664531714,-171744.31102793026,70774.48352805714,-171732.16460188924,70784.53486049308,-171747.40481788668,-90,15.0
2024-01-26 17:21:43,2.4607105807270475,70785.27664531714,-171744.31102793026,70774.48352805714,-171732.16460188924,70784.57985651231,-171747.23144174722,-90,15.0
2024-01-26 17:21:43,2.3254988845440843,70785.27664531714,-171744.31102793026,70774.48352805714,-171732.16460188924,70784.57749159902,-171747.02522071335,-90,15.0
2024-01-26 17:21:44,2.3401362288573733,70785.27664531714,-171744.31102793026,70774.48352805714,-171732.16460188924,70784.73873676687,-171747.2287201593,-90,15.0
2024-01-26 17:21:44,2.4112227977241147,70785.27664531714,-171744.31102793026,70774.48352805714,-171732.16460188924,70784.57992461234,-171747.1570151201,-90,15.0
2024-01-26 17:21:45,2.4973285279950406,70785.27664531714,-171744.31102793026,70774.48352805714,-171732.16460188924,70784.49706912227,-171747.19340183667,-90,15.0
2024-01-26 17:21:45,2.4296230184483325,70785.27664531714,-171744.31102793026,70774.48352805714,-171732.16460188924,70784.21656333092,-171746.77579463314,-90,15.0
2024-01-26 17:21:46,2.8453130584453126,70785.27664531714,-171744.31102793026,70774.48352805714,-171732.16460188924,70783.32565649127,-171746.39899669046,-90,15.0
2024-01-26 17:21:46,2.9511407947691137,70785.27664531714,-171744.31102793026,70774.48352805714,-171732.16460188924,70783.114262447,-171746.32041912663,-90,15.0
2024-01-26 17:21:47,2.282822684394359,70785.27664531714,-171744.31102793026,70774.48352805714,-171732.16460188924,70783.68630388864,-171745.95804178526,-90,15.0
2024-01-26 17:21:48,2.2069865715806234,70785.27664531714,-171744.31102793026,70774.48352805714,-171732.16460188924,70783.45684928534,-171745.58564636207,-90,15.0
2024-01-26 17:21:48,2.7726616221796494,70785.27664531714,-171744.31102793026,70774.48352805714,-171732.16460188924,70782.5616010752,-171745.42976334185,-90,15.0
2024-01-26 17:21:49,4.055209207121352,70785.27664531714,-171744.31102793026,70774.48352805714,-171732.16460188924,70780.53184111198,-171745.07635939887,-90,15.0
2024-01-26 17:21:49,5.166373826515603,70785.27664531714,-171744.31102793026,70774.48352805714,-171732.16460188924,70778.79484508722,-171744.79441296766,-90,15.0
2024-01-26 17:21:50,5.980815794698295,70785.27664531714,-171744.31102793026,70774.48352805714,-171732.16460188924,70777.36809455983,-171744.41490015568,-90,15.0
2024-01-26 17:21:50,6.794275775453926,70785.27664531714,-171744.31102793026,70774.48352805714,-171732.16460188924,70775.73884191665,-171743.80601587138,-90,15.0
2024-01-26 17:21:51,7.2819542048249,70785.27664531714,-171744.31102793026,70774.48352805714,-171732.16460188924,70774.1779274529,-171742.7835782036,-90,15.0
2024-01-26 17:21:51,7.666896243388265,70785.27664531714,-171744.31102793026,70774.48352805714,-171732.16460188924,70773.11762299035,-171742.16985175217,-90,15.0
2024-01-26 17:21:52,8.1754332595999,70785.27664531714,-171744.31102793026,70774.48352805714,-171732.16460188924,70771.55758602939,-171741.17980396724,-90,15.0
2024-01-26 17:21:52,7.644372516561327,70785.27664531714,-171744.31102793026,70774.48352805714,-171732.16460188924,70771.13928324172,-171739.90954614794,-90,15.0
2024-01-26 17:21:53,7.5165187783300125,70785.27664531714,-171744.31102793026,70774.48352805714,-171732.16460188924,70770.03167622747,-171738.47057813965,-90,15.0
2024-01-26 17:21:53,7.785297254030689,70785.27664531714,-171744.31102793026,70774.48352805714,-171732.16460188924,70769.12130609865,-171737.8507028739,-90,15.0
2024-01-26 17:21:54,7.699396958213813,70785.27664531714,-171744.31102793026,70774.48352805714,-171732.16460188924,70768.00796768001,-171736.46844522798,-90,15.0
2024-01-26 17:21:55,7.99321767949167,70785.27664531714,-171744.31102793026,70774.48352805714,-171732.16460188924,70766.84265726169,-171735.59936446068,-90,15.0
2024-01-26 17:21:55,7.964029854580147,70785.27664531714,-171744.31102793026,70774.48352805714,-171732.16460188924,70766.3927142995,-171735.04906290435,-90,15.0
2024-01-26 17:21:56,6.5038647081929915,70785.27664531714,-171744.31102793026,70774.48352805714,-171732.16460188924,70769.39540942572,-171736.22999361102,-90,15.0
2024-01-26 17:21:56,6.2229806316466085,70785.27664531714,-171744.31102793026,70774.48352805714,-171732.16460188924,70769.42297236848,-171735.8381449477,-90,15.0
2024-01-26 17:21:57,7.078194767679765,70785.27664531714,-171744.31102793026,70774.48352805714,-171732.16460188924,70768.52928249807,-171736.1199132949,-90,15.0
2024-01-26 17:21:57,5.654881419887754,70785.27664531714,-171744.31102793026,70774.48352805714,-171732.16460188924,70769.45192689118,-171735.0154633953,-90,15.0
2024-01-26 17:21:58,5.684028901253841,70785.27664531714,-171744.31102793026,70774.48352805714,-171732.16460188924,70769.57844555598,-171735.20172694925,-90,15.0
2024-01-26 17:21:58,3.2762808005617017,70785.27664531714,-171744.31102793026,70774.48352805714,-171732.16460188924,70771.34077595337,-171733.56019339804,-90,15.0
2024-01-26 17:21:59,2.150335982763067,70785.27664531714,-171744.31102793026,70774.48352805714,-171732.16460188924,70771.70742687152,-171732.27772084062,-90,15.0
2024-01-26 17:21:59,0.6722689943250849,70785.27664531714,-171744.31102793026,70774.48352805714,-171732.16460188924,70772.1181543128,-171730.5147356772,-90,15.0
2024-01-26 17:22:00,-0.3099934939854191,70785.27664531714,-171744.31102793026,70774.48352805714,-171732.16460188924,70772.79990627135,-171729.80318553635,-90,15.0
2024-01-26 17:22:00,-1.0121489449179333,70785.27664531714,-171744.31102793026,70774.48352805714,-171732.16460188924,70773.54007089764,-171729.5790700078,-90,15.0
2024-01-26 17:22:01,-1.2885066513656294,70785.27664531714,-171744.31102793026,70774.48352805714,-171732.16460188924,70773.813045127,-171729.47021823452,-90,15.0
2024-01-26 17:22:01,-1.218386423085682,70785.27664531714,-171744.31102793026,70774.48352805714,-171732.16460188924,70773.97181750352,-171729.75446365387,-90,15.0
2024-01-26 17:22:02,-1.0803394746541346,70785.27664531714,-171744.31102793026,70774.48352805714,-171732.16460188924,70774.39792232485,-171730.44182420327,-90,15.0
2024-01-26 17:22:02,-1.0113328731724363,70785.27664531714,-171744.31102793026,70774.48352805714,-171732.16460188924,70774.66887738279,-171730.85064192087,-90,15.0
