timestamp,直線との距離:,startx:,starty:,goalx:,goaly:,x:,y:,操作量,sp
2024-01-26 16:59:56,-0.0,70775.2631433746,-171739.63298804624,70774.48352805714,-171732.16460188924,70775.2631433746,-171739.63298804624,0,15.0
timestamp,直線との距離:,startx:,starty:,goalx:,goaly:,x:,y:,操作量,sp
2024-01-26 16:59:56,-0.0,70775.2631433746,-171739.63298804624,70774.48352805714,-171732.16460188924,70775.2631433746,-171739.63298804624,0,15.0
2024-01-26 16:59:56,-0.0,70775.2631433746,-171739.63298804624,70774.48352805714,-171732.16460188924,70775.2631433746,-171739.63298804624,0,15.0
2024-01-26 16:59:56,-0.5579879914168002,70775.2631433746,-171739.63298804624,70774.48352805714,-171732.16460188924,70775.86837954764,-171740.05656079605,8,15.0
2024-01-26 16:59:57,-1.253600317024967,70775.2631433746,-171739.63298804624,70774.48352805714,-171732.16460188924,70776.57672396277,-171740.14232017944,21,15.0
2024-01-26 16:59:57,-1.253600317024967,70775.2631433746,-171739.63298804624,70774.48352805714,-171732.16460188924,70776.57672396277,-171740.14232017944,27,15.0
2024-01-26 16:59:58,-1.4092488206060283,70775.2631433746,-171739.63298804624,70774.48352805714,-171732.16460188924,70776.70992419399,-171739.91917322893,36,15.0
2024-01-26 16:59:59,-1.4744693147247183,70775.2631433746,-171739.63298804624,70774.48352805714,-171732.16460188924,70776.7522239378,-171739.6962071828,44,15.0
2024-01-26 16:59:59,-1.2483227615976606,70775.2631433746,-171739.63298804624,70774.48352805714,-171732.16460188924,70776.47798225084,-171739.24724766472,48,15.0
2024-01-26 17:00:00,-1.0568852483678397,70775.2631433746,-171739.63298804624,70774.48352805714,-171732.16460188924,70776.2914032511,-171739.30375506205,51,15.0
2024-01-26 17:00:00,-0.5786341047396456,70775.2631433746,-171739.63298804624,70774.48352805714,-171732.16460188924,70775.82803168734,-171739.4711895449,49,15.0
2024-01-26 17:00:01,-0.35419500992474706,70775.2631433746,-171739.63298804624,70774.48352805714,-171732.16460188924,70775.63226561518,-171739.75754773227,49,15.0
2024-01-26 17:00:01,-0.11736493028263455,70775.2631433746,-171739.63298804624,70774.48352805714,-171732.16460188924,70775.47063980013,-171740.49030059323,47,15.0
2024-01-26 17:00:02,-0.14638691502507276,70775.2631433746,-171739.63298804624,70774.48352805714,-171732.16460188924,70775.546161675,-171740.93423926257,48,15.0
2024-01-26 17:00:02,-0.14638691502507276,70775.2631433746,-171739.63298804624,70774.48352805714,-171732.16460188924,70775.546161675,-171740.93423926257,49,15.0
2024-01-26 17:00:03,-0.23265316797075203,70775.2631433746,-171739.63298804624,70774.48352805714,-171732.16460188924,70775.67912011103,-171741.37704028495,51,15.0
2024-01-26 17:00:03,-0.4078459390833154,70775.2631433746,-171739.63298804624,70774.48352805714,-171732.16460188924,70775.91164524842,-171741.9171408908,55,15.0
2024-01-26 17:00:04,-0.6270934688044512,70775.2631433746,-171739.63298804624,70774.48352805714,-171732.16460188924,70776.16127345376,-171742.1967624798,60,15.0
2024-01-26 17:00:04,-1.0188339708076521,70775.2631433746,-171739.63298804624,70774.48352805714,-171732.16460188924,70776.59239225085,-171742.55359870443,69,15.0
2024-01-26 17:00:05,-1.5455834691661583,70775.2631433746,-171739.63298804624,70774.48352805714,-171732.16460188924,70777.15256541755,-171742.84636449892,82,15.0
2024-01-26 17:00:05,-1.7581844787472027,70775.2631433746,-171739.63298804624,70774.48352805714,-171732.16460188924,70777.38484182353,-171743.02377999588,93,15.0
2024-01-26 17:00:06,-2.223124323142417,70775.2631433746,-171739.63298804624,70774.48352805714,-171732.16460188924,70777.8610421507,-171743.10744918813,90,15.0
2024-01-26 17:00:06,-2.447778878352837,70775.2631433746,-171739.63298804624,70774.48352805714,-171732.16460188924,70778.07440002728,-171742.98753783753,90,15.0
2024-01-26 17:00:07,-2.385095180650324,70775.2631433746,-171739.63298804624,70774.48352805714,-171732.16460188924,70778.01466644889,-171743.01906160804,90,15.0
2024-01-26 17:00:07,-2.385095180650324,70775.2631433746,-171739.63298804624,70774.48352805714,-171732.16460188924,70778.01466644889,-171743.01906160804,90,15.0
2024-01-26 17:00:08,-2.169822173056509,70775.2631433746,-171739.63298804624,70774.48352805714,-171732.16460188924,70777.79847180942,-171743.02143835652,90,15.0
2024-01-26 17:00:08,-1.8941630941658019,70775.2631433746,-171739.63298804624,70774.48352805714,-171732.16460188924,70777.53201378895,-171743.12392948417,90,15.0
2024-01-26 17:00:09,-1.6061604962361897,70775.2631433746,-171739.63298804624,70774.48352805714,-171732.16460188924,70777.25140144912,-171743.20971642455,90,15.0
2024-01-26 17:00:10,-1.3817022390609428,70775.2631433746,-171739.63298804624,70774.48352805714,-171732.16460188924,70777.04105940321,-171743.35662749168,90,15.0
2024-01-26 17:00:10,-1.4537217329914058,70775.2631433746,-171739.63298804624,70774.48352805714,-171732.16460188924,70777.1427581294,-171743.6371932011,90,15.0
2024-01-26 17:00:11,-1.5755836069814395,70775.2631433746,-171739.63298804624,70774.48352805714,-171732.16460188924,70777.29312705965,-171743.9039355161,90,15.0
2024-01-26 17:00:11,-1.9791030824095475,70775.2631433746,-171739.63298804624,70774.48352805714,-171732.16460188924,70777.75941727373,-171744.48424836076,90,15.0
2024-01-26 17:00:12,-2.261123570284878,70775.2631433746,-171739.63298804624,70774.48352805714,-171732.16460188924,70778.0787919905,-171744.82740613373,90,15.0
2024-01-26 17:00:12,-2.7319807453781753,70775.2631433746,-171739.63298804624,70774.48352805714,-171732.16460188924,70778.60750160251,-171745.35709859518,90,15.0
2024-01-26 17:00:13,-3.130375197845673,70775.2631433746,-171739.63298804624,70774.48352805714,-171732.16460188924,70779.06569056449,-171745.9091671913,90,15.0
2024-01-26 17:00:13,-3.8998372055888457,70775.2631433746,-171739.63298804624,70774.48352805714,-171732.16460188924,70779.87280327296,-171746.22979227445,90,15.0
2024-01-26 17:00:14,-4.12049145627846,70775.2631433746,-171739.63298804624,70774.48352805714,-171732.16460188924,70780.07474915257,-171746.0390882616,90,15.0
2024-01-26 17:00:14,-4.468878916320242,70775.2631433746,-171739.63298804624,70774.48352805714,-171732.16460188924,70780.4170141898,-171745.96230343933,90,15.0
2024-01-26 17:00:15,-4.696416801932044,70775.2631433746,-171739.63298804624,70774.48352805714,-171732.16460188924,70780.63780490369,-171745.8858243615,90,15.0
2024-01-26 17:00:15,-4.730627538977252,70775.2631433746,-171739.63298804624,70774.48352805714,-171732.16460188924,70780.65399821673,-171745.71144426375,90,15.0
2024-01-26 17:00:16,-4.718562687841788,70775.2631433746,-171739.63298804624,70774.48352805714,-171732.16460188924,70780.62052818574,-171745.50701967345,90,15.0
2024-01-26 17:00:16,-4.471670722828725,70775.2631433746,-171739.63298804624,70774.48352805714,-171732.16460188924,70780.36371493657,-171745.4248294058,90,15.0
2024-01-26 17:00:17,-4.17983396670675,70775.2631433746,-171739.63298804624,70774.48352805714,-171732.16460188924,70780.0947544169,-171745.6591650712,90,15.0
2024-01-26 17:00:17,-4.174123116773531,70775.2631433746,-171739.63298804624,70774.48352805714,-171732.16460188924,70780.11921320383,-171745.94847474326,90,15.0
2024-01-26 17:00:18,-4.256401290199537,70775.2631433746,-171739.63298804624,70774.48352805714,-171732.16460188924,70780.23772156952,-171746.29126189422,90,15.0
2024-01-26 17:00:18,-4.539193574284334,70775.2631433746,-171739.63298804624,70774.48352805714,-171732.16460188924,70780.5576204664,-171746.63200743505,90,15.0
2024-01-26 17:00:19,-4.857285519196741,70775.2631433746,-171739.63298804624,70774.48352805714,-171732.16460188924,70780.91196940013,-171746.96277648522,90,15.0
2024-01-26 17:00:19,-5.358822036446909,70775.2631433746,-171739.63298804624,70774.48352805714,-171732.16460188924,70781.4759328095,-171747.5346933494,90,15.0
2024-01-26 17:00:20,-5.993170706761497,70775.2631433746,-171739.63298804624,70774.48352805714,-171732.16460188924,70782.14838411748,-171747.8666808446,90,15.0
2024-01-26 17:00:20,-6.319166853459009,70775.2631433746,-171739.63298804624,70774.48352805714,-171732.16460188924,70782.49003366979,-171747.9996648145,90,15.0
2024-01-26 17:00:21,-6.524288231136893,70775.2631433746,-171739.63298804624,70774.48352805714,-171732.16460188924,70782.69715204208,-171748.00811801,90,15.0
2024-01-26 17:00:21,-6.750969650377179,70775.2631433746,-171739.63298804624,70774.48352805714,-171732.16460188924,70782.92183181664,-171747.97714366272,90,15.0
2024-01-26 17:00:22,-7.094116657268442,70775.2631433746,-171739.63298804624,70774.48352805714,-171732.16460188924,70783.25221152038,-171747.8369764684,90,15.0
2024-01-26 17:00:23,-7.166154069268506,70775.2631433746,-171739.63298804624,70774.48352805714,-171732.16460188924,70783.2984813782,-171747.58638440032,90,15.0
2024-01-26 17:00:23,-7.174179482956366,70775.2631433746,-171739.63298804624,70774.48352805714,-171732.16460188924,70783.2654200717,-171747.19237319136,90,15.0
2024-01-26 17:00:24,-7.126639104985391,70775.2631433746,-171739.63298804624,70774.48352805714,-171732.16460188924,70783.2078451447,-171747.0987210575,90,15.0
2024-01-26 17:00:24,-6.865837373742159,70775.2631433746,-171739.63298804624,70774.48352805714,-171732.16460188924,70782.95542135592,-171747.19255371264,90,15.0
2024-01-26 17:00:25,-6.431227855294756,70775.2631433746,-171739.63298804624,70774.48352805714,-171732.16460188924,70782.5462495393,-171747.45885887893,90,15.0
2024-01-26 17:00:25,-6.010239190922727,70775.2631433746,-171739.63298804624,70774.48352805714,-171732.16460188924,70782.12892301312,-171747.51585431796,90,15.0
