timestamp,直線との距離:,startx:,starty:,goalx:,goaly:,x:,y:,操作量,sp
2024-01-31 11:12:44,-0.0,70777.071485134,-171758.95021869466,70774.48352805714,-171732.16460188924,70777.071485134,-171758.95021869466,0,15.0
timestamp,直線との距離:,startx:,starty:,goalx:,goaly:,x:,y:,操作量,sp
2024-01-31 11:12:44,-0.0,70777.071485134,-171758.95021869466,70774.48352805714,-171732.16460188924,70777.071485134,-171758.95021869466,0,15.0
2024-01-31 11:12:45,-0.0,70777.071485134,-171758.95021869466,70774.48352805714,-171732.16460188924,70777.071485134,-171758.95021869466,0,15.0
2024-01-31 11:12:45,-0.01434445647582699,70777.071485134,-171758.95021869466,70774.48352805714,-171732.16460188924,70777.08618607918,-171758.95321703606,0,15.0
2024-01-31 11:12:46,-0.013874487479790459,70777.071485134,-171758.95021869466,70774.48352805714,-171732.16460188924,70777.0595882055,-171758.68281323803,0,15.0
2024-01-31 11:12:46,-0.03053736283657751,70777.071485134,-171758.95021869466,70774.48352805714,-171732.16460188924,70777.04092937104,-171758.31642688613,0,15.0
2024-01-31 11:12:47,-0.07698531088522978,70777.071485134,-171758.95021869466,70774.48352805714,-171732.16460188924,70777.02335832534,-171757.65158521477,0,15.0
2024-01-31 11:12:47,-0.1670878758165975,70777.071485134,-171758.95021869466,70774.48352805714,-171732.16460188924,70777.04445565949,-171756.93303148774,1,15.0
2024-01-31 11:12:48,-0.22241483629004405,70777.071485134,-171758.95021869466,70774.48352805714,-171732.16460188924,70777.0497349713,-171756.4123667102,2,15.0
2024-01-31 11:12:48,-0.3385310801859413,70777.071485134,-171758.95021869466,70774.48352805714,-171732.16460188924,70777.09013301613,-171755.62307931622,3,15.0
2024-01-31 11:12:49,-0.4980630952504658,70777.071485134,-171758.95021869466,70774.48352805714,-171732.16460188924,70777.17458881883,-171754.83834406154,5,15.0
2024-01-31 11:12:49,-0.6024355886990927,70777.071485134,-171758.95021869466,70774.48352805714,-171732.16460188924,70777.22709237902,-171754.29646498195,6,15.0
2024-01-31 11:12:50,-0.811411489352382,70777.071485134,-171758.95021869466,70774.48352805714,-171732.16460188924,70777.3587254919,-171753.48588742127,8,15.0
2024-01-31 11:12:50,-0.902277327079328,70777.071485134,-171758.95021869466,70774.48352805714,-171732.16460188924,70777.39872711762,-171752.95505828154,9,15.0
2024-01-31 11:12:51,-1.0967880793153424,70777.071485134,-171758.95021869466,70774.48352805714,-171732.16460188924,70777.51552027925,-171752.1412986433,11,15.0
2024-01-31 11:12:51,-1.2604723373077962,70777.071485134,-171758.95021869466,70774.48352805714,-171732.16460188924,70777.60285692585,-171751.34320415682,12,15.0
2024-01-31 11:12:52,-1.3649814378451053,70777.071485134,-171758.95021869466,70774.48352805714,-171732.16460188924,70777.65764201379,-171750.8235186385,13,15.0
2024-01-31 11:12:53,-1.4868184472737205,70777.071485134,-171758.95021869466,70774.48352805714,-171732.16460188924,70777.7027274991,-171750.02326050523,14,15.0
2024-01-31 11:12:53,-1.5737151717622018,70777.071485134,-171758.95021869466,70774.48352805714,-171732.16460188924,70777.71102880724,-171749.20560190044,15,15.0
2024-01-31 11:12:54,-1.6010771286707937,70777.071485134,-171758.95021869466,70774.48352805714,-171732.16460188924,70777.68774001785,-171748.68004281653,16,15.0
2024-01-31 11:12:54,-1.6028362249622707,70777.071485134,-171758.95021869466,70774.48352805714,-171732.16460188924,70777.61262813486,-171747.88433564428,16,15.0
2024-01-31 11:12:55,-1.5829669944330556,70777.071485134,-171758.95021869466,70774.48352805714,-171732.16460188924,70777.54159511646,-171747.35574290596,15,15.0
2024-01-31 11:12:55,-1.4984638220301816,70777.071485134,-171758.95021869466,70774.48352805714,-171732.16460188924,70777.37983259067,-171746.5601735613,14,15.0
2024-01-31 11:12:56,-1.2720104154172605,70777.071485134,-171758.95021869466,70774.48352805714,-171732.16460188924,70777.02768845389,-171745.2701760847,12,15.0
2024-01-31 11:12:56,-1.2720104154172605,70777.071485134,-171758.95021869466,70774.48352805714,-171732.16460188924,70777.02768845389,-171745.2701760847,12,15.0
2024-01-31 11:12:57,-1.0935241414176182,70777.071485134,-171758.95021869466,70774.48352805714,-171732.16460188924,70776.80040427168,-171744.77371522452,10,15.0
2024-01-31 11:12:57,-0.8324948608700397,70777.071485134,-171758.95021869466,70774.48352805714,-171732.16460188924,70776.47301127343,-171744.0994247473,8,15.0
2024-01-31 11:12:58,-0.5173663456400635,70777.071485134,-171758.95021869466,70774.48352805714,-171732.16460188924,70776.09546617717,-171743.46859492623,4,15.0
2024-01-31 11:12:58,-0.28677747176371765,70777.071485134,-171758.95021869466,70774.48352805714,-171732.16460188924,70775.82162430957,-171743.0320356527,2,15.0
2024-01-31 11:12:59,0.472995587100142,70777.071485134,-171758.95021869466,70774.48352805714,-171732.16460188924,70774.93504119209,-171741.75615714994,-6,15.0
2024-01-31 11:12:59,0.7096625987203099,70777.071485134,-171758.95021869466,70774.48352805714,-171732.16460188924,70774.65670716843,-171741.33630589172,-8,15.0
2024-01-31 11:13:00,0.7096625987203099,70777.071485134,-171758.95021869466,70774.48352805714,-171732.16460188924,70774.65670716843,-171741.33630589172,-8,15.0
2024-01-31 11:13:00,1.279979639257381,70777.071485134,-171758.95021869466,70774.48352805714,-171732.16460188924,70773.97987962016,-171740.26139867297,-14,15.0
2024-01-31 11:13:01,1.5391553907723219,70777.071485134,-171758.95021869466,70774.48352805714,-171732.16460188924,70773.65288159461,-171739.571922657,-16,15.0
2024-01-31 11:13:01,1.6595942517421232,70777.071485134,-171758.95021869466,70774.48352805714,-171732.16460188924,70773.48646710513,-171739.10187499473,-17,15.0
2024-01-31 11:13:02,1.6595942517421232,70777.071485134,-171758.95021869466,70774.48352805714,-171732.16460188924,70773.48646710513,-171739.10187499473,-17,15.0
2024-01-31 11:13:02,1.8687130334501083,70777.071485134,-171758.95021869466,70774.48352805714,-171732.16460188924,70773.1541873392,-171737.83722517575,-19,15.0
2024-01-31 11:13:03,1.8718424930939246,70777.071485134,-171758.95021869466,70774.48352805714,-171732.16460188924,70773.10140306698,-171737.3234436855,-19,15.0
2024-01-31 11:13:03,1.8594961153556946,70777.071485134,-171758.95021869466,70774.48352805714,-171732.16460188924,70773.0642587059,-171736.8106144944,-19,15.0
2024-01-31 11:13:04,1.7468762942164373,70777.071485134,-171758.95021869466,70774.48352805714,-171732.16460188924,70773.10307746168,-171736.0413381429,-18,15.0
2024-01-31 11:13:05,1.5145247875781171,70777.071485134,-171758.95021869466,70774.48352805714,-171732.16460188924,70773.26381903175,-171735.28896954842,-15,15.0
2024-01-31 11:13:05,1.3089717835624037,70777.071485134,-171758.95021869466,70774.48352805714,-171732.16460188924,70773.42404001273,-171734.80987160344,-13,15.0
2024-01-31 11:13:05,0.9714379371054663,70777.071485134,-171758.95021869466,70774.48352805714,-171732.16460188924,70773.69233391275,-171734.07696322617,-10,15.0
2024-01-31 11:13:06,0.6832310202497905,70777.071485134,-171758.95021869466,70774.48352805714,-171732.16460188924,70773.93978341583,-171733.64122931994,-7,15.0
