timestamp,直線との距離:,startx:,starty:,goalx:,goaly:,x:,y:,操作量,sp
2024-02-08 10:59:51,0.0,70785.86915144643,-171735.91914311994,70772.9149468953,-171738.43357661384,70785.86915144643,-171735.91914311994,0,20.0
timestamp,直線との距離:,startx:,starty:,goalx:,goaly:,x:,y:,操作量,sp
2024-02-08 10:59:51,0.0,70785.86915144643,-171735.91914311994,70772.9149468953,-171738.43357661384,70785.86915144643,-171735.91914311994,0,20.0
2024-02-08 10:59:51,0.004755835851340549,70785.86915144643,-171735.91914311994,70772.9149468953,-171738.43357661384,70785.87535818588,-171735.92278297784,-1,20.0
2024-02-08 10:59:52,0.004755835851340549,70785.86915144643,-171735.91914311994,70772.9149468953,-171738.43357661384,70785.87535818588,-171735.92278297784,-1,20.0
2024-02-08 10:59:52,0.005935443706507157,70785.86915144643,-171735.91914311994,70772.9149468953,-171738.43357661384,70785.8828964462,-171735.92252141202,-1,20.0
2024-02-08 10:59:53,0.010857386088575383,70785.86915144643,-171735.91914311994,70772.9149468953,-171738.43357661384,70785.8880101933,-171735.92654262832,-1,20.0
2024-02-08 10:59:53,0.01284839155172533,70785.86915144643,-171735.91914311994,70772.9149468953,-171738.43357661384,70785.89500946156,-171735.927212223,-1,20.0
2024-02-08 10:59:54,0.016867103843352955,70785.86915144643,-171735.91914311994,70772.9149468953,-171738.43357661384,70785.90216647412,-171735.92991675032,-1,20.0
2024-02-08 10:59:54,0.020357115965784267,70785.86915144643,-171735.91914311994,70772.9149468953,-171738.43357661384,70785.90740229758,-171735.93245561616,-1,20.0
2024-02-08 10:59:55,0.02351649186679323,70785.86915144643,-171735.91914311994,70772.9149468953,-171738.43357661384,70785.91181368427,-171735.93481769954,-1,20.0
2024-02-08 10:59:56,0.02567518710051846,70785.86915144643,-171735.91914311994,70772.9149468953,-171738.43357661384,70785.91470953873,-171735.93645459338,-1,20.0
2024-02-08 10:59:56,0.027593499641021133,70785.86915144643,-171735.91914311994,70772.9149468953,-171738.43357661384,70785.9182871045,-171735.9377142968,-1,20.0
2024-02-08 10:59:57,0.030926183892691472,70785.86915144643,-171735.91914311994,70772.9149468953,-171738.43357661384,70785.92365814417,-171735.94006665278,-1,20.0
2024-02-08 10:59:57,0.0326360718427123,70785.86915144643,-171735.91914311994,70772.9149468953,-171738.43357661384,70785.93010716581,-171735.9405566871,-1,20.0
2024-02-08 10:59:58,0.03604303128547709,70785.86915144643,-171735.91914311994,70772.9149468953,-171738.43357661384,70785.93588948862,-171735.94290487372,-1,20.0
2024-02-08 10:59:58,0.038364671255813325,70785.86915144643,-171735.91914311994,70772.9149468953,-171738.43357661384,70785.94371319584,-171735.9437512487,-1,20.0
2024-02-08 10:59:59,0.038364671255813325,70785.86915144643,-171735.91914311994,70772.9149468953,-171738.43357661384,70785.94371319584,-171735.9437512487,-1,20.0
2024-02-08 10:59:59,0.040341280393169705,70785.86915144643,-171735.91914311994,70772.9149468953,-171738.43357661384,70785.94660717144,-171735.94520302277,-1,20.0
2024-02-08 11:00:00,0.042714017940344844,70785.86915144643,-171735.91914311994,70772.9149468953,-171738.43357661384,70785.95169464312,-171735.94663255705,-1,20.0
