timestamp,直線との距離:,startx:,starty:,goalx:,goaly:,x:,y:,操作量,sp
timestamp,直線との距離:,startx:,starty:,goalx:,goaly:,x:,y:,操作量,sp
2024-01-26 16:54:47,-0.0,70773.72807098963,-171752.23763998508,70774.48352805714,-171732.16460188924,70773.72807098963,-171752.23763998508,0,15.0
2024-01-26 16:54:47,-0.0,70773.72807098963,-171752.23763998508,70774.48352805714,-171732.16460188924,70773.72807098963,-171752.23763998508,0,15.0
2024-01-26 16:54:48,-0.0,70773.72807098963,-171752.23763998508,70774.48352805714,-171732.16460188924,70773.72807098963,-171752.23763998508,0,15.0
2024-01-26 16:54:49,0.054356425658390384,70773.72807098963,-171752.23763998508,70774.48352805714,-171732.16460188924,70773.68239626306,-171752.00593848934,-1,15.0
2024-01-26 16:54:49,0.102502988858036,70773.72807098963,-171752.23763998508,70774.48352805714,-171732.16460188924,70773.6468973809,-171751.66897481258,-1,15.0
2024-01-26 16:54:50,0.24250270096340606,70773.72807098963,-171752.23763998508,70774.48352805714,-171732.16460188924,70773.52967785804,-171751.06105524497,-1,15.0
2024-01-26 16:54:50,0.38531846745239234,70773.72807098963,-171752.23763998508,70774.48352805714,-171732.16460188924,70773.40213901065,-171750.65244999313,-1,15.0
2024-01-26 16:54:51,0.6141448997297146,70773.72807098963,-171752.23763998508,70774.48352805714,-171732.16460188924,70773.1908796501,-171750.18137578722,-1,15.0
2024-01-26 16:54:51,0.6141448997297146,70773.72807098963,-171752.23763998508,70774.48352805714,-171732.16460188924,70773.1908796501,-171750.18137578722,-1,15.0
2024-01-26 16:54:52,1.0328730820652914,70773.72807098963,-171752.23763998508,70774.48352805714,-171732.16460188924,70772.78829174378,-171749.74464031894,-2,15.0
2024-01-26 16:54:52,1.4107184896980103,70773.72807098963,-171752.23763998508,70774.48352805714,-171732.16460188924,70772.41814813577,-171749.53289029124,-2,15.0
2024-01-26 16:54:53,2.429233969952537,70773.72807098963,-171752.23763998508,70774.48352805714,-171732.16460188924,70771.40645498285,-171749.3324567997,-3,15.0
2024-01-26 16:54:53,3.0262484605508413,70773.72807098963,-171752.23763998508,70774.48352805714,-171732.16460188924,70770.80441936121,-171749.45464139778,-4,15.0
2024-01-26 16:54:54,3.0262484605508413,70773.72807098963,-171752.23763998508,70774.48352805714,-171732.16460188924,70770.80441936121,-171749.45464139778,-5,15.0
2024-01-26 16:54:54,3.8568511979854194,70773.72807098963,-171752.23763998508,70774.48352805714,-171732.16460188924,70769.95641234051,-171749.90146122532,-6,15.0
2024-01-26 16:54:55,3.8568511979854194,70773.72807098963,-171752.23763998508,70774.48352805714,-171732.16460188924,70769.95641234051,-171749.90146122532,-7,15.0
2024-01-26 16:54:55,4.252889743149589,70773.72807098963,-171752.23763998508,70774.48352805714,-171732.16460188924,70769.54395196759,-171750.33035111,-8,15.0
2024-01-26 16:54:56,4.450297930383868,70773.72807098963,-171752.23763998508,70774.48352805714,-171732.16460188924,70769.33331481113,-171750.6781408906,-10,15.0
2024-01-26 16:54:56,4.624658967791017,70773.72807098963,-171752.23763998508,70774.48352805714,-171732.16460188924,70769.11320490658,-171751.89044130882,-11,15.0
2024-01-26 16:54:57,4.624658967791017,70773.72807098963,-171752.23763998508,70774.48352805714,-171732.16460188924,70769.11320490658,-171751.89044130882,-13,15.0
2024-01-26 16:54:57,4.582051054277482,70773.72807098963,-171752.23763998508,70774.48352805714,-171732.16460188924,70769.1391023021,-171752.3352533005,-14,15.0
2024-01-26 16:54:58,4.436471187095272,70773.72807098963,-171752.23763998508,70774.48352805714,-171732.16460188924,70769.25804643161,-171753.04572253354,-15,15.0
2024-01-26 16:54:58,4.215757651784788,70773.72807098963,-171752.23763998508,70774.48352805714,-171732.16460188924,70769.45321682843,-171753.72857396305,-16,15.0
2024-01-26 16:54:59,4.03346612327234,70773.72807098963,-171752.23763998508,70774.48352805714,-171732.16460188924,70769.6183018215,-171754.18919309071,-18,15.0
2024-01-26 16:54:59,3.6546215945325704,70773.72807098963,-171752.23763998508,70774.48352805714,-171732.16460188924,70769.97256321173,-171754.84951123912,-19,15.0
2024-01-26 16:55:00,3.4043258541607693,70773.72807098963,-171752.23763998508,70774.48352805714,-171732.16460188924,70770.2052316299,-171755.32259020416,-20,15.0
2024-01-26 16:55:00,2.981835316644795,70773.72807098963,-171752.23763998508,70774.48352805714,-171732.16460188924,70770.60202950359,-171756.01321026636,-21,15.0
2024-01-26 16:55:01,2.6829552736445286,70773.72807098963,-171752.23763998508,70774.48352805714,-171732.16460188924,70770.88389978121,-171756.4707942235,-21,15.0
2024-01-26 16:55:02,1.7576044840756548,70773.72807098963,-171752.23763998508,70774.48352805714,-171732.16460188924,70771.75602202464,-171757.90252182845,-22,15.0
2024-01-26 16:55:02,1.7576044840756548,70773.72807098963,-171752.23763998508,70774.48352805714,-171732.16460188924,70771.75602202464,-171757.90252182845,-22,15.0
2024-01-26 16:55:03,1.4263215151631978,70773.72807098963,-171752.23763998508,70774.48352805714,-171732.16460188924,70772.07058845113,-171758.35292417355,-23,15.0
2024-01-26 16:55:03,0.9780935540353407,70773.72807098963,-171752.23763998508,70774.48352805714,-171732.16460188924,70772.49207835367,-171759.0718052751,-23,15.0
2024-01-26 16:55:04,0.48516050050139364,70773.72807098963,-171752.23763998508,70774.48352805714,-171732.16460188924,70772.96086628533,-171759.72263113086,-23,15.0
2024-01-26 16:55:04,-0.3185634357940589,70773.72807098963,-171752.23763998508,70774.48352805714,-171732.16460188924,70773.72139900937,-171760.88537162045,-23,15.0
2024-01-26 16:55:05,-0.3185634357940589,70773.72807098963,-171752.23763998508,70774.48352805714,-171732.16460188924,70773.72139900937,-171760.88537162045,-23,15.0
2024-01-26 16:55:05,-0.8312044689724253,70773.72807098963,-171752.23763998508,70774.48352805714,-171732.16460188924,70774.20679364254,-171761.6189713967,-22,15.0
2024-01-26 16:55:06,-1.6510788949526458,70773.72807098963,-171752.23763998508,70774.48352805714,-171732.16460188924,70774.98523010458,-171762.73543062428,-22,15.0
2024-01-26 16:55:06,-1.6510788949526458,70773.72807098963,-171752.23763998508,70774.48352805714,-171732.16460188924,70774.98523010458,-171762.73543062428,-21,15.0
