timestamp,直線との距離:,startx:,starty:,goalx:,goaly:,x:,y:,操作量,sp
2024-02-08 14:24:55,0.0,70785.42243896033,-171736.53962999495,70772.9149468953,-171738.43357661384,70785.42243896033,-171736.53962999495,0,20.0
timestamp,直線との距離:,startx:,starty:,goalx:,goaly:,x:,y:,操作量,sp
2024-02-08 14:24:55,0.0,70785.42243896033,-171736.53962999495,70772.9149468953,-171738.43357661384,70785.42243896033,-171736.53962999495,0,20.0
2024-02-08 14:24:55,-0.0025938258358138896,70785.42243896033,-171736.53962999495,70772.9149468953,-171738.43357661384,70785.4300786551,-171736.53584975953,0,20.0
2024-02-08 14:24:56,-0.026148928497212218,70785.42243896033,-171736.53962999495,70772.9149468953,-171738.43357661384,70785.16056041654,-171736.55283792515,0,20.0
2024-02-08 14:24:57,-0.026148928497212218,70785.42243896033,-171736.53962999495,70772.9149468953,-171738.43357661384,70785.16056041654,-171736.55283792515,0,20.0
2024-02-08 14:24:57,-0.2063755232355208,70785.42243896033,-171736.53962999495,70772.9149468953,-171738.43357661384,70783.9202049475,-171736.5583775768,3,20.0
2024-02-08 14:24:58,-0.24062416222748834,70785.42243896033,-171736.53962999495,70772.9149468953,-171738.43357661384,70783.43523769669,-171736.59717466246,2,20.0
2024-02-08 14:24:58,-0.3941238164305736,70785.42243896033,-171736.53962999495,70772.9149468953,-171738.43357661384,70782.69414670405,-171736.55414482727,5,20.0
2024-02-08 14:24:59,-0.5179118807701373,70785.42243896033,-171736.53962999495,70772.9149468953,-171738.43357661384,70782.17622878822,-171736.50737131102,6,20.0
2024-02-08 14:24:59,-0.6928044225602134,70785.42243896033,-171736.53962999495,70772.9149468953,-171738.43357661384,70781.39206993443,-171736.44922626356,8,20.0
2024-02-08 14:25:00,-0.881801521907304,70785.42243896033,-171736.53962999495,70772.9149468953,-171738.43357661384,70780.63405099414,-171736.372857634,10,20.0
2024-02-08 14:25:00,-1.0484753804936144,70785.42243896033,-171736.53962999495,70772.9149468953,-171738.43357661384,70779.87858785811,-171736.31867971274,11,20.0
2024-02-08 14:25:01,-1.1544358335838785,70785.42243896033,-171736.53962999495,70772.9149468953,-171738.43357661384,70779.39001162817,-171736.28549397472,12,20.0
2024-02-08 14:25:01,-1.2893244671792743,70785.42243896033,-171736.53962999495,70772.9149468953,-171738.43357661384,70778.90401410809,-171736.22265980017,13,20.0
2024-02-08 14:25:02,-1.2893244671792743,70785.42243896033,-171736.53962999495,70772.9149468953,-171738.43357661384,70778.90401410809,-171736.22265980017,12,20.0
2024-02-08 14:25:03,-1.55162005089752,70785.42243896033,-171736.53962999495,70772.9149468953,-171738.43357661384,70777.33563390466,-171736.1948660299,17,20.0
2024-02-08 14:25:03,-1.622759491718255,70785.42243896033,-171736.53962999495,70772.9149468953,-171738.43357661384,70776.90107792764,-171736.1887182409,16,20.0
2024-02-08 14:25:04,-1.6922915571624908,70785.42243896033,-171736.53962999495,70772.9149468953,-171738.43357661384,70776.26968000304,-171736.2140029372,17,20.0
2024-02-08 14:25:04,-1.6922915571624908,70785.42243896033,-171736.53962999495,70772.9149468953,-171738.43357661384,70776.26968000304,-171736.2140029372,16,20.0
2024-02-08 14:25:05,-1.725987943112552,70785.42243896033,-171736.53962999495,70772.9149468953,-171738.43357661384,70774.95265622363,-171736.3793527069,17,20.0
2024-02-08 14:25:05,-1.6887392696133126,70785.42243896033,-171736.53962999495,70772.9149468953,-171738.43357661384,70774.49990723761,-171736.48558350911,16,20.0
2024-02-08 14:25:06,-1.613110989763872,70785.42243896033,-171736.53962999495,70772.9149468953,-171738.43357661384,70773.85671617035,-171736.65946912346,15,20.0
2024-02-08 14:25:06,-1.5161582575793762,70785.42243896033,-171736.53962999495,70772.9149468953,-171738.43357661384,70773.23906937518,-171736.85105424363,14,20.0
2024-02-08 14:25:07,-1.4166624713374207,70785.42243896033,-171736.53962999495,70772.9149468953,-171738.43357661384,70772.84404372495,-171737.01150100777,13,20.0
timestamp,直線との距離:,startx:,starty:,goalx:,goaly:,x:,y:,操作量,sp
2024-02-08 14:25:07,0.0,70772.21811771458,-171737.31962247923,70767.81304474265,-171743.65567093433,70772.21811771458,-171737.31962247923,-2,25.0
2024-02-08 14:25:08,-0.31197518821146253,70772.21811771458,-171737.31962247923,70767.81304474265,-171743.65567093433,70771.61521572634,-171737.64028511586,3,25.0
2024-02-08 14:25:08,-0.5111855853070765,70772.21811771458,-171737.31962247923,70767.81304474265,-171743.65567093433,70771.21712833487,-171737.86389526734,5,25.0
2024-02-08 14:25:09,-0.5111855853070765,70772.21811771458,-171737.31962247923,70767.81304474265,-171743.65567093433,70771.21712833487,-171737.86389526734,5,25.0
2024-02-08 14:25:10,-0.826648521129573,70772.21811771458,-171737.31962247923,70767.81304474265,-171743.65567093433,70770.60930027331,-171738.18553344347,8,25.0
2024-02-08 14:25:10,-1.1532635669409024,70772.21811771458,-171737.31962247923,70767.81304474265,-171743.65567093433,70769.99168223223,-171738.50171662102,11,25.0
2024-02-08 14:25:11,-1.5929704799033255,70772.21811771458,-171737.31962247923,70767.81304474265,-171743.65567093433,70769.18181148484,-171738.8963108781,16,25.0
2024-02-08 14:25:11,-1.791059154579067,70772.21811771458,-171737.31962247923,70767.81304474265,-171743.65567093433,70768.79158154923,-171739.11058428796,18,25.0
2024-02-08 14:25:12,-2.0473669877638274,70772.21811771458,-171737.31962247923,70767.81304474265,-171743.65567093433,70768.26033035429,-171739.4257067638,20,25.0
2024-02-08 14:25:12,-2.3041797113171025,70772.21811771458,-171737.31962247923,70767.81304474265,-171743.65567093433,70767.7427191556,-171739.72032563982,23,25.0
2024-02-08 14:25:13,-2.632142181961809,70772.21811771458,-171737.31962247923,70767.81304474265,-171743.65567093433,70766.92291165248,-171740.32496812913,26,25.0
2024-02-08 14:25:13,-2.7009806712033084,70772.21811771458,-171737.31962247923,70767.81304474265,-171743.65567093433,70766.65751320551,-171740.58611234394,27,25.0
2024-02-08 14:25:14,-2.763522377628583,70772.21811771458,-171737.31962247923,70767.81304474265,-171743.65567093433,70766.37546788847,-171740.88223143193,27,25.0
2024-02-08 14:25:14,-2.831839450432528,70772.21811771458,-171737.31962247923,70767.81304474265,-171743.65567093433,70765.99196835097,-171741.3141600907,28,25.0
2024-02-08 14:25:15,-2.8194616415614933,70772.21811771458,-171737.31962247923,70767.81304474265,-171743.65567093433,70765.62150278178,-171741.86870387042,28,25.0
2024-02-08 14:25:16,-2.706378108716931,70772.21811771458,-171737.31962247923,70767.81304474265,-171743.65567093433,70765.34280112575,-171742.46767665347,26,25.0
2024-02-08 14:25:16,-2.5977972431484773,70772.21811771458,-171737.31962247923,70767.81304474265,-171743.65567093433,70765.19442836709,-171742.87130267607,25,25.0
2024-02-08 14:25:17,-2.332982866523909,70772.21811771458,-171737.31962247923,70767.81304474265,-171743.65567093433,70765.09081748444,-171743.48423765905,23,25.0
2024-02-08 14:25:17,-2.0359746802955905,70772.21811771458,-171737.31962247923,70767.81304474265,-171743.65567093433,70765.03317620409,-171744.08744976437,20,25.0
2024-02-08 14:25:18,-2.0359746802955905,70772.21811771458,-171737.31962247923,70767.81304474265,-171743.65567093433,70765.03317620409,-171744.08744976437,20,25.0
2024-02-08 14:25:18,-1.4710721043863406,70772.21811771458,-171737.31962247923,70767.81304474265,-171743.65567093433,70765.04603511153,-171745.0585593456,14,25.0
2024-02-08 14:25:19,-1.4710721043863406,70772.21811771458,-171737.31962247923,70767.81304474265,-171743.65567093433,70765.04603511153,-171745.0585593456,14,25.0
2024-02-08 14:25:19,-0.9207091998901329,70772.21811771458,-171737.31962247923,70767.81304474265,-171743.65567093433,70765.19026360863,-171745.81524230202,8,25.0
2024-02-08 14:25:20,-0.5226709537213281,70772.21811771458,-171737.31962247923,70767.81304474265,-171743.65567093433,70765.31033953896,-171746.33982043288,4,25.0
2024-02-08 14:25:20,-0.11376160396843257,70772.21811771458,-171737.31962247923,70767.81304474265,-171743.65567093433,70765.44776820975,-171746.85848337368,0,25.0
2024-02-08 14:25:21,0.1843600628440932,70772.21811771458,-171737.31962247923,70767.81304474265,-171743.65567093433,70765.56947404625,-171747.20568168812,-3,25.0
2024-02-08 14:25:21,0.6889386655817965,70772.21811771458,-171737.31962247923,70767.81304474265,-171743.65567093433,70765.79547049139,-171747.76454783787,-8,25.0
2024-02-08 14:25:22,1.1928369366932872,70772.21811771458,-171737.31962247923,70767.81304474265,-171743.65567093433,70766.03307690106,-171748.30552294856,-13,25.0
2024-02-08 14:25:23,1.559768568923867,70772.21811771458,-171737.31962247923,70767.81304474265,-171743.65567093433,70766.2189611321,-171748.68095247867,-16,25.0
2024-02-08 14:25:23,2.0651466627155295,70772.21811771458,-171737.31962247923,70767.81304474265,-171743.65567093433,70766.42416046454,-171749.27113277197,-22,25.0
2024-02-08 14:25:24,2.618097579700475,70772.21811771458,-171737.31962247923,70767.81304474265,-171743.65567093433,70766.68654478138,-171749.86239971095,-27,25.0
2024-02-08 14:25:24,2.9354534133075694,70772.21811771458,-171737.31962247923,70767.81304474265,-171743.65567093433,70766.81939834876,-171750.22725837314,-30,25.0
2024-02-08 14:25:25,3.3448868588604936,70772.21811771458,-171737.31962247923,70767.81304474265,-171743.65567093433,70766.9246736076,-171750.79308737896,-34,25.0
2024-02-08 14:25:25,3.714209044852533,70772.21811771458,-171737.31962247923,70767.81304474265,-171743.65567093433,70766.97478642764,-171751.36799188986,-38,25.0
2024-02-08 14:25:26,3.909073767343859,70772.21811771458,-171737.31962247923,70767.81304474265,-171743.65567093433,70766.92900655756,-171751.77520657642,-40,25.0
2024-02-08 14:25:26,4.156608497437844,70772.21811771458,-171737.31962247923,70767.81304474265,-171743.65567093433,70766.82455271452,-171752.35908327694,-42,25.0
2024-02-08 14:25:27,4.283629517853441,70772.21811771458,-171737.31962247923,70767.81304474265,-171743.65567093433,70766.59379824517,-171752.9135070063,-43,25.0
2024-02-08 14:25:27,4.218299176598719,70772.21811771458,-171737.31962247923,70767.81304474265,-171743.65567093433,70765.99683268837,-171753.6577072865,-43,25.0
2024-02-08 14:25:28,4.0832901612549115,70772.21811771458,-171737.31962247923,70767.81304474265,-171743.65567093433,70765.70108593492,-171753.84658449952,-41,25.0
2024-02-08 14:25:28,4.0832901612549115,70772.21811771458,-171737.31962247923,70767.81304474265,-171743.65567093433,70765.70108593492,-171753.84658449952,-41,25.0
2024-02-08 14:25:29,3.6168170075834825,70772.21811771458,-171737.31962247923,70767.81304474265,-171743.65567093433,70764.88236623266,-171754.20701715263,-36,25.0
2024-02-08 14:25:30,3.3087305860860643,70772.21811771458,-171737.31962247923,70767.81304474265,-171743.65567093433,70764.44264185276,-171754.299785244,-33,25.0
2024-02-08 14:25:30,3.047268741971023,70772.21811771458,-171737.31962247923,70767.81304474265,-171743.65567093433,70764.14008743735,-171754.27693221974,-31,25.0
2024-02-08 14:25:31,2.9648319931880835,70772.21811771458,-171737.31962247923,70767.81304474265,-171743.65567093433,70764.05945405194,-171754.24849747046,-30,25.0
2024-02-08 14:25:31,2.9808703210018566,70772.21811771458,-171737.31962247923,70767.81304474265,-171743.65567093433,70764.06797812412,-171754.26433304363,-30,25.0
2024-02-08 14:25:32,2.989417659743914,70772.21811771458,-171737.31962247923,70767.81304474265,-171743.65567093433,70764.07042504528,-171754.2757868706,-30,25.0
2024-02-08 14:25:32,2.997041073676012,70772.21811771458,-171737.31962247923,70767.81304474265,-171743.65567093433,70764.07407203654,-171754.2838960275,-30,25.0
2024-02-08 14:25:33,3.0465896242284547,70772.21811771458,-171737.31962247923,70767.81304474265,-171743.65567093433,70764.1262914977,-171754.29558595718,-31,25.0
2024-02-08 14:25:33,3.1384675626318512,70772.21811771458,-171737.31962247923,70767.81304474265,-171743.65567093433,70764.21682002685,-171754.32632722473,-32,25.0
2024-02-08 14:25:34,3.214036546347581,70772.21811771458,-171737.31962247923,70767.81304474265,-171743.65567093433,70764.32895547616,-171754.2974198374,-33,25.0
2024-02-08 14:25:34,3.2708807851749144,70772.21811771458,-171737.31962247923,70767.81304474265,-171743.65567093433,70764.41643843924,-171754.2711691166,-33,25.0
2024-02-08 14:25:35,3.3787839823312864,70772.21811771458,-171737.31962247923,70767.81304474265,-171743.65567093433,70764.55008609487,-171754.26796317415,-34,25.0
2024-02-08 14:25:36,3.583184111058945,70772.21811771458,-171737.31962247923,70767.81304474265,-171743.65567093433,70764.78096486432,-171754.29394944359,-37,25.0
2024-02-08 14:25:36,3.867077326381547,70772.21811771458,-171737.31962247923,70767.81304474265,-171743.65567093433,70765.06553309718,-171754.38196857067,-39,25.0
2024-02-08 14:25:37,3.84950731571347,70772.21811771458,-171737.31962247923,70767.81304474265,-171743.65567093433,70765.07833398395,-171754.3327769598,-39,25.0
2024-02-08 14:25:37,3.855045680622537,70772.21811771458,-171737.31962247923,70767.81304474265,-171743.65567093433,70765.08370127976,-171754.3347590904,-39,25.0
2024-02-08 14:25:38,3.872353866393914,70772.21811771458,-171737.31962247923,70767.81304474265,-171743.65567093433,70765.10765328837,-171754.33062840722,-39,25.0
2024-02-08 14:25:38,3.9017647475145125,70772.21811771458,-171737.31962247923,70767.81304474265,-171743.65567093433,70765.15370941481,-171754.31590589948,-40,25.0
2024-02-08 14:25:39,3.947260130877488,70772.21811771458,-171737.31962247923,70767.81304474265,-171743.65567093433,70765.19693885239,-171754.3334262514,-40,25.0
2024-02-08 14:25:39,3.9782455103922176,70772.21811771458,-171737.31962247923,70767.81304474265,-171743.65567093433,70765.23248178531,-171754.33658365466,-40,25.0
2024-02-08 14:25:40,4.018414524139883,70772.21811771458,-171737.31962247923,70767.81304474265,-171743.65567093433,70765.27345580696,-171754.34801727202,-41,25.0
2024-02-08 14:25:40,4.034851331314236,70772.21811771458,-171737.31962247923,70767.81304474265,-171743.65567093433,70765.29698715212,-171754.34296515645,-41,25.0
2024-02-08 14:25:41,4.000805329448662,70772.21811771458,-171737.31962247923,70767.81304474265,-171743.65567093433,70765.29463455176,-171754.28670670345,-40,25.0
2024-02-08 14:25:42,3.75945982881715,70772.21811771458,-171737.31962247923,70767.81304474265,-171743.65567093433,70765.15662457138,-171754.06242087955,-38,25.0
2024-02-08 14:25:42,3.5074229480611563,70772.21811771458,-171737.31962247923,70767.81304474265,-171743.65567093433,70765.15288958194,-171753.62627093637,-35,25.0
2024-02-08 14:25:43,3.397814911152143,70772.21811771458,-171737.31962247923,70767.81304474265,-171743.65567093433,70765.13083589813,-171753.46597882675,-34,25.0
2024-02-08 14:25:43,3.3668844548134844,70772.21811771458,-171737.31962247923,70767.81304474265,-171743.65567093433,70765.18597137093,-171753.33249011217,-34,25.0
2024-02-08 14:25:44,3.350820818291618,70772.21811771458,-171737.31962247923,70767.81304474265,-171743.65567093433,70765.32299021306,-171753.10726816388,-34,25.0
2024-02-08 14:25:44,3.350820818291618,70772.21811771458,-171737.31962247923,70767.81304474265,-171743.65567093433,70765.32299021306,-171753.10726816388,-34,25.0
2024-02-08 14:25:45,3.324268369097208,70772.21811771458,-171737.31962247923,70767.81304474265,-171743.65567093433,70765.55577328755,-171752.72592900952,-34,25.0
2024-02-08 14:25:45,3.502675420122433,70772.21811771458,-171737.31962247923,70767.81304474265,-171743.65567093433,70766.0074175836,-171752.3888415124,-36,25.0
