timestamp,直線との距離:,startx:,starty:,goalx:,goaly:,x:,y:,操作量,sp
2024-02-08 14:45:29,-0.0,70786.70835218544,-171739.0126414291,70772.9149468953,-171738.43357661384,70786.70835218544,-171739.0126414291,0,20.0
2024-02-08 14:45:29,-0.0,70786.70835218544,-171739.0126414291,70772.9149468953,-171738.43357661384,70786.70835218544,-171739.0126414291,0,20.0
2024-02-08 14:45:29,0.028837581397671196,70786.70835218544,-171739.0126414291,70772.9149468953,-171738.43357661384,70786.69095053039,-171739.0407738676,-1,20.0
2024-02-08 14:45:30,0.07785423304861844,70786.70835218544,-171739.0126414291,70772.9149468953,-171738.43357661384,70786.40326249291,-171739.07775618223,-2,20.0
2024-02-08 14:45:30,0.03368287392208968,70786.70835218544,-171739.0126414291,70772.9149468953,-171738.43357661384,70785.74537773363,-171739.00592707127,-1,20.0
2024-02-08 14:45:31,-0.010789735248054067,70786.70835218544,-171739.0126414291,70772.9149468953,-171738.43357661384,70785.20339514916,-171738.93866216662,0,20.0
2024-02-08 14:45:31,-0.123219855595773,70786.70835218544,-171739.0126414291,70772.9149468953,-171738.43357661384,70784.28269340195,-171738.78748077666,2,20.0
2024-02-08 14:45:32,-0.123219855595773,70786.70835218544,-171739.0126414291,70772.9149468953,-171738.43357661384,70784.28269340195,-171738.78748077666,1,20.0
2024-02-08 14:45:32,-0.3924677438818854,70786.70835218544,-171739.0126414291,70772.9149468953,-171738.43357661384,70782.31327514563,-171738.4353170278,5,20.0
2024-02-08 14:45:33,-0.5121577799579777,70786.70835218544,-171739.0126414291,70772.9149468953,-171738.43357661384,70781.66696884324,-171738.2883887995,5,20.0
2024-02-08 14:45:33,-0.5121577799579777,70786.70835218544,-171739.0126414291,70772.9149468953,-171738.43357661384,70781.66696884324,-171738.2883887995,5,20.0
2024-02-08 14:45:34,-0.7214348662984421,70786.70835218544,-171739.0126414291,70772.9149468953,-171738.43357661384,70780.63459130212,-171738.03558684542,8,20.0
2024-02-08 14:45:35,-1.0956416329085106,70786.70835218544,-171739.0126414291,70772.9149468953,-171738.43357661384,70778.89043181708,-171737.58782841932,13,20.0
2024-02-08 14:45:35,-1.2408986796017432,70786.70835218544,-171739.0126414291,70772.9149468953,-171738.43357661384,70778.22713191842,-171737.4145972474,13,20.0
2024-02-08 14:45:36,-1.4528947046445555,70786.70835218544,-171739.0126414291,70772.9149468953,-171738.43357661384,70777.23985462321,-171737.1609673258,16,20.0
2024-02-08 14:45:36,-1.5809397133075462,70786.70835218544,-171739.0126414291,70772.9149468953,-171738.43357661384,70776.59058327357,-171737.00555228916,16,20.0
2024-02-08 14:45:37,-1.728882347761304,70786.70835218544,-171739.0126414291,70772.9149468953,-171738.43357661384,70775.60231026396,-171736.81599037664,18,20.0
2024-02-08 14:45:37,-1.7519429790914596,70786.70835218544,-171739.0126414291,70772.9149468953,-171738.43357661384,70774.63135327109,-171736.75214741513,17,20.0
2024-02-08 14:45:38,-1.7165665507821122,70786.70835218544,-171739.0126414291,70772.9149468953,-171738.43357661384,70773.68910843447,-171736.7479983592,16,20.0
2024-02-08 14:45:38,-1.680303421947718,70786.70835218544,-171739.0126414291,70772.9149468953,-171738.43357661384,70773.0353324388,-171736.75684707615,16,20.0
timestamp,直線との距離:,startx:,starty:,goalx:,goaly:,x:,y:,操作量,sp
2024-02-08 14:45:39,0.0,70772.03982371728,-171736.7867478914,70767.81304474265,-171743.65567093433,70772.03982371728,-171736.7867478914,-2,20.0
2024-02-08 14:45:39,-0.7463203104786433,70772.03982371728,-171736.7867478914,70767.81304474265,-171743.65567093433,70771.08385151048,-171736.9162229509,8,20.0
2024-02-08 14:45:40,-1.2225386975015675,70772.03982371728,-171736.7867478914,70767.81304474265,-171743.65567093433,70770.45377672516,-171737.03147133082,12,20.0
2024-02-08 14:45:40,-1.8979687622365171,70772.03982371728,-171736.7867478914,70767.81304474265,-171743.65567093433,70769.53800039187,-171737.23089161963,19,20.0
2024-02-08 14:45:41,-2.531479322981685,70772.03982371728,-171736.7867478914,70767.81304474265,-171743.65567093433,70768.64905455802,-171737.46669738373,25,20.0
2024-02-08 14:45:42,-2.9171750565916645,70772.03982371728,-171736.7867478914,70767.81304474265,-171743.65567093433,70768.08328904147,-171737.65016547558,29,20.0
2024-02-08 14:45:42,-3.492256140616928,70772.03982371728,-171736.7867478914,70767.81304474265,-171743.65567093433,70767.22944604477,-171737.9404164483,35,20.0
2024-02-08 14:45:43,-3.9668426427701142,70772.03982371728,-171736.7867478914,70767.81304474265,-171743.65567093433,70766.4417206851,-171738.31497603873,40,20.0
2024-02-08 14:45:43,-4.181825709700901,70772.03982371728,-171736.7867478914,70767.81304474265,-171743.65567093433,70765.9892699178,-171738.64003772367,42,20.0
2024-02-08 14:45:44,-4.405405022587629,70772.03982371728,-171736.7867478914,70767.81304474265,-171743.65567093433,70765.36467611336,-171739.22844572295,44,20.0
2024-02-08 14:45:44,-4.393781021148501,70772.03982371728,-171736.7867478914,70767.81304474265,-171743.65567093433,70764.93784866102,-171739.94426149255,43,20.0
2024-02-08 14:45:45,-4.1480649098021605,70772.03982371728,-171736.7867478914,70767.81304474265,-171743.65567093433,70764.73452965952,-171740.74353132606,41,20.0
2024-02-08 14:45:45,-3.9026392055107326,70772.03982371728,-171736.7867478914,70767.81304474265,-171743.65567093433,70764.70615210161,-171741.257950327,38,20.0
2024-02-08 14:45:46,-3.3250339712130437,70772.03982371728,-171736.7867478914,70767.81304474265,-171743.65567093433,70764.90746568651,-171742.03293890567,32,20.0
2024-02-08 14:45:46,-2.594951007997238,70772.03982371728,-171736.7867478914,70767.81304474265,-171743.65567093433,70765.30888359145,-171742.77368513675,25,20.0
2024-02-08 14:45:47,-1.830675715038387,70772.03982371728,-171736.7867478914,70767.81304474265,-171743.65567093433,70765.84974973563,-171743.35305775775,17,20.0
2024-02-08 14:45:48,-1.2909126986020734,70772.03982371728,-171736.7867478914,70767.81304474265,-171743.65567093433,70766.31404544233,-171743.62846739954,12,20.0
timestamp,直線との距離:,startx:,starty:,goalx:,goaly:,x:,y:,操作量,sp
2024-02-08 14:45:48,0.0,70767.08464347702,-171743.94483556095,70767.4504649894,-171758.08261034725,70767.08464347702,-171743.94483556095,-10,35.0
2024-02-08 14:45:49,0.8242180070848278,70767.08464347702,-171743.94483556095,70767.4504649894,-171758.08261034725,70767.91398826629,-171744.13230677252,-15,35.0
2024-02-08 14:45:49,1.4068536867677501,70767.08464347702,-171743.94483556095,70767.4504649894,-171758.08261034725,70768.497968835,-171744.1767455011,-19,35.0
2024-02-08 14:45:50,2.4236485613398715,70767.08464347702,-171743.94483556095,70767.4504649894,-171758.08261034725,70769.517016483,-171744.25065482018,-32,35.0
2024-02-08 14:45:50,3.551808454081069,70767.08464347702,-171743.94483556095,70767.4504649894,-171758.08261034725,70770.65163264163,-171744.4855744585,-44,35.0
2024-02-08 14:45:51,4.703652915056103,70767.08464347702,-171743.94483556095,70767.4504649894,-171758.08261034725,70771.81471959488,-171744.90515932444,-56,35.0
2024-02-08 14:45:51,5.336838546968249,70767.08464347702,-171743.94483556095,70767.4504649894,-171758.08261034725,70772.4608055725,-171745.3955238126,-58,35.0
2024-02-08 14:45:52,6.213202590907707,70767.08464347702,-171743.94483556095,70767.4504649894,-171758.08261034725,70773.38526501665,-171747.24291349165,-69,35.0
2024-02-08 14:45:52,6.05184620036247,70767.08464347702,-171743.94483556095,70767.4504649894,-171758.08261034725,70773.2444239056,-171748.03784748891,-60,35.0
2024-02-08 14:45:53,5.315105605760406,70767.08464347702,-171743.94483556095,70767.4504649894,-171758.08261034725,70772.5316100163,-171748.97206457643,-48,35.0
2024-02-08 14:45:53,4.5877597338017395,70767.08464347702,-171743.94483556095,70767.4504649894,-171758.08261034725,70771.81116554733,-171749.24818929235,-41,35.0
2024-02-08 14:45:54,3.526393380387817,70767.08464347702,-171743.94483556095,70767.4504649894,-171758.08261034725,70770.74284010316,-171748.9929731468,-28,35.0
2024-02-08 14:45:54,3.526393380387817,70767.08464347702,-171743.94483556095,70767.4504649894,-171758.08261034725,70770.74284010316,-171748.9929731468,-36,35.0
2024-02-08 14:45:55,2.4069542343485546,70767.08464347702,-171743.94483556095,70767.4504649894,-171758.08261034725,70769.58592499181,-171747.5591333326,-17,35.0
2024-02-08 14:45:56,2.4069542343485546,70767.08464347702,-171743.94483556095,70767.4504649894,-171758.08261034725,70769.58592499181,-171747.5591333326,-25,35.0
2024-02-08 14:45:56,2.5439713251800695,70767.08464347702,-171743.94483556095,70767.4504649894,-171758.08261034725,70769.66355503998,-171745.26225087565,-27,35.0
2024-02-08 14:45:57,2.892310513768819,70767.08464347702,-171743.94483556095,70767.4504649894,-171758.08261034725,70769.99184268704,-171744.48282006642,-32,35.0
2024-02-08 14:45:57,3.358368281941647,70767.08464347702,-171743.94483556095,70767.4504649894,-171758.08261034725,70770.4399455753,-171743.78289544221,-37,35.0
2024-02-08 14:45:58,3.358368281941647,70767.08464347702,-171743.94483556095,70767.4504649894,-171758.08261034725,70770.4399455753,-171743.78289544221,-34,35.0
2024-02-08 14:45:58,5.108104015975071,70767.08464347702,-171743.94483556095,70767.4504649894,-171758.08261034725,70772.15892657425,-171742.57169423162,-64,35.0
2024-02-08 14:45:59,5.945990356066226,70767.08464347702,-171743.94483556095,70767.4504649894,-171758.08261034725,70772.99253926409,-171742.39569344313,-66,35.0
2024-02-08 14:45:59,7.1923724971398,70767.08464347702,-171743.94483556095,70767.4504649894,-171758.08261034725,70774.24303945641,-171742.53871965432,-81,35.0
2024-02-08 14:46:00,8.105360673990402,70767.08464347702,-171743.94483556095,70767.4504649894,-171758.08261034725,70775.17613697851,-171743.3040683974,-88,35.0
2024-02-08 14:46:00,8.339131474571401,70767.08464347702,-171743.94483556095,70767.4504649894,-171758.08261034725,70775.42969016742,-171744.06556741416,-86,35.0
2024-02-08 14:46:01,7.997939071786429,70767.08464347702,-171743.94483556095,70767.4504649894,-171758.08261034725,70775.11573378868,-171745.1225619333,-78,35.0
2024-02-08 14:46:02,7.039485547916155,70767.08464347702,-171743.94483556095,70767.4504649894,-171758.08261034725,70774.16797243975,-171745.54817678328,-64,35.0
2024-02-08 14:46:02,6.158579480958612,70767.08464347702,-171743.94483556095,70767.4504649894,-171758.08261034725,70773.27596803055,-171745.13065809064,-56,35.0
2024-02-08 14:46:03,5.988045546976123,70767.08464347702,-171743.94483556095,70767.4504649894,-171758.08261034725,70773.08942067924,-171744.51399916032,-59,35.0
2024-02-08 14:46:03,6.393862043341959,70767.08464347702,-171743.94483556095,70767.4504649894,-171758.08261034725,70773.47039090737,-171743.54852473995,-67,35.0
