timestamp,直線との距離:,startx:,starty:,goalx:,goaly:,x:,y:,操作量,sp
timestamp,直線との距離:,startx:,starty:,goalx:,goaly:,x:,y:,操作量,sp
2024-01-26 16:53:18,-0.0,70775.64594357471,-171740.64700266864,70774.48352805714,-171732.16460188924,70775.64594357471,-171740.64700266864,0,15.0
2024-01-26 16:53:18,-0.0,70775.64594357471,-171740.64700266864,70774.48352805714,-171732.16460188924,70775.64594357471,-171740.64700266864,0,15.0
2024-01-26 16:53:18,-0.0,70775.64594357471,-171740.64700266864,70774.48352805714,-171732.16460188924,70775.64594357471,-171740.64700266864,0,15.0
2024-01-26 16:53:19,0.029636093996482902,70775.64594357471,-171740.64700266864,70774.48352805714,-171732.16460188924,70775.62493959343,-171740.71201428477,-1,15.0
2024-01-26 16:53:19,0.049212454953507734,70775.64594357471,-171740.64700266864,70774.48352805714,-171732.16460188924,70775.55929885515,-171740.37720754682,-1,15.0
2024-01-26 16:53:20,0.08185120804001701,70775.64594357471,-171740.64700266864,70774.48352805714,-171732.16460188924,70775.47501935676,-171740.00259969194,-1,15.0
2024-01-26 16:53:20,0.19282797671409324,70775.64594357471,-171740.64700266864,70774.48352805714,-171732.16460188924,70775.27742376387,-171739.3780918251,-1,15.0
2024-01-26 16:53:21,0.5025955408927744,70775.64594357471,-171740.64700266864,70774.48352805714,-171732.16460188924,70774.88738796352,-171738.81348323222,-1,15.0
2024-01-26 16:53:21,0.802926747796135,70775.64594357471,-171740.64700266864,70774.48352805714,-171732.16460188924,70774.54263792578,-171738.50983204192,-1,15.0
2024-01-26 16:53:22,1.348526565968615,70775.64594357471,-171740.64700266864,70774.48352805714,-171732.16460188924,70773.95604161345,-171738.24788184586,-2,15.0
2024-01-26 16:53:22,1.9504900491464658,70775.64594357471,-171740.64700266864,70774.48352805714,-171732.16460188924,70773.31965183746,-171738.0377198818,-3,15.0
2024-01-26 16:53:23,2.3832205834486215,70775.64594357471,-171740.64700266864,70774.48352805714,-171732.16460188924,70772.8856363997,-171738.05785611912,-5,15.0
2024-01-26 16:53:23,3.2066599094241055,70775.64594357471,-171740.64700266864,70774.48352805714,-171732.16460188924,70772.09150447727,-171738.32787767856,-6,15.0
2024-01-26 16:53:24,3.7636232927891777,70775.64594357471,-171740.64700266864,70774.48352805714,-171732.16460188924,70771.58473987745,-171738.73217441113,-8,15.0
2024-01-26 16:53:25,4.243188832942123,70775.64594357471,-171740.64700266864,70774.48352805714,-171732.16460188924,70771.16708528686,-171739.21665881053,-11,15.0
2024-01-26 16:53:25,4.511189319755959,70775.64594357471,-171740.64700266864,70774.48352805714,-171732.16460188924,70770.95046489338,-171739.60986839174,-13,15.0
2024-01-26 16:53:26,4.828397675447742,70775.64594357471,-171740.64700266864,70774.48352805714,-171732.16460188924,70770.72285768487,-171740.2853413828,-15,15.0
2024-01-26 16:53:26,5.059635778863492,70775.64594357471,-171740.64700266864,70774.48352805714,-171732.16460188924,70770.58811116812,-171741.00523220247,-18,15.0
2024-01-26 16:53:27,5.166085780219548,70775.64594357471,-171740.64700266864,70774.48352805714,-171732.16460188924,70770.54990658013,-171741.51049388835,-21,15.0
2024-01-26 16:53:27,5.305276660012147,70775.64594357471,-171740.64700266864,70774.48352805714,-171732.16460188924,70770.51597020705,-171742.288051985,-23,15.0
2024-01-26 16:53:28,5.414071926368981,70775.64594357471,-171740.64700266864,70774.48352805714,-171732.16460188924,70770.5165980511,-171743.0939562988,-26,15.0
2024-01-26 16:53:28,5.460686466856324,70775.64594357471,-171740.64700266864,70774.48352805714,-171732.16460188924,70770.54197272107,-171743.6224564815,-29,15.0
2024-01-26 16:53:29,5.518659496785536,70775.64594357471,-171740.64700266864,70774.48352805714,-171732.16460188924,70770.593877308,-171744.42821132418,-32,15.0
2024-01-26 16:53:29,5.626136184671699,70775.64594357471,-171740.64700266864,70774.48352805714,-171732.16460188924,70770.58714396037,-171745.1706875252,-34,15.0
2024-01-26 16:53:30,5.772071388462414,70775.64594357471,-171740.64700266864,70774.48352805714,-171732.16460188924,70770.50992583494,-171745.6820839665,-37,15.0
2024-01-26 16:53:30,5.923781395909939,70775.64594357471,-171740.64700266864,70774.48352805714,-171732.16460188924,70770.45508598455,-171746.3993134376,-40,15.0
2024-01-26 16:53:31,6.19605045806873,70775.64594357471,-171740.64700266864,70774.48352805714,-171732.16460188924,70770.2780450419,-171747.1127827944,-43,15.0
2024-01-26 16:53:31,6.417958792097713,70775.64594357471,-171740.64700266864,70774.48352805714,-171732.16460188924,70770.11708001322,-171747.57263371945,-47,15.0
2024-01-26 16:53:32,6.828698668888751,70775.64594357471,-171740.64700266864,70774.48352805714,-171732.16460188924,70769.78285944143,-171748.1590245421,-50,15.0
2024-01-26 16:53:33,7.289241218421831,70775.64594357471,-171740.64700266864,70774.48352805714,-171732.16460188924,70769.38987689275,-171748.68343392835,-54,15.0
2024-01-26 16:53:33,7.652254207277714,70775.64594357471,-171740.64700266864,70774.48352805714,-171732.16460188924,70769.05787895058,-171748.93451520576,-58,15.0
2024-01-26 16:53:34,8.019885887314803,70775.64594357471,-171740.64700266864,70774.48352805714,-171732.16460188924,70768.715296991,-171749.14238118762,-62,15.0
2024-01-26 16:53:34,8.136531042908729,70775.64594357471,-171740.64700266864,70774.48352805714,-171732.16460188924,70768.60684592553,-171749.21013052255,-66,15.0
2024-01-26 16:53:35,8.147606254724083,70775.64594357471,-171740.64700266864,70774.48352805714,-171732.16460188924,70768.59811496515,-171749.22799237448,-70,15.0
2024-01-26 16:53:35,8.184755908521678,70775.64594357471,-171740.64700266864,70774.48352805714,-171732.16460188924,70768.56616802953,-171749.268491376,-74,15.0
2024-01-26 16:53:36,8.294918207402704,70775.64594357471,-171740.64700266864,70774.48352805714,-171732.16460188924,70768.47185213333,-171749.3916391782,-78,15.0
2024-01-26 16:53:36,8.40062082763194,70775.64594357471,-171740.64700266864,70774.48352805714,-171732.16460188924,70768.33868145829,-171749.19840773917,-83,15.0
2024-01-26 16:53:37,8.207246468919044,70775.64594357471,-171740.64700266864,70774.48352805714,-171732.16460188924,70768.49528435212,-171748.9168900641,-87,15.0
2024-01-26 16:53:37,7.99746057656348,70775.64594357471,-171740.64700266864,70774.48352805714,-171732.16460188924,70768.64760299506,-171748.4832314382,-91,15.0
2024-01-26 16:53:38,7.872619692583875,70775.64594357471,-171740.64700266864,70774.48352805714,-171732.16460188924,70768.68891498046,-171747.865188543,-94,15.0
