timestamp,直線との距離:,startx:,starty:,goalx:,goaly:,x:,y:,操作量,sp
timestamp,直線との距離:,startx:,starty:,goalx:,goaly:,x:,y:,操作量,sp
2024-01-29 11:00:50,-0.0,70777.81905236671,-171744.56473477374,70774.48352805714,-171732.16460188924,70777.81905236671,-171744.56473477374,0,50.0
2024-01-29 11:00:50,-0.0,70777.81905236671,-171744.56473477374,70774.48352805714,-171732.16460188924,70777.81905236671,-171744.56473477374,0,50.0
2024-01-29 11:00:50,-0.0,70777.81905236671,-171744.56473477374,70774.48352805714,-171732.16460188924,70777.81905236671,-171744.56473477374,0,50.0
2024-01-29 11:00:51,0.03662010185960489,70777.81905236671,-171744.56473477374,70774.48352805714,-171732.16460188924,70777.7720952571,-171744.53114518258,-1,50.0
2024-01-29 11:00:51,-0.14049502960944651,70777.81905236671,-171744.56473477374,70774.48352805714,-171732.16460188924,70777.71333587692,-171743.6308537621,0,50.0
2024-01-29 11:00:52,0.016774976005521833,70777.81905236671,-171744.56473477374,70774.48352805714,-171732.16460188924,70777.21676998415,-171742.39027135636,0,50.0
2024-01-29 11:00:52,0.26924395224508785,70777.81905236671,-171744.56473477374,70774.48352805714,-171732.16460188924,70776.75042312153,-171741.62852269138,-1,50.0
2024-01-29 11:00:53,0.26924395224508785,70777.81905236671,-171744.56473477374,70774.48352805714,-171732.16460188924,70776.75042312153,-171741.62852269138,-1,50.0
2024-01-29 11:00:53,1.1460464974958362,70777.81905236671,-171744.56473477374,70774.48352805714,-171732.16460188924,70775.36619832607,-171739.85799828926,-2,50.0
2024-01-29 11:00:54,2.1775018532370063,70777.81905236671,-171744.56473477374,70774.48352805714,-171732.16460188924,70774.15551326533,-171739.3279981644,-4,50.0
2024-01-29 11:00:54,2.1775018532370063,70777.81905236671,-171744.56473477374,70774.48352805714,-171732.16460188924,70774.15551326533,-171739.3279981644,-5,50.0
2024-01-29 11:00:55,4.177896032085233,70777.81905236671,-171744.56473477374,70774.48352805714,-171732.16460188924,70772.20918981085,-171739.79335706,-9,50.0
2024-01-29 11:00:55,4.177896032085233,70777.81905236671,-171744.56473477374,70774.48352805714,-171732.16460188924,70772.20918981085,-171739.79335706,-10,50.0
2024-01-29 11:00:56,5.583553511534644,70777.81905236671,-171744.56473477374,70774.48352805714,-171732.16460188924,70771.24335091542,-171741.61417820188,-14,50.0
2024-01-29 11:00:56,5.583553511534644,70777.81905236671,-171744.56473477374,70774.48352805714,-171732.16460188924,70771.24335091542,-171741.61417820188,-16,50.0
2024-01-29 11:00:57,6.028262699225035,70777.81905236671,-171744.56473477374,70774.48352805714,-171732.16460188924,70771.08585283234,-171742.7406800602,-19,50.0
2024-01-29 11:00:57,6.218306234477732,70777.81905236671,-171744.56473477374,70774.48352805714,-171732.16460188924,70771.23019404215,-171744.00890120916,-22,50.0
2024-01-29 11:00:58,6.201228453388578,70777.81905236671,-171744.56473477374,70774.48352805714,-171732.16460188924,70771.56916559732,-171745.203315543,-24,50.0
2024-01-29 11:00:58,5.96917678740607,70777.81905236671,-171744.56473477374,70774.48352805714,-171732.16460188924,70772.15488057499,-171746.48742807316,-26,50.0
2024-01-29 11:00:59,5.871491769771598,70777.81905236671,-171744.56473477374,70774.48352805714,-171732.16460188924,70772.54600715952,-171747.56541659468,-29,50.0
2024-01-29 11:01:00,5.69181076017729,70777.81905236671,-171744.56473477374,70774.48352805714,-171732.16460188924,70773.0912456502,-171748.90066746192,-31,50.0
2024-01-29 11:01:00,5.608933240107786,70777.81905236671,-171744.56473477374,70774.48352805714,-171732.16460188924,70773.48297297875,-171750.03789436966,-33,50.0
2024-01-29 11:01:01,5.625724154895311,70777.81905236671,-171744.56473477374,70774.48352805714,-171732.16460188924,70773.69081516498,-171750.87520842475,-35,50.0
2024-01-29 11:01:01,5.7996918764984935,70777.81905236671,-171744.56473477374,70774.48352805714,-171732.16460188924,70773.8796702652,-171752.24702649517,-38,50.0
2024-01-29 11:01:02,6.254993299057523,70777.81905236671,-171744.56473477374,70774.48352805714,-171732.16460188924,70773.76591481542,-171753.57692318957,-41,50.0
2024-01-29 11:01:02,6.716699217726586,70777.81905236671,-171744.56473477374,70774.48352805714,-171732.16460188924,70773.51934560444,-171754.43772759972,-44,50.0
2024-01-29 11:01:03,6.716699217726586,70777.81905236671,-171744.56473477374,70774.48352805714,-171732.16460188924,70773.51934560444,-171754.43772759972,-46,50.0
2024-01-29 11:01:03,7.966483213597597,70777.81905236671,-171744.56473477374,70774.48352805714,-171732.16460188924,70772.63238521347,-171755.95171430256,-51,50.0
2024-01-29 11:01:04,10.049724797211327,70777.81905236671,-171744.56473477374,70774.48352805714,-171732.16460188924,70770.7407078515,-171756.93916653984,-57,50.0
2024-01-29 11:01:04,10.049724797211327,70777.81905236671,-171744.56473477374,70774.48352805714,-171732.16460188924,70770.7407078515,-171756.93916653984,-61,50.0
2024-01-29 11:01:05,11.236084183066204,70777.81905236671,-171744.56473477374,70774.48352805714,-171732.16460188924,70769.48144781806,-171756.82492500523,-67,50.0
2024-01-29 11:01:05,11.70606361068745,70777.81905236671,-171744.56473477374,70774.48352805714,-171732.16460188924,70768.8778821401,-171756.39041154945,-72,50.0
2024-01-29 11:01:06,11.62150423027987,70777.81905236671,-171744.56473477374,70774.48352805714,-171732.16460188924,70768.62226993601,-171755.11461666523,-76,50.0
2024-01-29 11:01:06,10.814900934824246,70777.81905236671,-171744.56473477374,70774.48352805714,-171732.16460188924,70769.02710884395,-171753.51442878158,-80,50.0
2024-01-29 11:01:07,10.814900934824246,70777.81905236671,-171744.56473477374,70774.48352805714,-171732.16460188924,70769.02710884395,-171753.51442878158,-84,50.0
