timestamp,直線との距離:,startx:,starty:,goalx:,goaly:,x:,y:,操作量,sp
2024-02-08 14:53:27,-0.0,70784.30049039118,-171742.31457141865,70772.9149468953,-171738.43357661384,70784.30049039118,-171742.31457141865,0,20.0
timestamp,直線との距離:,startx:,starty:,goalx:,goaly:,x:,y:,操作量,sp
2024-02-08 14:53:27,-0.0,70784.30049039118,-171742.31457141865,70772.9149468953,-171738.43357661384,70784.30049039118,-171742.31457141865,0,20.0
2024-02-08 14:53:27,0.010849304585430425,70784.30049039118,-171742.31457141865,70772.9149468953,-171738.43357661384,70784.31477805795,-171742.33090395364,-1,20.0
2024-02-08 14:53:28,0.1806661487595874,70784.30049039118,-171742.31457141865,70772.9149468953,-171738.43357661384,70784.07211812597,-171742.4275998913,-3,20.0
2024-02-08 14:53:28,0.1806661487595874,70784.30049039118,-171742.31457141865,70772.9149468953,-171738.43357661384,70784.07211812597,-171742.4275998913,-2,20.0
2024-02-08 14:53:29,0.9408566599385286,70784.30049039118,-171742.31457141865,70772.9149468953,-171738.43357661384,70782.87162126202,-171742.82152745343,-15,20.0
2024-02-08 14:53:29,1.4951328279345186,70784.30049039118,-171742.31457141865,70772.9149468953,-171738.43357661384,70781.98920456885,-171743.1063305909,-19,20.0
2024-02-08 14:53:30,2.023944328052119,70784.30049039118,-171742.31457141865,70772.9149468953,-171738.43357661384,70781.06633986473,-171743.35044277235,-24,20.0
2024-02-08 14:53:31,2.3204291429160535,70784.30049039118,-171742.31457141865,70772.9149468953,-171738.43357661384,70780.45824474236,-171743.45639740315,-26,20.0
2024-02-08 14:53:31,2.562835337177317,70784.30049039118,-171742.31457141865,70772.9149468953,-171738.43357661384,70779.81090756024,-171743.4918415048,-28,20.0
2024-02-08 14:53:32,2.7942536388162633,70784.30049039118,-171742.31457141865,70772.9149468953,-171738.43357661384,70778.8390314226,-171743.40505117114,-30,20.0
2024-02-08 14:53:32,2.8624482339858424,70784.30049039118,-171742.31457141865,70772.9149468953,-171738.43357661384,70778.2176137395,-171743.26527587694,-30,20.0
2024-02-08 14:53:33,2.76045374683303,70784.30049039118,-171742.31457141865,70772.9149468953,-171738.43357661384,70777.33309686359,-171742.85601305848,-27,20.0
2024-02-08 14:53:33,2.4745562767816245,70784.30049039118,-171742.31457141865,70772.9149468953,-171738.43357661384,70776.58858939039,-171742.30018176694,-23,20.0
2024-02-08 14:53:34,1.9741601174179033,70784.30049039118,-171742.31457141865,70772.9149468953,-171738.43357661384,70775.97702095735,-171741.56304755562,-17,20.0
2024-02-08 14:53:34,1.5706465100756084,70784.30049039118,-171742.31457141865,70772.9149468953,-171738.43357661384,70775.66986430828,-171741.03203474564,-13,20.0
2024-02-08 14:53:35,0.8143660169703878,70784.30049039118,-171742.31457141865,70772.9149468953,-171738.43357661384,70775.37171183941,-171740.13139291562,-3,20.0
2024-02-08 14:53:35,-0.01180867025137801,70784.30049039118,-171742.31457141865,70772.9149468953,-171738.43357661384,70775.22855221386,-171739.2097403299,5,20.0
2024-02-08 14:53:36,-0.5724291097878651,70784.30049039118,-171742.31457141865,70772.9149468953,-171738.43357661384,70775.19225914733,-171738.60507350197,9,20.0
2024-02-08 14:53:37,-1.4430574400577016,70784.30049039118,-171742.31457141865,70772.9149468953,-171738.43357661384,70775.20188921405,-171737.6885371184,20,20.0
2024-02-08 14:53:37,-2.321200882844298,70784.30049039118,-171742.31457141865,70772.9149468953,-171738.43357661384,70775.2404685033,-171736.77392895025,29,20.0
2024-02-08 14:53:38,-3.2111131716289343,70784.30049039118,-171742.31457141865,70772.9149468953,-171738.43357661384,70775.23640819087,-171735.83235241598,38,20.0
2024-02-08 14:53:38,-3.77881687337893,70784.30049039118,-171742.31457141865,70772.9149468953,-171738.43357661384,70775.20086450888,-171735.22045756323,41,20.0
2024-02-08 14:53:39,-4.211788284884917,70784.30049039118,-171742.31457141865,70772.9149468953,-171738.43357661384,70775.10526921738,-171734.73043758314,45,20.0
2024-02-08 14:53:39,-3.9760101968020205,70784.30049039118,-171742.31457141865,70772.9149468953,-171738.43357661384,70775.19310443297,-171735.00947760118,38,20.0
2024-02-08 14:53:40,-3.69453946155211,70784.30049039118,-171742.31457141865,70772.9149468953,-171738.43357661384,70775.1776932109,-171735.30159825436,34,20.0
2024-02-08 14:53:40,-3.5496112423981794,70784.30049039118,-171742.31457141865,70772.9149468953,-171738.43357661384,70775.1159625851,-171735.43367280078,34,20.0
2024-02-08 14:53:41,-3.5078796219118056,70784.30049039118,-171742.31457141865,70772.9149468953,-171738.43357661384,70775.07527378428,-171735.46389265743,34,20.0
2024-02-08 14:53:42,-3.505541258814638,70784.30049039118,-171742.31457141865,70772.9149468953,-171738.43357661384,70775.07667474265,-171735.4668406837,35,20.0
2024-02-08 14:53:42,-3.2918144497845576,70784.30049039118,-171742.31457141865,70772.9149468953,-171738.43357661384,70775.02834109771,-171735.67616758702,31,20.0
2024-02-08 14:53:43,-2.986632493850973,70784.30049039118,-171742.31457141865,70772.9149468953,-171738.43357661384,70775.06340243593,-171736.01054375112,27,20.0
2024-02-08 14:53:43,-2.681723525850129,70784.30049039118,-171742.31457141865,70772.9149468953,-171738.43357661384,70775.10877956226,-171736.3481478503,24,20.0
2024-02-08 14:53:44,-2.199957581512848,70784.30049039118,-171742.31457141865,70772.9149468953,-171738.43357661384,70775.24053322512,-171736.90204458177,18,20.0
2024-02-08 14:53:44,-1.7683311178079477,70784.30049039118,-171742.31457141865,70772.9149468953,-171738.43357661384,70775.54166297271,-171737.46070423725,14,20.0
2024-02-08 14:53:45,-1.272694690869972,70784.30049039118,-171742.31457141865,70772.9149468953,-171738.43357661384,70775.67439124639,-171738.0295873521,9,20.0
2024-02-08 14:53:45,-0.9774403018653938,70784.30049039118,-171742.31457141865,70772.9149468953,-171738.43357661384,70775.79629835338,-171738.3830781922,7,20.0
2024-02-08 14:53:46,-0.5107328823336711,70784.30049039118,-171742.31457141865,70772.9149468953,-171738.43357661384,70775.81039443222,-171738.88095960137,1,20.0
2024-02-08 14:53:46,-0.11525665021571545,70784.30049039118,-171742.31457141865,70772.9149468953,-171738.43357661384,70775.9529154074,-171739.3473614944,-2,20.0
2024-02-08 14:53:47,0.1535454154170974,70784.30049039118,-171742.31457141865,70772.9149468953,-171738.43357661384,70776.01097493878,-171739.6511417012,-4,20.0
