timestamp,直線との距離:,startx:,starty:,goalx:,goaly:,x:,y:,操作量,sp
timestamp,直線との距離:,startx:,starty:,goalx:,goaly:,x:,y:,操作量,sp
2024-01-26 16:57:17,-0.0,70775.49399957716,-171747.0012223187,70774.48352805714,-171732.16460188924,70775.49399957716,-171747.0012223187,0,15.0
2024-01-26 16:57:17,-0.0,70775.49399957716,-171747.0012223187,70774.48352805714,-171732.16460188924,70775.49399957716,-171747.0012223187,0,15.0
2024-01-26 16:57:17,-0.0,70775.49399957716,-171747.0012223187,70774.48352805714,-171732.16460188924,70775.49399957716,-171747.0012223187,0,15.0
2024-01-26 16:57:18,0.1563491190914403,70775.49399957716,-171747.0012223187,70774.48352805714,-171732.16460188924,70775.34485587406,-171747.1123365365,-1,15.0
2024-01-26 16:57:18,0.27825331665698727,70775.49399957716,-171747.0012223187,70774.48352805714,-171732.16460188924,70775.22382461639,-171747.1293002346,-1,15.0
2024-01-26 16:57:19,0.4378078968681537,70775.49399957716,-171747.0012223187,70774.48352805714,-171732.16460188924,70775.0412542552,-171746.7967896219,-1,15.0
2024-01-26 16:57:19,0.5967408748692937,70775.49399957716,-171747.0012223187,70774.48352805714,-171732.16460188924,70774.86598476858,-171746.56232874398,-1,15.0
2024-01-26 16:57:20,1.4782860361367154,70775.49399957716,-171747.0012223187,70774.48352805714,-171732.16460188924,70773.92786726495,-171745.76166926502,-2,15.0
2024-01-26 16:57:20,1.4782860361367154,70775.49399957716,-171747.0012223187,70774.48352805714,-171732.16460188924,70773.92786726495,-171745.76166926502,-2,15.0
2024-01-26 16:57:21,1.9128485333584848,70775.49399957716,-171747.0012223187,70774.48352805714,-171732.16460188924,70773.48341280805,-171745.6312080846,-3,15.0
2024-01-26 16:57:21,2.620106975464656,70775.49399957716,-171747.0012223187,70774.48352805714,-171732.16460188924,70772.7573391163,-171745.37900286226,-3,15.0
2024-01-26 16:57:22,3.395409714336704,70775.49399957716,-171747.0012223187,70774.48352805714,-171732.16460188924,70771.96522742738,-171745.15857032436,-5,15.0
2024-01-26 16:57:23,3.8765474062113285,70775.49399957716,-171747.0012223187,70774.48352805714,-171732.16460188924,70771.48061133314,-171745.12386276617,-6,15.0
2024-01-26 16:57:23,4.441381445289997,70775.49399957716,-171747.0012223187,70774.48352805714,-171732.16460188924,70770.92963976141,-171745.34661575593,-7,15.0
2024-01-26 16:57:24,4.676665704060104,70775.49399957716,-171747.0012223187,70774.48352805714,-171732.16460188924,70770.72023257306,-171745.7345683114,-9,15.0
2024-01-26 16:57:24,4.904303423683207,70775.49399957716,-171747.0012223187,70774.48352805714,-171732.16460188924,70770.51753931279,-171746.1085673725,-10,15.0
