timestamp,直線との距離:,startx:,starty:,goalx:,goaly:,x:,y:,操作量,sp
2024-02-09 10:46:34,0.0,70789.13250618582,-171736.16839448328,70772.9149468953,-171738.43357661384,70789.13250618582,-171736.16839448328,0,20.0
timestamp,直線との距離:,startx:,starty:,goalx:,goaly:,x:,y:,操作量,sp
2024-02-09 10:46:34,0.0,70789.13250618582,-171736.16839448328,70772.9149468953,-171738.43357661384,70789.13250618582,-171736.16839448328,0,20.0
2024-02-09 10:46:34,0.011107784473998267,70789.13250618582,-171736.16839448328,70772.9149468953,-171738.43357661384,70789.1619192517,-171736.17550183527,-1,20.0
2024-02-09 10:46:35,0.037120201182817496,70789.13250618582,-171736.16839448328,70772.9149468953,-171738.43357661384,70789.18888332543,-171736.1980005667,-1,20.0
2024-02-09 10:46:35,0.037120201182817496,70789.13250618582,-171736.16839448328,70772.9149468953,-171738.43357661384,70789.18888332543,-171736.1980005667,-1,20.0
2024-02-09 10:46:36,0.055296160411959235,70789.13250618582,-171736.16839448328,70772.9149468953,-171738.43357661384,70789.21193370897,-171736.21313341247,-1,20.0
2024-02-09 10:46:37,0.052866461898875776,70789.13250618582,-171736.16839448328,70772.9149468953,-171738.43357661384,70789.21300418045,-171736.2105306102,-1,20.0
2024-02-09 10:46:37,0.0634097353773398,70789.13250618582,-171736.16839448328,70772.9149468953,-171738.43357661384,70789.21229047872,-171736.22127591737,-1,20.0
2024-02-09 10:46:38,0.1900623162411364,70789.13250618582,-171736.16839448328,70772.9149468953,-171738.43357661384,70788.56160256201,-171736.4400425797,-3,20.0
2024-02-09 10:46:38,0.04717172420828241,70789.13250618582,-171736.16839448328,70772.9149468953,-171738.43357661384,70787.48495916658,-171736.44614469665,0,20.0
2024-02-09 10:46:39,-0.28375500788627095,70789.13250618582,-171736.16839448328,70772.9149468953,-171738.43357661384,70786.28467738428,-171736.2796544836,5,20.0
2024-02-09 10:46:39,-0.4426054131627472,70789.13250618582,-171736.16839448328,70772.9149468953,-171738.43357661384,70785.5309870299,-171736.22453350198,5,20.0
2024-02-09 10:46:40,-1.0920123971217195,70789.13250618582,-171736.16839448328,70772.9149468953,-171738.43357661384,70784.20504903709,-171735.75402241424,15,20.0
2024-02-09 10:46:40,-1.7159890261429427,70789.13250618582,-171736.16839448328,70772.9149468953,-171738.43357661384,70782.44275366812,-171735.37013661332,21,20.0
2024-02-09 10:46:41,-1.7179540735996102,70789.13250618582,-171736.16839448328,70772.9149468953,-171738.43357661384,70781.6842321521,-171735.4740987276,17,20.0
2024-02-09 10:46:41,-1.7417185830150863,70789.13250618582,-171736.16839448328,70772.9149468953,-171738.43357661384,70780.46422580107,-171735.62050750293,17,20.0
2024-02-09 10:46:42,-1.245896017001264,70789.13250618582,-171736.16839448328,70772.9149468953,-171738.43357661384,70779.52965558846,-171736.2516789911,8,20.0
2024-02-09 10:46:42,-0.7777753210169167,70789.13250618582,-171736.16839448328,70772.9149468953,-171738.43357661384,70779.03374722539,-171736.79360975037,4,20.0
2024-02-09 10:46:43,-0.09118332027139157,70789.13250618582,-171736.16839448328,70772.9149468953,-171738.43357661384,70778.38275803157,-171737.57779346313,-4,20.0
2024-02-09 10:46:43,0.49428536418794283,70789.13250618582,-171736.16839448328,70772.9149468953,-171738.43357661384,70777.74962918296,-171738.25737757853,-10,20.0
2024-02-09 10:46:44,0.7995313170674746,70789.13250618582,-171736.16839448328,70772.9149468953,-171738.43357661384,70777.2819029735,-171738.63091617337,-11,20.0
2024-02-09 10:46:44,0.7995313170674746,70789.13250618582,-171736.16839448328,70772.9149468953,-171738.43357661384,70777.2819029735,-171738.63091617337,-8,20.0
2024-02-09 10:46:45,1.4422769317478055,70789.13250618582,-171736.16839448328,70772.9149468953,-171738.43357661384,70776.55927013159,-171739.38083466855,-19,20.0
2024-02-09 10:46:46,2.0215409436206584,70789.13250618582,-171736.16839448328,70772.9149468953,-171738.43357661384,70775.76629921436,-171740.07647976727,-25,20.0
2024-02-09 10:46:46,2.5121757107553795,70789.13250618582,-171736.16839448328,70772.9149468953,-171738.43357661384,70774.8984888727,-171740.6930884341,-29,20.0
2024-02-09 10:46:47,3.0894169153142994,70789.13250618582,-171736.16839448328,70772.9149468953,-171738.43357661384,70773.17790630292,-171741.51625493442,-35,20.0
2024-02-09 10:46:47,2.9273469750594523,70789.13250618582,-171736.16839448328,70772.9149468953,-171738.43357661384,70772.03753818672,-171741.51189225068,-29,20.0
2024-02-09 10:46:48,2.6068489715573384,70789.13250618582,-171736.16839448328,70772.9149468953,-171738.43357661384,70771.2830168455,-171741.2936705625,-24,20.0
2024-02-09 10:46:48,2.177153225478348,70789.13250618582,-171736.16839448328,70772.9149468953,-171738.43357661384,70770.57488861942,-171740.95871116407,-19,20.0
2024-02-09 10:46:49,1.4887453416026186,70789.13250618582,-171736.16839448328,70772.9149468953,-171738.43357661384,70769.66244248915,-171740.3910662429,-11,20.0
2024-02-09 10:46:49,0.9572682188617512,70789.13250618582,-171736.16839448328,70772.9149468953,-171738.43357661384,70769.14426889652,-171739.92680558693,-6,20.0
2024-02-09 10:46:50,0.01009567606963432,70789.13250618582,-171736.16839448328,70772.9149468953,-171738.43357661384,70768.68167834035,-171739.03505065187,6,20.0
2024-02-09 10:46:50,-1.0249831744895572,70789.13250618582,-171736.16839448328,70772.9149468953,-171738.43357661384,70768.17560935608,-171738.0606089031,17,20.0
2024-02-09 10:46:51,-1.8002118890561947,70789.13250618582,-171736.16839448328,70772.9149468953,-171738.43357661384,70767.86414908146,-171737.3213578507,23,20.0
2024-02-09 10:46:52,-3.05512324506626,70789.13250618582,-171736.16839448328,70772.9149468953,-171738.43357661384,70767.39964609542,-171736.11914388003,39,20.0
2024-02-09 10:46:52,-4.856126654516074,70789.13250618582,-171736.16839448328,70772.9149468953,-171738.43357661384,70766.51457722591,-171734.424279126,61,20.0
2024-02-09 10:46:53,-4.856126654516074,70789.13250618582,-171736.16839448328,70772.9149468953,-171738.43357661384,70766.51457722591,-171734.424279126,48,20.0
2024-02-09 10:46:53,-5.468147048252542,70789.13250618582,-171736.16839448328,70772.9149468953,-171738.43357661384,70766.06034131437,-171733.8697628601,58,20.0
2024-02-09 10:46:54,-6.345213936760025,70789.13250618582,-171736.16839448328,70772.9149468953,-171738.43357661384,70764.6135114913,-171733.1862674102,69,20.0
2024-02-09 10:46:54,-6.397160282762657,70789.13250618582,-171736.16839448328,70772.9149468953,-171738.43357661384,70764.03424681643,-171733.21472539913,64,20.0
2024-02-09 10:46:55,-6.106611376941689,70789.13250618582,-171736.16839448328,70772.9149468953,-171738.43357661384,70763.31047850127,-171733.60918687182,59,20.0
2024-02-09 10:46:55,-5.680923801987508,70789.13250618582,-171736.16839448328,70772.9149468953,-171738.43357661384,70763.05551421571,-171734.0746188124,53,20.0
2024-02-09 10:46:56,-4.9218333041389934,70789.13250618582,-171736.16839448328,70772.9149468953,-171738.43357661384,70763.0996904087,-171734.83490780214,43,20.0
2024-02-09 10:46:56,-4.410321419730573,70789.13250618582,-171736.16839448328,70772.9149468953,-171738.43357661384,70763.36505350392,-171735.3143206305,40,20.0
2024-02-09 10:46:57,-3.691087852751519,70789.13250618582,-171736.16839448328,70772.9149468953,-171738.43357661384,70763.99467600498,-171735.95259376682,31,20.0
2024-02-09 10:46:57,-3.177633223965348,70789.13250618582,-171736.16839448328,70772.9149468953,-171738.43357661384,70764.81113658367,-171736.35699384316,28,20.0
2024-02-09 10:46:58,-2.847745739852432,70789.13250618582,-171736.16839448328,70772.9149468953,-171738.43357661384,70766.32343337976,-171736.4788541279,26,20.0
2024-02-09 10:46:59,-2.8802858529565394,70789.13250618582,-171736.16839448328,70772.9149468953,-171738.43357661384,70766.94304592107,-171736.35945396227,29,20.0
2024-02-09 10:46:59,-2.8802858529565394,70789.13250618582,-171736.16839448328,70772.9149468953,-171738.43357661384,70766.94304592107,-171736.35945396227,28,20.0
2024-02-09 10:47:00,-2.9964621677244256,70789.13250618582,-171736.16839448328,70772.9149468953,-171738.43357661384,70767.58247767275,-171736.15283746432,30,20.0
2024-02-09 10:47:00,-3.3540997044807788,70789.13250618582,-171736.16839448328,70772.9149468953,-171738.43357661384,70768.47505949334,-171735.66705713575,36,20.0
2024-02-09 10:47:01,-4.153521053283181,70789.13250618582,-171736.16839448328,70772.9149468953,-171738.43357661384,70769.45855499308,-171734.72250609027,47,20.0
2024-02-09 10:47:01,-5.513657781711339,70789.13250618582,-171736.16839448328,70772.9149468953,-171738.43357661384,70770.1661891378,-171733.25032742467,64,20.0
2024-02-09 10:47:02,-6.121356354058113,70789.13250618582,-171736.16839448328,70772.9149468953,-171738.43357661384,70770.18297991183,-171732.63438444017,65,20.0
2024-02-09 10:47:02,-6.695943413046342,70789.13250618582,-171736.16839448328,70772.9149468953,-171738.43357661384,70770.0162341491,-171732.07750979927,70,20.0
2024-02-09 10:47:03,-7.349705829916958,70789.13250618582,-171736.16839448328,70772.9149468953,-171738.43357661384,70769.43958150967,-171731.49794481942,78,20.0
2024-02-09 10:47:03,-7.5889301669478515,70789.13250618582,-171736.16839448328,70772.9149468953,-171738.43357661384,70768.65111589005,-171731.36652690847,77,20.0
2024-02-09 10:47:04,-7.426190682797158,70789.13250618582,-171736.16839448328,70772.9149468953,-171738.43357661384,70767.94014393448,-171731.63015093651,73,20.0
2024-02-09 10:47:04,-7.426190682797158,70789.13250618582,-171736.16839448328,70772.9149468953,-171738.43357661384,70767.94014393448,-171731.63015093651,74,20.0
2024-02-09 10:47:05,-6.271361602237326,70789.13250618582,-171736.16839448328,70772.9149468953,-171738.43357661384,70767.4887672915,-171732.8592362728,54,20.0
2024-02-09 10:47:06,-5.4345964229032475,70789.13250618582,-171736.16839448328,70772.9149468953,-171738.43357661384,70767.81824425881,-171733.65810467285,48,20.0
2024-02-09 10:47:06,-4.987467850608903,70789.13250618582,-171736.16839448328,70772.9149468953,-171738.43357661384,70768.22205389236,-171734.05317172164,46,20.0
2024-02-09 10:47:07,-4.625519512435056,70789.13250618582,-171736.16839448328,70772.9149468953,-171738.43357661384,70768.74369715805,-171734.34577328575,43,20.0
2024-02-09 10:47:07,-4.305696275569073,70789.13250618582,-171736.16839448328,70772.9149468953,-171738.43357661384,70769.62444513514,-171734.5456829942,40,20.0
2024-02-09 10:47:08,-4.308259310502672,70789.13250618582,-171736.16839448328,70772.9149468953,-171738.43357661384,70770.2418993788,-171734.4568523654,43,20.0
2024-02-09 10:47:08,-4.600544387623104,70789.13250618582,-171736.16839448328,70772.9149468953,-171738.43357661384,70771.06504894904,-171734.04675682442,48,20.0
2024-02-09 10:47:09,-5.686057511950624,70789.13250618582,-171736.16839448328,70772.9149468953,-171738.43357661384,70771.96525165136,-171732.8249706927,64,20.0
2024-02-09 10:47:09,-6.300302086282951,70789.13250618582,-171736.16839448328,70772.9149468953,-171738.43357661384,70772.05536103793,-171732.19217740907,67,20.0
2024-02-09 10:47:10,-6.9049628516600094,70789.13250618582,-171736.16839448328,70772.9149468953,-171738.43357661384,70771.99578491712,-171731.589968241,73,20.0
2024-02-09 10:47:10,-7.65867627089931,70789.13250618582,-171736.16839448328,70772.9149468953,-171738.43357661384,70771.49615134738,-171730.8987243829,81,20.0
2024-02-09 10:47:11,-7.65867627089931,70789.13250618582,-171736.16839448328,70772.9149468953,-171738.43357661384,70771.49615134738,-171730.8987243829,76,20.0
2024-02-09 10:47:12,-8.023691519516227,70789.13250618582,-171736.16839448328,70772.9149468953,-171738.43357661384,70770.76623136547,-171730.63211711682,82,20.0
2024-02-09 10:47:12,-7.588742686067455,70789.13250618582,-171736.16839448328,70772.9149468953,-171738.43357661384,70769.61444162445,-171731.2321640119,72,20.0
2024-02-09 10:47:13,-6.837201367946069,70789.13250618582,-171736.16839448328,70772.9149468953,-171738.43357661384,70769.3725289135,-171732.02478991039,63,20.0
2024-02-09 10:47:13,-6.837201367946069,70789.13250618582,-171736.16839448328,70772.9149468953,-171738.43357661384,70769.3725289135,-171732.02478991039,68,20.0
2024-02-09 10:47:14,-6.009265628112848,70789.13250618582,-171736.16839448328,70772.9149468953,-171738.43357661384,70769.57458618535,-171732.8325404632,54,20.0
2024-02-09 10:47:14,-5.048647385838768,70789.13250618582,-171736.16839448328,70772.9149468953,-171738.43357661384,70770.69080252871,-171733.64657665874,43,20.0
2024-02-09 10:47:15,-4.922886996732821,70789.13250618582,-171736.16839448328,70772.9149468953,-171738.43357661384,70771.54957772359,-171733.65360871682,48,20.0
