timestamp,直線との距離:,startx:,starty:,goalx:,goaly:,x:,y:,操作量,sp
timestamp,直線との距離:,startx:,starty:,goalx:,goaly:,x:,y:,操作量,sp
2024-01-26 17:06:12,-0.0,70787.18503296791,-171735.77638984195,70774.48352805714,-171732.16460188924,70787.18503296791,-171735.77638984195,0,15.0
2024-01-26 17:06:12,-0.0,70787.18503296791,-171735.77638984195,70774.48352805714,-171732.16460188924,70787.18503296791,-171735.77638984195,0,15.0
2024-01-26 17:06:12,-0.0,70787.18503296791,-171735.77638984195,70774.48352805714,-171732.16460188924,70787.18503296791,-171735.77638984195,0,15.0
2024-01-26 17:06:13,-0.2581872254105108,70787.18503296791,-171735.77638984195,70774.48352805714,-171732.16460188924,70787.36724644297,-171735.5597810411,0,15.0
2024-01-26 17:06:13,0.0014433726325566204,70787.18503296791,-171735.77638984195,70774.48352805714,-171732.16460188924,70787.38236634868,-171735.83400396994,0,15.0
2024-01-26 17:06:14,0.0014433726325566204,70787.18503296791,-171735.77638984195,70774.48352805714,-171732.16460188924,70787.38236634868,-171735.83400396994,0,15.0
2024-01-26 17:06:14,-0.33513957714344117,70787.18503296791,-171735.77638984195,70774.48352805714,-171732.16460188924,70787.30194364423,-171735.46120853233,0,15.0
2024-01-26 17:06:15,-0.33513957714344117,70787.18503296791,-171735.77638984195,70774.48352805714,-171732.16460188924,70787.30194364423,-171735.46120853233,1,15.0
2024-01-26 17:06:16,-0.8695291201940056,70787.18503296791,-171735.77638984195,70774.48352805714,-171732.16460188924,70787.16291583849,-171734.866099725,2,15.0
2024-01-26 17:06:16,-1.9915280469172982,70787.18503296791,-171735.77638984195,70774.48352805714,-171732.16460188924,70787.5756672041,-171733.8169896317,5,15.0
2024-01-26 17:06:17,-2.548151781877112,70787.18503296791,-171735.77638984195,70774.48352805714,-171732.16460188924,70787.54970755124,-171733.23091712888,7,15.0
2024-01-26 17:06:17,-3.5861192330355585,70787.18503296791,-171735.77638984195,70774.48352805714,-171732.16460188924,70787.14904926851,-171732.03786947203,11,15.0
2024-01-26 17:06:18,-4.191329399374039,70787.18503296791,-171735.77638984195,70774.48352805714,-171732.16460188924,70786.97022180396,-171731.3578150207,14,15.0
2024-01-26 17:06:18,-4.191329399374039,70787.18503296791,-171735.77638984195,70774.48352805714,-171732.16460188924,70786.97022180396,-171731.3578150207,17,15.0
2024-01-26 17:06:19,-4.429786357072738,70787.18503296791,-171735.77638984195,70774.48352805714,-171732.16460188924,70786.64649215699,-171731.0178491695,21,15.0
2024-01-26 17:06:19,-4.4395811368798,70787.18503296791,-171735.77638984195,70774.48352805714,-171732.16460188924,70786.58739947931,-171730.99086254535,24,15.0
2024-01-26 17:06:20,-5.5953721806146435,70787.18503296791,-171735.77638984195,70774.48352805714,-171732.16460188924,70786.4059145641,-171729.73764420525,29,15.0
2024-01-26 17:06:20,-5.5953721806146435,70787.18503296791,-171735.77638984195,70774.48352805714,-171732.16460188924,70786.4059145641,-171729.73764420525,33,15.0
2024-01-26 17:06:21,-5.6760708321023525,70787.18503296791,-171735.77638984195,70774.48352805714,-171732.16460188924,70785.96532439113,-171729.528460514,37,15.0
2024-01-26 17:06:21,-5.941138820411327,70787.18503296791,-171735.77638984195,70774.48352805714,-171732.16460188924,70785.61106274764,-171729.15214660933,42,15.0
2024-01-26 17:06:22,-5.916504760911381,70787.18503296791,-171735.77638984195,70774.48352805714,-171732.16460188924,70785.08152110028,-171729.0271773033,46,15.0
2024-01-26 17:06:22,-5.811327010453644,70787.18503296791,-171735.77638984195,70774.48352805714,-171732.16460188924,70784.49521679204,-171728.96980380215,50,15.0
2024-01-26 17:06:23,-5.1604432857530655,70787.18503296791,-171735.77638984195,70774.48352805714,-171732.16460188924,70783.9765575775,-171729.49900584976,53,15.0
2024-01-26 17:06:23,-2.991796679775957,70787.18503296791,-171735.77638984195,70774.48352805714,-171732.16460188924,70782.85503703544,-171731.4347122032,52,15.0
2024-01-26 17:06:24,-1.716128581552395,70787.18503296791,-171735.77638984195,70774.48352805714,-171732.16460188924,70782.32854373491,-171732.61124001082,52,15.0
2024-01-26 17:06:24,-1.1721029249063357,70787.18503296791,-171735.77638984195,70774.48352805714,-171732.16460188924,70781.91490752905,-171733.0592119309,52,15.0
2024-01-26 17:06:25,-0.3867551860651737,70787.18503296791,-171735.77638984195,70774.48352805714,-171732.16460188924,70781.88278266668,-171733.86655916096,51,15.0
2024-01-26 17:06:25,0.48462370708806557,70787.18503296791,-171735.77638984195,70774.48352805714,-171732.16460188924,70781.62867339935,-171734.7002249061,50,15.0
2024-01-26 17:06:26,1.5159867710784545,70787.18503296791,-171735.77638984195,70774.48352805714,-171732.16460188924,70781.78986679115,-171735.81831233963,47,15.0
2024-01-26 17:06:26,2.4702009859090106,70787.18503296791,-171735.77638984195,70774.48352805714,-171732.16460188924,70782.49311018578,-171737.01032924664,45,15.0
2024-01-26 17:06:27,3.624272731088955,70787.18503296791,-171735.77638984195,70774.48352805714,-171732.16460188924,70783.02768648401,-171738.36216486047,41,15.0
2024-01-26 17:06:27,4.369235035821478,70787.18503296791,-171735.77638984195,70774.48352805714,-171732.16460188924,70783.37010811402,-171739.23403129517,37,15.0
2024-01-26 17:06:28,5.404808800778857,70787.18503296791,-171735.77638984195,70774.48352805714,-171732.16460188924,70783.69057599297,-171740.4017875025,32,15.0
2024-01-26 17:06:28,5.404808800778857,70787.18503296791,-171735.77638984195,70774.48352805714,-171732.16460188924,70783.69057599297,-171740.4017875025,28,15.0
2024-01-26 17:06:29,7.137475140383578,70787.18503296791,-171735.77638984195,70774.48352805714,-171732.16460188924,70783.72154138093,-171742.21194931018,21,15.0
2024-01-26 17:06:29,7.552934164999604,70787.18503296791,-171735.77638984195,70774.48352805714,-171732.16460188924,70783.9874656291,-171742.71949684585,15,15.0
2024-01-26 17:06:30,8.217752131912041,70787.18503296791,-171735.77638984195,70774.48352805714,-171732.16460188924,70784.21738712324,-171743.4760512517,9,15.0
2024-01-26 17:06:30,9.027450091118544,70787.18503296791,-171735.77638984195,70774.48352805714,-171732.16460188924,70784.1389059585,-171744.29553221285,1,15.0
2024-01-26 17:06:31,9.381443376930873,70787.18503296791,-171735.77638984195,70774.48352805714,-171732.16460188924,70784.20438716515,-171744.68217945518,-6,15.0
2024-01-26 17:06:31,9.381443376930873,70787.18503296791,-171735.77638984195,70774.48352805714,-171732.16460188924,70784.20438716515,-171744.68217945518,-12,15.0
2024-01-26 17:06:32,10.562246885147205,70787.18503296791,-171735.77638984195,70774.48352805714,-171732.16460188924,70784.05365147251,-171745.86693192043,-21,15.0
2024-01-26 17:06:32,11.143561003538162,70787.18503296791,-171735.77638984195,70774.48352805714,-171732.16460188924,70784.0823469048,-171746.47945158096,-30,15.0
2024-01-26 17:06:33,11.537972330400702,70787.18503296791,-171735.77638984195,70774.48352805714,-171732.16460188924,70783.92027354254,-171746.84341200296,-38,15.0
2024-01-26 17:06:33,12.117633597228902,70787.18503296791,-171735.77638984195,70774.48352805714,-171732.16460188924,70783.62224169455,-171747.36130542477,-47,15.0
2024-01-26 17:06:34,12.794393100778727,70787.18503296791,-171735.77638984195,70774.48352805714,-171732.16460188924,70783.38188786794,-171747.99654773346,-57,15.0
2024-01-26 17:06:34,13.845832320969608,70787.18503296791,-171735.77638984195,70774.48352805714,-171732.16460188924,70783.10066812306,-171749.0097030443,-68,15.0
2024-01-26 17:06:35,14.75422750444864,70787.18503296791,-171735.77638984195,70774.48352805714,-171732.16460188924,70783.45581812222,-171750.05510095137,-80,15.0
2024-01-26 17:06:35,14.71706570924822,70787.18503296791,-171735.77638984195,70774.48352805714,-171732.16460188924,70783.49145140244,-171750.0265985523,-90,15.0
2024-01-26 17:06:36,14.63668654180475,70787.18503296791,-171735.77638984195,70774.48352805714,-171732.16460188924,70783.66330700577,-171749.9919015139,-90,15.0
2024-01-26 17:06:37,15.531233377068395,70787.18503296791,-171735.77638984195,70774.48352805714,-171732.16460188924,70783.34124011213,-171750.83032930925,-90,15.0
2024-01-26 17:06:37,16.505221346487854,70787.18503296791,-171735.77638984195,70774.48352805714,-171732.16460188924,70782.83616973762,-171751.69930892225,-90,15.0
2024-01-26 17:06:38,17.326334997024368,70787.18503296791,-171735.77638984195,70774.48352805714,-171732.16460188924,70782.323845649,-171752.40729097623,-90,15.0
2024-01-26 17:06:38,17.31353662814871,70787.18503296791,-171735.77638984195,70774.48352805714,-171732.16460188924,70781.86169622459,-171752.2625688519,-90,15.0
2024-01-26 17:06:39,17.472515664905504,70787.18503296791,-171735.77638984195,70774.48352805714,-171732.16460188924,70781.74429800683,-171752.39446723973,-90,15.0
2024-01-26 17:06:39,17.671876470512665,70787.18503296791,-171735.77638984195,70774.48352805714,-171732.16460188924,70781.30831685642,-171752.4777563574,-90,15.0
2024-01-26 17:06:40,16.65684257003178,70787.18503296791,-171735.77638984195,70774.48352805714,-171732.16460188924,70781.15485857497,-171751.37884499275,-90,15.0
2024-01-26 17:06:40,15.445818884166375,70787.18503296791,-171735.77638984195,70774.48352805714,-171732.16460188924,70780.85151175389,-171750.03355181977,-90,15.0
2024-01-26 17:06:41,15.405973392654431,70787.18503296791,-171735.77638984195,70774.48352805714,-171732.16460188924,70781.10973590834,-171750.06555506235,-90,15.0
2024-01-26 17:06:41,15.405973392654431,70787.18503296791,-171735.77638984195,70774.48352805714,-171732.16460188924,70781.10973590834,-171750.06555506235,-90,15.0
