timestamp,直線との距離:,startx:,starty:,goalx:,goaly:,x:,y:,操作量,sp
timestamp,直線との距離:,startx:,starty:,goalx:,goaly:,x:,y:,操作量,sp
2024-01-26 16:51:56,-0.0,70767.80029182018,-171744.22362193203,70774.48352805714,-171732.16460188924,70767.80029182018,-171744.22362193203,0,15.0
2024-01-26 16:51:56,-0.0,70767.80029182018,-171744.22362193203,70774.48352805714,-171732.16460188924,70767.80029182018,-171744.22362193203,0,15.0
2024-01-26 16:51:56,-0.0,70767.80029182018,-171744.22362193203,70774.48352805714,-171732.16460188924,70767.80029182018,-171744.22362193203,0,15.0
2024-01-26 16:51:57,0.2501917001184216,70767.80029182018,-171744.22362193203,70774.48352805714,-171732.16460188924,70767.62644399634,-171744.02117553944,-1,15.0
2024-01-26 16:51:57,0.4547291735883349,70767.80029182018,-171744.22362193203,70774.48352805714,-171732.16460188924,70767.55626790712,-171743.72584934178,-1,15.0
2024-01-26 16:51:58,0.4547291735883349,70767.80029182018,-171744.22362193203,70774.48352805714,-171732.16460188924,70767.55626790712,-171743.72584934178,-2,15.0
2024-01-26 16:51:58,1.1761243943097526,70767.80029182018,-171744.22362193203,70774.48352805714,-171732.16460188924,70767.20726557779,-171742.86737889433,-3,15.0
2024-01-26 16:51:59,1.6099562896579154,70767.80029182018,-171744.22362193203,70774.48352805714,-171732.16460188924,70766.87520897515,-171742.5715596557,-4,15.0
2024-01-26 16:51:59,2.1025626025135695,70767.80029182018,-171744.22362193203,70774.48352805714,-171732.16460188924,70766.50034018801,-171742.2317409332,-6,15.0
2024-01-26 16:52:00,2.443422788729172,70767.80029182018,-171744.22362193203,70774.48352805714,-171732.16460188924,70766.20748939508,-171742.05697556472,-7,15.0
2024-01-26 16:52:00,2.9455305608973568,70767.80029182018,-171744.22362193203,70774.48352805714,-171732.16460188924,70765.66196475404,-171742.00548187122,-9,15.0
2024-01-26 16:52:01,3.2594001897708873,70767.80029182018,-171744.22362193203,70774.48352805714,-171732.16460188924,70765.31109753407,-171741.9910795641,-11,15.0
2024-01-26 16:52:01,3.691286101117964,70767.80029182018,-171744.22362193203,70774.48352805714,-171732.16460188924,70764.72527475699,-171742.1571624422,-13,15.0
2024-01-26 16:52:02,4.015952247681836,70767.80029182018,-171744.22362193203,70774.48352805714,-171732.16460188924,70764.19349191854,-171742.44692592346,-16,15.0
2024-01-26 16:52:02,4.2009592744639015,70767.80029182018,-171744.22362193203,70774.48352805714,-171732.16460188924,70763.87098784294,-171742.6471826142,-18,15.0
2024-01-26 16:52:03,4.370666654849419,70767.80029182018,-171744.22362193203,70774.48352805714,-171732.16460188924,70763.45050683049,-171743.05578813085,-20,15.0
2024-01-26 16:52:03,4.478423425353767,70767.80029182018,-171744.22362193203,70774.48352805714,-171732.16460188924,70763.15449824298,-171743.36760028944,-23,15.0
2024-01-26 16:52:04,4.545262752234231,70767.80029182018,-171744.22362193203,70774.48352805714,-171732.16460188924,70762.76251977278,-171743.93698793513,-25,15.0
2024-01-26 16:52:05,4.583329427823833,70767.80029182018,-171744.22362193203,70774.48352805714,-171732.16460188924,70762.40640910021,-171744.50101328027,-27,15.0
2024-01-26 16:52:05,4.5833510331683,70767.80029182018,-171744.22362193203,70774.48352805714,-171732.16460188924,70762.06360154107,-171745.1195198247,-30,15.0
2024-01-26 16:52:06,4.619663399695514,70767.80029182018,-171744.22362193203,70774.48352805714,-171732.16460188924,70761.80123996796,-171745.51800630495,-32,15.0
