timestamp,直線との距離:,startx:,starty:,goalx:,goaly:,x:,y:,操作量,sp
2024-01-26 17:11:37,-0.0,70777.23707872296,-171753.6720745667,70774.48352805714,-171732.16460188924,70777.23707872296,-171753.6720745667,0,15.0
2024-01-26 17:11:37,-0.0,70777.23707872296,-171753.6720745667,70774.48352805714,-171732.16460188924,70777.23707872296,-171753.6720745667,0,15.0
2024-01-26 17:11:37,-0.10891802976955439,70777.23707872296,-171753.6720745667,70774.48352805714,-171732.16460188924,70777.3552417612,-171753.73734169072,0,15.0
2024-01-26 17:11:38,-0.19672517477079404,70777.23707872296,-171753.6720745667,70774.48352805714,-171732.16460188924,70777.44739107593,-171753.76565954782,0,15.0
2024-01-26 17:11:38,-0.21083569981935965,70777.23707872296,-171753.6720745667,70774.48352805714,-171732.16460188924,70777.4455722548,-171753.6403387871,0,15.0
2024-01-26 17:11:39,-0.12557502839549847,70777.23707872296,-171753.6720745667,70774.48352805714,-171732.16460188924,70777.33042089251,-171753.41230383105,0,15.0
2024-01-26 17:11:39,0.19471632648245774,70777.23707872296,-171753.6720745667,70774.48352805714,-171732.16460188924,70776.98951680529,-171753.271721344,-1,15.0
2024-01-26 17:11:40,0.3712527367368113,70777.23707872296,-171753.6720745667,70774.48352805714,-171732.16460188924,70776.79934224185,-171753.17645109977,-1,15.0
2024-01-26 17:11:40,0.6113877343623406,70777.23707872296,-171753.6720745667,70774.48352805714,-171732.16460188924,70776.51611096895,-171752.85514357744,-2,15.0
2024-01-26 17:11:41,0.7714899792444085,70777.23707872296,-171753.6720745667,70774.48352805714,-171732.16460188924,70776.29071212673,-171752.35533108574,-3,15.0
2024-01-26 17:11:41,0.8936828444386502,70777.23707872296,-171753.6720745667,70774.48352805714,-171732.16460188924,70776.1253083228,-171752.02560870952,-4,15.0
2024-01-26 17:11:42,1.2648189699671277,70777.23707872296,-171753.6720745667,70774.48352805714,-171732.16460188924,70775.75605456569,-171752.06397281375,-5,15.0
2024-01-26 17:11:43,1.731214252551713,70777.23707872296,-171753.6720745667,70774.48352805714,-171732.16460188924,70775.2915750903,-171752.10867121888,-7,15.0
2024-01-26 17:11:43,2.0319588651765064,70777.23707872296,-171753.6720745667,70774.48352805714,-171732.16460188924,70774.97771379173,-171752.02539278174,-9,15.0
2024-01-26 17:11:44,2.5536840072799825,70777.23707872296,-171753.6720745667,70774.48352805714,-171732.16460188924,70774.46874575788,-171752.1582980545,-12,15.0
2024-01-26 17:11:44,2.9656425901832684,70777.23707872296,-171753.6720745667,70774.48352805714,-171732.16460188924,70774.02456209256,-171751.9328577765,-14,15.0
2024-01-26 17:11:45,3.2728932810934235,70777.23707872296,-171753.6720745667,70774.48352805714,-171732.16460188924,70773.71200927721,-171751.91103221363,-17,15.0
2024-01-26 17:11:45,3.88836354516169,70777.23707872296,-171753.6720745667,70774.48352805714,-171732.16460188924,70773.1055997182,-171752.02104215932,-21,15.0
2024-01-26 17:11:46,4.2089173829207605,70777.23707872296,-171753.6720745667,70774.48352805714,-171732.16460188924,70772.81549226685,-171752.27928969686,-25,15.0
2024-01-26 17:11:46,4.469858036690755,70777.23707872296,-171753.6720745667,70774.48352805714,-171732.16460188924,70772.5951122849,-171752.61273748195,-28,15.0
2024-01-26 17:11:47,5.328934590662087,70777.23707872296,-171753.6720745667,70774.48352805714,-171732.16460188924,70771.79391916735,-171753.11962349617,-33,15.0
2024-01-26 17:11:47,5.328934590662087,70777.23707872296,-171753.6720745667,70774.48352805714,-171732.16460188924,70771.79391916735,-171753.11962349617,-37,15.0
2024-01-26 17:11:48,5.611379377102251,70777.23707872296,-171753.6720745667,70774.48352805714,-171732.16460188924,70771.53669006919,-171753.33458543217,-41,15.0
2024-01-26 17:11:48,5.999983354633302,70777.23707872296,-171753.6720745667,70774.48352805714,-171732.16460188924,70771.1766929559,-171753.5828032472,-46,15.0
2024-01-26 17:11:49,6.910112474534495,70777.23707872296,-171753.6720745667,70774.48352805714,-171732.16460188924,70770.31143262384,-171753.9912890456,-53,15.0
2024-01-26 17:11:49,7.465509068051318,70777.23707872296,-171753.6720745667,70774.48352805714,-171732.16460188924,70769.78974887842,-171754.2900223861,-59,15.0
2024-01-26 17:11:50,7.809614336557896,70777.23707872296,-171753.6720745667,70774.48352805714,-171732.16460188924,70769.44778226585,-171754.3286649893,-65,15.0
2024-01-26 17:11:50,8.121661161573735,70777.23707872296,-171753.6720745667,70774.48352805714,-171732.16460188924,70769.12611574009,-171754.27342141094,-71,15.0
2024-01-26 17:11:51,8.121661161573735,70777.23707872296,-171753.6720745667,70774.48352805714,-171732.16460188924,70769.12611574009,-171754.27342141094,-77,15.0
2024-01-26 17:11:51,8.118958830600603,70777.23707872296,-171753.6720745667,70774.48352805714,-171732.16460188924,70769.10473829249,-171754.0851664508,-82,15.0
2024-01-26 17:11:52,8.371820827756409,70777.23707872296,-171753.6720745667,70774.48352805714,-171732.16460188924,70768.83496887698,-171753.9692266167,-89,15.0
2024-01-26 17:11:52,8.469582643770194,70777.23707872296,-171753.6720745667,70774.48352805714,-171732.16460188924,70768.73861999338,-171753.98649543963,-95,15.0
2024-01-26 17:11:53,7.680656436311427,70777.23707872296,-171753.6720745667,70774.48352805714,-171732.16460188924,70769.57537539613,-171754.30978349078,-99,15.0
2024-01-26 17:11:53,7.680656436311427,70777.23707872296,-171753.6720745667,70774.48352805714,-171732.16460188924,70769.57537539613,-171754.30978349078,-90,15.0
2024-01-26 17:11:54,7.465576508154654,70777.23707872296,-171753.6720745667,70774.48352805714,-171732.16460188924,70769.83129671238,-171754.6150758597,-90,15.0
2024-01-26 17:11:54,7.091595478573225,70777.23707872296,-171753.6720745667,70774.48352805714,-171732.16460188924,70770.26060696432,-171755.02339948906,-90,15.0
2024-01-26 17:11:55,6.793028750681057,70777.23707872296,-171753.6720745667,70774.48352805714,-171732.16460188924,70770.60875434193,-171755.39163002072,-90,15.0
2024-01-26 17:11:55,6.6605509364368665,70777.23707872296,-171753.6720745667,70774.48352805714,-171732.16460188924,70770.78770936816,-171755.7462089475,-90,15.0
