timestamp,直線との距離:,startx:,starty:,goalx:,goaly:,x:,y:,操作量,sp
2024-02-09 10:55:36,0.0,70790.0016386984,-171736.85885302434,70772.9149468953,-171738.43357661384,70790.0016386984,-171736.85885302434,0,20.0
2024-02-09 10:55:36,0.0,70790.0016386984,-171736.85885302434,70772.9149468953,-171738.43357661384,70790.0016386984,-171736.85885302434,0,20.0
2024-02-09 10:55:37,0.0133748682298178,70790.0016386984,-171736.85885302434,70772.9149468953,-171738.43357661384,70790.0073909151,-171736.87175444394,-1,20.0
2024-02-09 10:55:37,0.053742441682857106,70790.0016386984,-171736.85885302434,70772.9149468953,-171738.43357661384,70789.89219083096,-171736.92291002293,-1,20.0
2024-02-09 10:55:38,0.09250449029707132,70790.0016386984,-171736.85885302434,70772.9149468953,-171738.43357661384,70789.509042466,-171736.99714760736,-2,20.0
2024-02-09 10:55:38,0.15905035127406095,70790.0016386984,-171736.85885302434,70772.9149468953,-171738.43357661384,70788.77085182031,-171737.13200773622,-3,20.0
2024-02-09 10:55:39,0.20630083625876647,70790.0016386984,-171736.85885302434,70772.9149468953,-171738.43357661384,70787.92959324314,-171737.25698954402,-3,20.0
2024-02-09 10:55:39,0.25560764618780035,70790.0016386984,-171736.85885302434,70772.9149468953,-171738.43357661384,70787.33697341415,-171737.36112163932,-3,20.0
2024-02-09 10:55:40,0.2581244454188539,70790.0016386984,-171736.85885302434,70772.9149468953,-171738.43357661384,70786.41074338568,-171737.4490112266,-3,20.0
2024-02-09 10:55:40,0.2037717392532673,70790.0016386984,-171736.85885302434,70772.9149468953,-171738.43357661384,70785.42475971766,-171737.48529724986,-2,20.0
2024-02-09 10:55:41,0.1423569895325149,70790.0016386984,-171736.85885302434,70772.9149468953,-171738.43357661384,70784.74731911621,-171737.4860557187,-1,20.0
2024-02-09 10:55:41,0.00793835215128987,70790.0016386984,-171736.85885302434,70772.9149468953,-171738.43357661384,70783.71778343058,-171737.44595029484,0,20.0
2024-02-09 10:55:42,-0.17074072140225086,70790.0016386984,-171736.85885302434,70772.9149468953,-171738.43357661384,70782.68807153088,-171737.3614131067,2,20.0
2024-02-09 10:55:43,-0.3179490483512673,70790.0016386984,-171736.85885302434,70772.9149468953,-171738.43357661384,70781.99852599915,-171737.27713002014,4,20.0
2024-02-09 10:55:43,-0.572711689640173,70790.0016386984,-171736.85885302434,70772.9149468953,-171738.43357661384,70780.98982004475,-171737.11425090986,7,20.0
2024-02-09 10:55:44,-0.8075540960212132,70790.0016386984,-171736.85885302434,70772.9149468953,-171738.43357661384,70779.96994745232,-171736.9724055796,9,20.0
2024-02-09 10:55:44,-0.9752546167347196,70790.0016386984,-171736.85885302434,70772.9149468953,-171738.43357661384,70779.28005659337,-171736.8675752825,10,20.0
2024-02-09 10:55:45,-1.190748453370924,70790.0016386984,-171736.85885302434,70772.9149468953,-171738.43357661384,70778.23750528568,-171736.747250607,13,20.0
2024-02-09 10:55:45,-1.3729685236772124,70790.0016386984,-171736.85885302434,70772.9149468953,-171738.43357661384,70777.2502212236,-171736.65524723148,15,20.0
2024-02-09 10:55:46,-1.5233694875065253,70790.0016386984,-171736.85885302434,70772.9149468953,-171738.43357661384,70776.30942290933,-171736.59091364156,16,20.0
2024-02-09 10:55:46,-1.5828586435788765,70790.0016386984,-171736.85885302434,70772.9149468953,-171738.43357661384,70775.66008281209,-171736.5910160988,16,20.0
2024-02-09 10:55:47,-1.5979528063993436,70790.0016386984,-171736.85885302434,70772.9149468953,-171738.43357661384,70774.710113201,-171736.66340795124,16,20.0
2024-02-09 10:55:47,-1.563245639644948,70790.0016386984,-171736.85885302434,70772.9149468953,-171738.43357661384,70773.76270475534,-171736.7855761437,15,20.0
2024-02-09 10:55:48,-1.4444067052526803,70790.0016386984,-171736.85885302434,70772.9149468953,-171738.43357661384,70773.12531472518,-171736.96366108736,13,20.0
2024-02-09 10:55:49,-1.1994811200485351,70790.0016386984,-171736.85885302434,70772.9149468953,-171738.43357661384,70772.22141193408,-171737.292929051,10,20.0
timestamp,直線との距離:,startx:,starty:,goalx:,goaly:,x:,y:,操作量,sp
2024-02-09 10:55:49,0.0,70771.35422126802,-171737.7001386278,70767.81304474265,-171743.65567093433,70771.35422126802,-171737.7001386278,-2,20.0
2024-02-09 10:55:50,-0.44606692322659325,70771.35422126802,-171737.7001386278,70767.81304474265,-171743.65567093433,70770.52588143667,-171738.22044459192,7,20.0
2024-02-09 10:55:50,-0.7197510315734236,70771.35422126802,-171737.7001386278,70767.81304474265,-171743.65567093433,70769.98171112078,-171738.60012657268,11,20.0
2024-02-09 10:55:51,-1.1081571437021962,70771.35422126802,-171737.7001386278,70767.81304474265,-171743.65567093433,70769.20801484643,-171739.14135464278,17,20.0
2024-02-09 10:55:51,-1.4963937201375055,70771.35422126802,-171737.7001386278,70767.81304474265,-171743.65567093433,70768.44969005094,-171739.65706275942,22,20.0
2024-02-09 10:55:52,-1.7127663112077902,70771.35422126802,-171737.7001386278,70767.81304474265,-171743.65567093433,70767.97714246766,-171740.02842791498,25,20.0
2024-02-09 10:55:52,-2.00943331133652,70771.35422126802,-171737.7001386278,70767.81304474265,-171743.65567093433,70767.27250474351,-171740.633013942,30,20.0
2024-02-09 10:55:53,-2.2159811850861586,70771.35422126802,-171737.7001386278,70767.81304474265,-171743.65567093433,70766.61154995236,-171741.34046478124,33,20.0
2024-02-09 10:55:53,-2.251090281015756,70771.35422126802,-171737.7001386278,70767.81304474265,-171743.65567093433,70766.2596862407,-171741.8635315409,33,20.0
2024-02-09 10:55:54,-2.1647774696548923,70771.35422126802,-171737.7001386278,70767.81304474265,-171743.65567093433,70765.84184158815,-171742.73514346973,32,20.0
2024-02-09 10:55:54,-1.855266684579327,70771.35422126802,-171737.7001386278,70767.81304474265,-171743.65567093433,70765.63784325293,-171743.6838274955,27,20.0
2024-02-09 10:55:55,-1.5412108823892903,70771.35422126802,-171737.7001386278,70767.81304474265,-171743.65567093433,70765.63142972927,-171744.30910736538,22,20.0
2024-02-09 10:55:55,-0.9208081689727386,70771.35422126802,-171737.7001386278,70767.81304474265,-171743.65567093433,70765.81635305235,-171745.21200804616,13,20.0
2024-02-09 10:55:56,0.348972215502939,70771.35422126802,-171737.7001386278,70767.81304474265,-171743.65567093433,70766.51327402059,-171746.52443102442,-7,20.0
2024-02-09 10:55:57,0.8925388047873865,70771.35422126802,-171737.7001386278,70767.81304474265,-171743.65567093433,70766.86642471777,-171746.9940672702,-14,20.0
2024-02-09 10:55:57,1.434722557504228,70771.35422126802,-171737.7001386278,70767.81304474265,-171743.65567093433,70767.23855666791,-171747.42907523204,-23,20.0
2024-02-09 10:55:58,2.197021424660143,70771.35422126802,-171737.7001386278,70767.81304474265,-171743.65567093433,70767.68171162573,-171748.1753227512,-34,20.0
2024-02-09 10:55:58,2.9623231970037915,70771.35422126802,-171737.7001386278,70767.81304474265,-171743.65567093433,70768.09836771042,-171748.97201153717,-46,20.0
2024-02-09 10:55:59,3.389747326428326,70771.35422126802,-171737.7001386278,70767.81304474265,-171743.65567093433,70768.23948993508,-171749.57098737222,-52,20.0
2024-02-09 10:55:59,3.941021456853855,70771.35422126802,-171737.7001386278,70767.81304474265,-171743.65567093433,70768.16153478039,-171750.7807360737,-60,20.0
2024-02-09 10:56:00,4.000038102775183,70771.35422126802,-171737.7001386278,70767.81304474265,-171743.65567093433,70767.89913246753,-171751.33751715696,-61,20.0
2024-02-09 10:56:00,3.8527614844684375,70771.35422126802,-171737.7001386278,70767.81304474265,-171743.65567093433,70767.46770029161,-171751.77493046664,-58,20.0
2024-02-09 10:56:01,3.302689154206147,70771.35422126802,-171737.7001386278,70767.81304474265,-171743.65567093433,70766.65418172111,-171752.06680913904,-49,20.0
2024-02-09 10:56:01,3.302689154206147,70771.35422126802,-171737.7001386278,70767.81304474265,-171743.65567093433,70766.65418172111,-171752.06680913904,-50,20.0
2024-02-09 10:56:02,2.521325044101968,70771.35422126802,-171737.7001386278,70767.81304474265,-171743.65567093433,70765.89344731039,-171751.81736130978,-38,20.0
2024-02-09 10:56:02,1.517716444344713,70771.35422126802,-171737.7001386278,70767.81304474265,-171743.65567093433,70765.23905835056,-171750.9542101526,-22,20.0
2024-02-09 10:56:03,1.022111772048058,70771.35422126802,-171737.7001386278,70767.81304474265,-171743.65567093433,70765.12977014262,-171750.1682913658,-15,20.0
2024-02-09 10:56:04,0.8304683171137994,70771.35422126802,-171737.7001386278,70767.81304474265,-171743.65567093433,70765.22120906181,-171749.6395329249,-13,20.0
2024-02-09 10:56:04,0.6823425348329816,70771.35422126802,-171737.7001386278,70767.81304474265,-171743.65567093433,70765.53148399312,-171748.8278855632,-11,20.0
2024-02-09 10:56:05,0.6768074689500251,70771.35422126802,-171737.7001386278,70767.81304474265,-171743.65567093433,70765.95616173942,-171748.10283461062,-11,20.0
2024-02-09 10:56:05,0.7491271403571734,70771.35422126802,-171737.7001386278,70767.81304474265,-171743.65567093433,70766.44261746202,-171747.42621934577,-12,20.0
2024-02-09 10:56:06,0.8570301106936682,70771.35422126802,-171737.7001386278,70767.81304474265,-171743.65567093433,70766.81234766876,-171747.01553609656,-13,20.0
2024-02-09 10:56:06,1.0873737080983545,70771.35422126802,-171737.7001386278,70767.81304474265,-171743.65567093433,70767.41498996045,-171746.45271454274,-17,20.0
2024-02-09 10:56:07,1.4471177156325055,70771.35422126802,-171737.7001386278,70767.81304474265,-171743.65567093433,70768.12490254203,-171745.9626761821,-23,20.0
2024-02-09 10:56:07,1.7429859788140953,70771.35422126802,-171737.7001386278,70767.81304474265,-171743.65567093433,70768.65494667384,-171745.65015791345,-27,20.0
2024-02-09 10:56:08,2.2623993200788473,70771.35422126802,-171737.7001386278,70767.81304474265,-171743.65567093433,70769.50534364999,-171745.2362687749,-35,20.0
2024-02-09 10:56:08,2.9553637091696947,70771.35422126802,-171737.7001386278,70767.81304474265,-171743.65567093433,70770.45942315673,-171744.98758353712,-46,20.0
2024-02-09 10:56:09,3.721139132226461,70771.35422126802,-171737.7001386278,70767.81304474265,-171743.65567093433,70771.39052192627,-171744.9200120482,-57,20.0
2024-02-09 10:56:10,4.286607862876112,70771.35422126802,-171737.7001386278,70767.81304474265,-171743.65567093433,70771.98217363536,-171745.0313931002,-65,20.0
2024-02-09 10:56:10,5.187574498381482,70771.35422126802,-171737.7001386278,70767.81304474265,-171743.65567093433,70772.77314549031,-171745.46400664537,-79,20.0
2024-02-09 10:56:11,5.9896067050432515,70771.35422126802,-171737.7001386278,70767.81304474265,-171743.65567093433,70773.27908814221,-171746.18240192378,-91,20.0
2024-02-09 10:56:11,6.343483603909779,70771.35422126802,-171737.7001386278,70767.81304474265,-171743.65567093433,70773.37388493551,-171746.71538229415,-96,20.0
2024-02-09 10:56:12,6.498137170529869,70771.35422126802,-171737.7001386278,70767.81304474265,-171743.65567093433,70773.13127787148,-171747.42599870122,-98,20.0
2024-02-09 10:56:12,6.1794656365819325,70771.35422126802,-171737.7001386278,70767.81304474265,-171743.65567093433,70772.55239246778,-171747.7760402125,-93,20.0
2024-02-09 10:56:13,6.1794656365819325,70771.35422126802,-171737.7001386278,70767.81304474265,-171743.65567093433,70772.55239246778,-171747.7760402125,-93,20.0
2024-02-09 10:56:13,5.393344298855165,70771.35422126802,-171737.7001386278,70767.81304474265,-171743.65567093433,70771.76460359943,-171747.5627842555,-81,20.0
2024-02-09 10:56:14,4.843584257097687,70771.35422126802,-171737.7001386278,70767.81304474265,-171743.65567093433,70771.4930263814,-171746.94383980893,-73,20.0
2024-02-09 10:56:14,4.811139409964776,70771.35422126802,-171737.7001386278,70767.81304474265,-171743.65567093433,70772.01855543494,-171745.99652493998,-73,20.0
2024-02-09 10:56:15,5.338359837625641,70771.35422126802,-171737.7001386278,70767.81304474265,-171743.65567093433,70772.72458870783,-171745.84070157353,-81,20.0
2024-02-09 10:56:15,5.82639026361335,70771.35422126802,-171737.7001386278,70767.81304474265,-171743.65567093433,70773.20068153838,-171745.9949101882,-88,20.0
2024-02-09 10:56:16,6.333509564348385,70771.35422126802,-171737.7001386278,70767.81304474265,-171743.65567093433,70773.5830496113,-171746.344094639,-96,20.0
2024-02-09 10:56:17,6.953459087151906,70771.35422126802,-171737.7001386278,70767.81304474265,-171743.65567093433,70773.75138358878,-171747.274008465,-90,20.0
2024-02-09 10:56:17,6.991926595367174,70771.35422126802,-171737.7001386278,70767.81304474265,-171743.65567093433,70773.55463778567,-171747.6801615392,-90,20.0
2024-02-09 10:56:18,6.908220516337491,70771.35422126802,-171737.7001386278,70767.81304474265,-171743.65567093433,70773.47859055731,-171747.64427484557,-90,20.0
2024-02-09 10:56:18,6.634068082849757,70771.35422126802,-171737.7001386278,70767.81304474265,-171743.65567093433,70773.38009089058,-171747.27351389805,-90,20.0
2024-02-09 10:56:19,6.073263339589651,70771.35422126802,-171737.7001386278,70767.81304474265,-171743.65567093433,70772.9675570004,-171746.87001916431,-91,20.0
2024-02-09 10:56:19,6.073263339589651,70771.35422126802,-171737.7001386278,70767.81304474265,-171743.65567093433,70772.9675570004,-171746.87001916431,-92,20.0
2024-02-09 10:56:20,4.354872272815914,70771.35422126802,-171737.7001386278,70767.81304474265,-171743.65567093433,70771.63933606591,-171745.7415443108,-64,20.0
2024-02-09 10:56:20,3.8625704323323897,70771.35422126802,-171737.7001386278,70767.81304474265,-171743.65567093433,70771.26655893194,-171745.40522228013,-58,20.0
2024-02-09 10:56:21,3.2162235314857717,70771.35422126802,-171737.7001386278,70767.81304474265,-171743.65567093433,70770.87904945626,-171744.79226654652,-48,20.0
2024-02-09 10:56:21,2.618823709796636,70771.35422126802,-171737.7001386278,70767.81304474265,-171743.65567093433,70770.50718877352,-171744.24876448826,-39,20.0
2024-02-09 10:56:22,2.618823709796636,70771.35422126802,-171737.7001386278,70767.81304474265,-171743.65567093433,70770.50718877352,-171744.24876448826,-40,20.0
2024-02-09 10:56:22,2.431605500625859,70771.35422126802,-171737.7001386278,70767.81304474265,-171743.65567093433,70770.56892058809,-171743.77862590752,-37,20.0
2024-02-09 10:56:23,2.354893883081602,70771.35422126802,-171737.7001386278,70767.81304474265,-171743.65567093433,70770.49840219342,-171743.747126482,-36,20.0
2024-02-09 10:56:24,2.282479431791822,70771.35422126802,-171737.7001386278,70767.81304474265,-171743.65567093433,70770.45816493577,-171743.67310839778,-35,20.0
2024-02-09 10:56:24,2.180041331990059,70771.35422126802,-171737.7001386278,70767.81304474265,-171743.65567093433,70770.39685115521,-171743.57579127717,-33,20.0
2024-02-09 10:56:25,2.1579274737089715,70771.35422126802,-171737.7001386278,70767.81304474265,-171743.65567093433,70770.38846616622,-171743.5466242841,-33,20.0
2024-02-09 10:56:25,2.2057848365158357,70771.35422126802,-171737.7001386278,70767.81304474265,-171743.65567093433,70770.4547820319,-171743.52873415855,-34,20.0
2024-02-09 10:56:26,2.1779739697144818,70771.35422126802,-171737.7001386278,70767.81304474265,-171743.65567093433,70770.43684927869,-171743.50447756023,-33,20.0
2024-02-09 10:56:26,1.8256132685875384,70771.35422126802,-171737.7001386278,70767.81304474265,-171743.65567093433,70770.12099464661,-171743.3462377668,-28,20.0
2024-02-09 10:56:27,1.8315551987811118,70771.35422126802,-171737.7001386278,70767.81304474265,-171743.65567093433,70770.07689297997,-171743.43203392968,-28,20.0
2024-02-09 10:56:27,1.8315551987811118,70771.35422126802,-171737.7001386278,70767.81304474265,-171743.65567093433,70770.07689297997,-171743.43203392968,-28,20.0
2024-02-09 10:56:28,1.848735793125743,70771.35422126802,-171737.7001386278,70767.81304474265,-171743.65567093433,70770.05646733071,-171743.50000189102,-28,20.0
2024-02-09 10:56:28,1.6202500574859837,70771.35422126802,-171737.7001386278,70767.81304474265,-171743.65567093433,70769.94308568657,-171743.24362259006,-25,20.0
2024-02-09 10:56:29,1.3800224568657602,70771.35422126802,-171737.7001386278,70767.81304474265,-171743.65567093433,70770.09383661071,-171742.5200519224,-21,20.0
2024-02-09 10:56:29,1.3800224568657602,70771.35422126802,-171737.7001386278,70767.81304474265,-171743.65567093433,70770.09383661071,-171742.5200519224,-21,20.0
2024-02-09 10:56:30,1.3186990762490545,70771.35422126802,-171737.7001386278,70767.81304474265,-171743.65567093433,70770.29539432973,-171742.06108551568,-20,20.0
2024-02-09 10:56:30,1.280651571530438,70771.35422126802,-171737.7001386278,70767.81304474265,-171743.65567093433,70770.30557196318,-171741.96952361616,-20,20.0
2024-02-09 10:56:31,1.2403752458823014,70771.35422126802,-171737.7001386278,70767.81304474265,-171743.65567093433,70770.27216265937,-171741.94690500502,-19,20.0
2024-02-09 10:56:32,1.400390530977041,70771.35422126802,-171737.7001386278,70767.81304474265,-171743.65567093433,70770.28579814543,-171742.2370649651,-22,20.0
2024-02-09 10:56:32,1.400390530977041,70771.35422126802,-171737.7001386278,70767.81304474265,-171743.65567093433,70770.28579814543,-171742.2370649651,-22,20.0
2024-02-09 10:56:33,1.5468801711482139,70771.35422126802,-171737.7001386278,70767.81304474265,-171743.65567093433,70770.26344535156,-171742.56128503144,-24,20.0
2024-02-09 10:56:33,1.8899631082491617,70771.35422126802,-171737.7001386278,70767.81304474265,-171743.65567093433,70770.28779561757,-171743.19162212595,-29,20.0
2024-02-09 10:56:34,1.82276565536372,70771.35422126802,-171737.7001386278,70767.81304474265,-171743.65567093433,70770.07402538868,-171743.41965867174,-28,20.0
2024-02-09 10:56:34,1.7522888865628523,70771.35422126802,-171737.7001386278,70767.81304474265,-171743.65567093433,70769.8893100694,-171743.5924143859,-27,20.0
2024-02-09 10:56:35,1.6264592614771771,70771.35422126802,-171737.7001386278,70767.81304474265,-171743.65567093433,70769.65929780965,-171743.73304473588,-25,20.0
2024-02-09 10:56:35,1.5872464128677741,70771.35422126802,-171737.7001386278,70767.81304474265,-171743.65567093433,70769.44472515171,-171744.0171865537,-24,20.0
2024-02-09 10:56:36,1.4862455553554554,70771.35422126802,-171737.7001386278,70767.81304474265,-171743.65567093433,70769.19039206307,-171744.24730046737,-23,20.0
2024-02-09 10:56:36,1.4597835773877907,70771.35422126802,-171737.7001386278,70767.81304474265,-171743.65567093433,70769.08809479894,-171744.36756695347,-22,20.0
2024-02-09 10:56:37,1.5205089214836935,70771.35422126802,-171737.7001386278,70767.81304474265,-171743.65567093433,70768.98817172757,-171744.65443459587,-23,20.0
2024-02-09 10:56:37,1.59232093369674,70771.35422126802,-171737.7001386278,70767.81304474265,-171743.65567093433,70768.88859964797,-171744.96240454266,-24,20.0
2024-02-09 10:56:38,1.9836446762914393,70771.35422126802,-171737.7001386278,70767.81304474265,-171743.65567093433,70769.16544525925,-171745.26248608754,-31,20.0
2024-02-09 10:56:39,2.1080537615562474,70771.35422126802,-171737.7001386278,70767.81304474265,-171743.65567093433,70769.38006158173,-171745.1449690622,-32,20.0
2024-02-09 10:56:39,1.9201708793961616,70771.35422126802,-171737.7001386278,70767.81304474265,-171743.65567093433,70769.29847790477,-171744.91455720685,-29,20.0
2024-02-09 10:56:40,1.9974328944331308,70771.35422126802,-171737.7001386278,70767.81304474265,-171743.65567093433,70769.34959445335,-171744.97976348535,-31,20.0
2024-02-09 10:56:40,2.158920959684548,70771.35422126802,-171737.7001386278,70767.81304474265,-171743.65567093433,70769.29207914442,-171745.3924661814,-33,20.0
2024-02-09 10:56:41,2.0977564589760624,70771.35422126802,-171737.7001386278,70767.81304474265,-171743.65567093433,70768.93674152622,-171745.87039433382,-32,20.0
2024-02-09 10:56:41,2.2771794116024493,70771.35422126802,-171737.7001386278,70767.81304474265,-171743.65567093433,70769.16281098037,-171745.8412577359,-35,20.0
2024-02-09 10:56:42,2.210648840406609,70771.35422126802,-171737.7001386278,70767.81304474265,-171743.65567093433,70769.28351635311,-171745.50807979662,-34,20.0
2024-02-09 10:56:42,1.6451343534119682,70771.35422126802,-171737.7001386278,70767.81304474265,-171743.65567093433,70768.96835832614,-171744.93160357603,-25,20.0
2024-02-09 10:56:43,1.464429211517621,70771.35422126802,-171737.7001386278,70767.81304474265,-171743.65567093433,70768.82894648987,-171744.81249106108,-22,20.0
2024-02-09 10:56:43,1.5732880933292752,70771.35422126802,-171737.7001386278,70767.81304474265,-171743.65567093433,70768.9696535225,-171744.78884817087,-24,20.0
2024-02-09 10:56:44,1.8518130606963146,70771.35422126802,-171737.7001386278,70767.81304474265,-171743.65567093433,70769.23607617167,-171744.8857525855,-29,20.0
2024-02-09 10:56:44,2.0301363470665708,70771.35422126802,-171737.7001386278,70767.81304474265,-171743.65567093433,70769.386765578,-171744.98123811168,-31,20.0
2024-02-09 10:56:45,1.9888000536384076,70771.35422126802,-171737.7001386278,70767.81304474265,-171743.65567093433,70769.3657380754,-171744.9357218778,-30,20.0
2024-02-09 10:56:45,1.9773721454164435,70771.35422126802,-171737.7001386278,70767.81304474265,-171743.65567093433,70769.35014693481,-171744.93958269322,-30,20.0
2024-02-09 10:56:46,1.9584939192457875,70771.35422126802,-171737.7001386278,70767.81304474265,-171743.65567093433,70769.32793965275,-171744.9399929229,-30,20.0
2024-02-09 10:56:47,1.8723231399718874,70771.35422126802,-171737.7001386278,70767.81304474265,-171743.65567093433,70769.25642794173,-171744.8916558927,-28,20.0
2024-02-09 10:56:47,1.7439468373971265,70771.35422126802,-171737.7001386278,70767.81304474265,-171743.65567093433,70769.15578320395,-171744.8097336885,-27,20.0
2024-02-09 10:56:48,1.5837885220239003,70771.35422126802,-171737.7001386278,70767.81304474265,-171743.65567093433,70768.93952611503,-171744.86006183035,-24,20.0
2024-02-09 10:56:48,1.4143528628860973,70771.35422126802,-171737.7001386278,70767.81304474265,-171743.65567093433,70768.67132121515,-171744.97960312408,-22,20.0
2024-02-09 10:56:49,1.1810156143150605,70771.35422126802,-171737.7001386278,70767.81304474265,-171743.65567093433,70768.54517288833,-171744.73520210732,-18,20.0
timestamp,直線との距離:,startx:,starty:,goalx:,goaly:,x:,y:,操作量,sp
2024-02-09 10:56:49,0.0,70768.37280799291,-171744.3949971829,70767.4504649894,-171758.08261034725,70768.37280799291,-171744.3949971829,8,35.0
2024-02-09 10:56:50,0.3087059516483236,70768.37280799291,-171744.3949971829,70767.4504649894,-171758.08261034725,70768.67391129836,-171744.5182101374,-6,35.0
2024-02-09 10:56:50,0.4638340843438756,70768.37280799291,-171744.3949971829,70767.4504649894,-171758.08261034725,70768.83451613628,-171744.44215632963,-6,35.0
2024-02-09 10:56:51,0.5940984904222497,70768.37280799291,-171744.3949971829,70767.4504649894,-171758.08261034725,70768.97648833533,-171744.27279611403,-7,35.0
2024-02-09 10:56:51,0.5497706595523539,70768.37280799291,-171744.3949971829,70767.4504649894,-171758.08261034725,70768.93254146242,-171744.26565085098,-6,35.0
2024-02-09 10:56:52,0.5497706595523539,70768.37280799291,-171744.3949971829,70767.4504649894,-171758.08261034725,70768.93254146242,-171744.26565085098,-6,35.0
2024-02-09 10:56:52,0.4937906837919843,70768.37280799291,-171744.3949971829,70767.4504649894,-171758.08261034725,70768.86966721858,-171744.36607813506,-5,35.0
2024-02-09 10:56:53,0.5297479641992111,70768.37280799291,-171744.3949971829,70767.4504649894,-171758.08261034725,70768.90584303271,-171744.3640452071,-6,35.0
2024-02-09 10:56:53,0.5594081779624765,70768.37280799291,-171744.3949971829,70767.4504649894,-171758.08261034725,70768.93404279117,-171744.3867166302,-6,35.0
2024-02-09 10:56:54,0.5594081779624765,70768.37280799291,-171744.3949971829,70767.4504649894,-171758.08261034725,70768.93404279117,-171744.3867166302,-6,35.0
2024-02-09 10:56:55,0.5278541286426607,70768.37280799291,-171744.3949971829,70767.4504649894,-171758.08261034725,70768.90619075565,-171744.33071663862,-6,35.0
2024-02-09 10:56:55,0.4241687740409332,70768.37280799291,-171744.3949971829,70767.4504649894,-171758.08261034725,70768.81072592347,-171744.2052342286,-4,35.0
2024-02-09 10:56:56,0.2038258059047262,70768.37280799291,-171744.3949971829,70767.4504649894,-171758.08261034725,70768.59890818365,-171744.07130392047,-1,35.0
2024-02-09 10:56:56,0.12576947423754892,70768.37280799291,-171744.3949971829,70767.4504649894,-171758.08261034725,70768.51180753966,-171744.20289499327,-1,35.0
2024-02-09 10:56:57,-0.00898466278484468,70768.37280799291,-171744.3949971829,70767.4504649894,-171758.08261034725,70768.37675536916,-171744.20278274707,1,35.0
2024-02-09 10:56:57,-0.07713416265261668,70768.37280799291,-171744.3949971829,70767.4504649894,-171758.08261034725,70768.30990273543,-171744.18124365865,1,35.0
2024-02-09 10:56:58,-0.05417888827787957,70768.37280799291,-171744.3949971829,70767.4504649894,-171758.08261034725,70768.33650875006,-171744.12783905046,0,35.0
2024-02-09 10:56:58,0.018177915854223056,70768.37280799291,-171744.3949971829,70767.4504649894,-171758.08261034725,70768.41630754681,-171744.0198346619,-1,35.0
2024-02-09 10:56:59,-0.05833343536721913,70768.37280799291,-171744.3949971829,70767.4504649894,-171758.08261034725,70768.34835912645,-171743.89018542084,1,35.0
2024-02-09 10:56:59,-0.06362370560625072,70768.37280799291,-171744.3949971829,70767.4504649894,-171758.08261034725,70768.34516305971,-171743.85892930237,0,35.0
2024-02-09 10:57:00,-0.04460797800504916,70768.37280799291,-171744.3949971829,70767.4504649894,-171758.08261034725,70768.36577049059,-171743.8359483153,0,35.0
2024-02-09 10:57:00,-0.00041782696337939557,70768.37280799291,-171744.3949971829,70767.4504649894,-171758.08261034725,70768.41196375355,-171743.80770923672,-1,35.0
2024-02-09 10:57:01,0.021195009308025314,70768.37280799291,-171744.3949971829,70767.4504649894,-171758.08261034725,70768.43517596197,-171743.78470184756,-1,35.0
2024-02-09 10:57:02,0.03807465144583844,70768.37280799291,-171744.3949971829,70767.4504649894,-171758.08261034725,70768.45502674293,-171743.74117808414,-1,35.0
2024-02-09 10:57:02,0.12675343329177527,70768.37280799291,-171744.3949971829,70767.4504649894,-171758.08261034725,70768.54065907351,-171743.78937199927,-2,35.0
2024-02-09 10:57:03,0.13357876994115514,70768.37280799291,-171744.3949971829,70767.4504649894,-171758.08261034725,70768.54715500749,-171743.79449005314,-2,35.0
2024-02-09 10:57:03,0.17148425378253013,70768.37280799291,-171744.3949971829,70767.4504649894,-171758.08261034725,70768.60039062424,-171743.56826585453,-2,35.0
2024-02-09 10:57:04,0.17148425378253013,70768.37280799291,-171744.3949971829,70767.4504649894,-171758.08261034725,70768.60039062424,-171743.56826585453,-2,35.0
2024-02-09 10:57:04,0.4569548118161189,70768.37280799291,-171744.3949971829,70767.4504649894,-171758.08261034725,70768.86317146893,-171743.9145896145,-7,35.0
2024-02-09 10:57:05,0.509435374983847,70768.37280799291,-171744.3949971829,70767.4504649894,-171758.08261034725,70768.94119980236,-171743.53722571762,-6,35.0
2024-02-09 10:57:05,0.5207923377824802,70768.37280799291,-171744.3949971829,70767.4504649894,-171758.08261034725,70768.96235292213,-171743.39223250403,-6,35.0
2024-02-09 10:57:06,0.44326500533953883,70768.37280799291,-171744.3949971829,70767.4504649894,-171758.08261034725,70768.84957856446,-171743.91269086095,-4,35.0
2024-02-09 10:57:06,0.4157972195561594,70768.37280799291,-171744.3949971829,70767.4504649894,-171758.08261034725,70768.83477600921,-171743.7238138363,-4,35.0
2024-02-09 10:57:07,0.4157972195561594,70768.37280799291,-171744.3949971829,70767.4504649894,-171758.08261034725,70768.83477600921,-171743.7238138363,-5,35.0
2024-02-09 10:57:08,0.4063048597249884,70768.37280799291,-171744.3949971829,70767.4504649894,-171758.08261034725,70768.82852647275,-171743.67537072612,-4,35.0
2024-02-09 10:57:08,0.38562705759811106,70768.37280799291,-171744.3949971829,70767.4504649894,-171758.08261034725,70768.8087738618,-171743.66094494567,-4,35.0
2024-02-09 10:57:09,0.34831088139965505,70768.37280799291,-171744.3949971829,70767.4504649894,-171758.08261034725,70768.77265833486,-171743.64187139913,-4,35.0
2024-02-09 10:57:09,0.3451776789468619,70768.37280799291,-171744.3949971829,70767.4504649894,-171758.08261034725,70768.77141347452,-171743.613742868,-4,35.0
2024-02-09 10:57:10,0.3508853777275542,70768.37280799291,-171744.3949971829,70767.4504649894,-171758.08261034725,70768.7814575503,-171743.54958292076,-4,35.0
2024-02-09 10:57:10,0.3508853777275542,70768.37280799291,-171744.3949971829,70767.4504649894,-171758.08261034725,70768.7814575503,-171743.54958292076,-4,35.0
2024-02-09 10:57:11,0.3456107560290581,70768.37280799291,-171744.3949971829,70767.4504649894,-171758.08261034725,70768.77850189354,-171743.51499185822,-4,35.0
2024-02-09 10:57:11,0.3569236077108109,70768.37280799291,-171744.3949971829,70767.4504649894,-171758.08261034725,70768.80072186302,-171743.35351044958,-4,35.0
2024-02-09 10:57:12,0.35258216644391177,70768.37280799291,-171744.3949971829,70767.4504649894,-171758.08261034725,70768.79705423159,-171743.34336497143,-4,35.0
2024-02-09 10:57:12,0.34508989545912994,70768.37280799291,-171744.3949971829,70767.4504649894,-171758.08261034725,70768.79666829863,-171743.2376544358,-4,35.0
2024-02-09 10:57:13,0.3353189985066429,70768.37280799291,-171744.3949971829,70767.4504649894,-171758.08261034725,70768.79050144352,-171743.18384145247,-4,35.0
2024-02-09 10:57:13,0.3212481084029609,70768.37280799291,-171744.3949971829,70767.4504649894,-171758.08261034725,70768.77912303784,-171743.14341131022,-4,35.0
2024-02-09 10:57:14,0.31467835152180107,70768.37280799291,-171744.3949971829,70767.4504649894,-171758.08261034725,70768.77611683852,-171743.09030684808,-4,35.0
2024-02-09 10:57:14,0.3082481253171435,70768.37280799291,-171744.3949971829,70767.4504649894,-171758.08261034725,70768.77503581834,-171743.01070797569,-4,35.0
2024-02-09 10:57:15,0.2924968397068042,70768.37280799291,-171744.3949971829,70767.4504649894,-171758.08261034725,70768.7637947441,-171742.94324612783,-3,35.0
2024-02-09 10:57:16,0.2897320854556998,70768.37280799291,-171744.3949971829,70767.4504649894,-171758.08261034725,70768.76319407162,-171742.91103800692,-3,35.0
2024-02-09 10:57:16,0.27802938515080367,70768.37280799291,-171744.3949971829,70767.4504649894,-171758.08261034725,70768.75570143326,-171742.84816664355,-3,35.0
2024-02-09 10:57:17,0.2545373813220499,70768.37280799291,-171744.3949971829,70767.4504649894,-171758.08261034725,70768.73546085079,-171742.7991247885,-3,35.0
2024-02-09 10:57:17,0.25190682463824876,70768.37280799291,-171744.3949971829,70767.4504649894,-171758.08261034725,70768.7358312116,-171742.7545025029,-3,35.0
2024-02-09 10:57:18,0.27455491161004314,70768.37280799291,-171744.3949971829,70767.4504649894,-171758.08261034725,70768.76251614111,-171742.69535778055,-3,35.0
2024-02-09 10:57:18,0.3214047680199813,70768.37280799291,-171744.3949971829,70767.4504649894,-171758.08261034725,70768.81227582357,-171742.65375253273,-4,35.0
2024-02-09 10:57:19,0.3166900668561904,70768.37280799291,-171744.3949971829,70767.4504649894,-171758.08261034725,70768.81094289519,-171742.6034081963,-4,35.0
2024-02-09 10:57:19,0.33867018136074495,70768.37280799291,-171744.3949971829,70767.4504649894,-171758.08261034725,70768.83587175696,-171742.56038837813,-4,35.0
2024-02-09 10:57:20,0.383373114663616,70768.37280799291,-171744.3949971829,70767.4504649894,-171758.08261034725,70768.88165548778,-171742.54585374545,-5,35.0
