timestamp,直線との距離:,startx:,starty:,goalx:,goaly:,x:,y:,操作量,sp
2024-02-09 14:04:19,-0.0,70787.2701306398,-171740.0046607144,70772.9149468953,-171738.43357661384,70787.2701306398,-171740.0046607144,0,20.0
timestamp,直線との距離:,startx:,starty:,goalx:,goaly:,x:,y:,操作量,sp
2024-02-09 14:04:19,-0.0,70787.2701306398,-171740.0046607144,70772.9149468953,-171738.43357661384,70787.2701306398,-171740.0046607144,0,20.0
2024-02-09 14:04:19,-0.00013755955681832635,70787.2701306398,-171740.0046607144,70772.9149468953,-171738.43357661384,70787.27438429106,-171740.00498786868,0,20.0
2024-02-09 14:04:20,-0.00013755955681832635,70787.2701306398,-171740.0046607144,70772.9149468953,-171738.43357661384,70787.27438429106,-171740.00498786868,0,20.0
2024-02-09 14:04:20,0.014661608195194086,70787.2701306398,-171740.0046607144,70772.9149468953,-171738.43357661384,70786.94552346354,-171739.98388366585,-1,20.0
2024-02-09 14:04:21,0.020889439013785118,70787.2701306398,-171740.0046607144,70772.9149468953,-171738.43357661384,70786.2181096945,-171739.91053784592,-1,20.0
2024-02-09 14:04:21,-0.013026244691150605,70787.2701306398,-171740.0046607144,70772.9149468953,-171738.43357661384,70785.65499791942,-171739.81479062364,0,20.0
2024-02-09 14:04:22,-0.07792582851062106,70787.2701306398,-171740.0046607144,70772.9149468953,-171738.43357661384,70784.7750485565,-171739.65319862153,1,20.0
2024-02-09 14:04:22,-0.17686428818648497,70787.2701306398,-171740.0046607144,70772.9149468953,-171738.43357661384,70783.89502622199,-171739.45735650667,2,20.0
2024-02-09 14:04:23,-0.25158230521000974,70787.2701306398,-171740.0046607144,70772.9149468953,-171738.43357661384,70783.32216426654,-171739.31949621937,3,20.0
2024-02-09 14:04:23,-0.373440804510187,70787.2701306398,-171740.0046607144,70772.9149468953,-171738.43357661384,70782.45535947908,-171739.10204378323,4,20.0
2024-02-09 14:04:24,-0.4723587171600434,70787.2701306398,-171740.0046607144,70772.9149468953,-171738.43357661384,70781.57671009636,-171738.90637259895,5,20.0
2024-02-09 14:04:25,-0.5333453133298326,70787.2701306398,-171740.0046607144,70772.9149468953,-171738.43357661384,70780.98587012923,-171738.78035814496,5,20.0
2024-02-09 14:04:25,-0.5990222972918748,70787.2701306398,-171740.0046607144,70772.9149468953,-171738.43357661384,70780.06446061612,-171738.61344654943,6,20.0
2024-02-09 14:04:26,-0.6406524780493573,70787.2701306398,-171740.0046607144,70772.9149468953,-171738.43357661384,70779.11570742629,-171738.4677327512,6,20.0
2024-02-09 14:04:26,-0.6458519290966402,70787.2701306398,-171740.0046607144,70772.9149468953,-171738.43357661384,70778.48906323228,-171738.39392000844,6,20.0
2024-02-09 14:04:27,-0.6588029977094174,70787.2701306398,-171740.0046607144,70772.9149468953,-171738.43357661384,70777.55295628122,-171738.27844062002,6,20.0
2024-02-09 14:04:27,-0.6243990022313958,70787.2701306398,-171740.0046607144,70772.9149468953,-171738.43357661384,70775.96301526764,-171738.1390410547,6,20.0
2024-02-09 14:04:28,-0.6165985421186788,70787.2701306398,-171740.0046607144,70772.9149468953,-171738.43357661384,70775.33073894674,-171738.07768944663,6,20.0
2024-02-09 14:04:28,-0.6032464775234543,70787.2701306398,-171740.0046607144,70772.9149468953,-171738.43357661384,70774.69975465162,-171738.02206399644,5,20.0
2024-02-09 14:04:29,-0.6032464775234543,70787.2701306398,-171740.0046607144,70772.9149468953,-171738.43357661384,70774.69975465162,-171738.02206399644,6,20.0
2024-02-09 14:04:29,-0.572418494343019,70787.2701306398,-171740.0046607144,70772.9149468953,-171738.43357661384,70772.76676503078,-171737.84152256488,5,20.0
timestamp,直線との距離:,startx:,starty:,goalx:,goaly:,x:,y:,操作量,sp
2024-02-09 14:04:30,-0.5482262416754564,70772.10546448134,-171737.77083763326,70767.81304474265,-171743.65567093433,70771.45653402609,-171737.73020493318,5,20.0
2024-02-09 14:04:30,-1.0872008142736271,70772.10546448134,-171737.77083763326,70767.81304474265,-171743.65567093433,70770.81573900521,-171737.69411818843,14,20.0
2024-02-09 14:04:31,-1.4499918310730806,70772.10546448134,-171737.77083763326,70767.81304474265,-171743.65567093433,70770.2479811486,-171737.85687106723,17,20.0
2024-02-09 14:04:31,-1.6944113642591236,70772.10546448134,-171737.77083763326,70767.81304474265,-171743.65567093433,70769.7451125612,-171738.1315307751,18,20.0
2024-02-09 14:04:32,-2.0368925568132883,70772.10546448134,-171737.77083763326,70767.81304474265,-171743.65567093433,70768.98391693273,-171738.59394797997,22,20.0
2024-02-09 14:04:33,-2.287675871409059,70772.10546448134,-171737.77083763326,70767.81304474265,-171743.65567093433,70768.29067392931,-171739.11880878982,24,20.0
2024-02-09 14:04:33,-2.409920741244003,70772.10546448134,-171737.77083763326,70767.81304474265,-171743.65567093433,70767.86655227224,-171739.4928304674,24,20.0
2024-02-09 14:04:34,-2.5378376520584864,70772.10546448134,-171737.77083763326,70767.81304474265,-171743.65567093433,70767.26883625086,-171740.09522192567,26,20.0
2024-02-09 14:04:34,-2.5378376520584864,70772.10546448134,-171737.77083763326,70767.81304474265,-171743.65567093433,70767.26883625086,-171740.09522192567,25,20.0
2024-02-09 14:04:35,-2.565202661027436,70772.10546448134,-171737.77083763326,70767.81304474265,-171743.65567093433,70766.76058914722,-171740.74558324,25,20.0
2024-02-09 14:04:35,-2.3749227005512674,70772.10546448134,-171737.77083763326,70767.81304474265,-171743.65567093433,70766.12702600054,-171741.93708038604,22,20.0
2024-02-09 14:04:36,-2.3749227005512674,70772.10546448134,-171737.77083763326,70767.81304474265,-171743.65567093433,70766.12702600054,-171741.93708038604,23,20.0
2024-02-09 14:04:36,-1.848028820351222,70772.10546448134,-171737.77083763326,70767.81304474265,-171743.65567093433,70765.80614160238,-171743.27111283087,14,20.0
2024-02-09 14:04:37,-1.55183317391685,70772.10546448134,-171737.77083763326,70767.81304474265,-171743.65567093433,70765.76802821438,-171743.8259908432,13,20.0
2024-02-09 14:04:37,-1.2170554563886538,70772.10546448134,-171737.77083763326,70767.81304474265,-171743.65567093433,70765.77952205122,-171744.3783295337,9,20.0
2024-02-09 14:04:38,-0.6327671273105288,70772.10546448134,-171737.77083763326,70767.81304474265,-171743.65567093433,70765.8888266508,-171745.2199750326,2,20.0
2024-02-09 14:04:38,-0.037938891148759445,70772.10546448134,-171737.77083763326,70767.81304474265,-171743.65567093433,70766.03671499039,-171746.02660844405,-4,20.0
2024-02-09 14:04:39,0.6032425328164238,70772.10546448134,-171737.77083763326,70767.81304474265,-171743.65567093433,70766.22852760526,-171746.85168085122,-11,20.0
2024-02-09 14:04:40,1.0236659108472905,70772.10546448134,-171737.77083763326,70767.81304474265,-171743.65567093433,70766.346546977,-171747.40331012476,-14,20.0
2024-02-09 14:04:40,1.6017794728903259,70772.10546448134,-171737.77083763326,70767.81304474265,-171743.65567093433,70766.4293773492,-171748.27077314424,-21,20.0
2024-02-09 14:04:41,2.116775890785846,70772.10546448134,-171737.77083763326,70767.81304474265,-171743.65567093433,70766.41323149542,-171749.16682507112,-25,20.0
2024-02-09 14:04:41,2.4051068147011017,70772.10546448134,-171737.77083763326,70767.81304474265,-171743.65567093433,70766.33238766235,-171749.7669398504,-27,20.0
2024-02-09 14:04:42,2.745855418399072,70772.10546448134,-171737.77083763326,70767.81304474265,-171743.65567093433,70766.09705524366,-171750.6678052877,-30,20.0
2024-02-09 14:04:42,2.9167115761044715,70772.10546448134,-171737.77083763326,70767.81304474265,-171743.65567093433,70765.70156979348,-171751.49994106442,-31,20.0
2024-02-09 14:04:43,2.88416270733278,70772.10546448134,-171737.77083763326,70767.81304474265,-171743.65567093433,70765.30249858613,-171751.9918274301,-29,20.0
2024-02-09 14:04:43,2.68250181450294,70772.10546448134,-171737.77083763326,70767.81304474265,-171743.65567093433,70764.60711221915,-171752.60298438685,-26,20.0
2024-02-09 14:04:44,2.2131918805223263,70772.10546448134,-171737.77083763326,70767.81304474265,-171743.65567093433,70763.72340966006,-171753.0181361512,-19,20.0
2024-02-09 14:04:44,1.6014366805418354,70772.10546448134,-171737.77083763326,70767.81304474265,-171743.65567093433,70762.85649322526,-171753.16855385207,-12,20.0
2024-02-09 14:04:45,1.0064276317955623,70772.10546448134,-171737.77083763326,70767.81304474265,-171743.65567093433,70762.13820686063,-171753.14361945062,-6,20.0
2024-02-09 14:04:46,1.1253875755340381,70772.10546448134,-171737.77083763326,70767.81304474265,-171743.65567093433,70762.35334538776,-171753.05053572246,-13,20.0
2024-02-09 14:04:46,1.2730118952690257,70772.10546448134,-171737.77083763326,70767.81304474265,-171743.65567093433,70762.79033971834,-171752.70193314782,-14,20.0
2024-02-09 14:04:47,1.1571133755186054,70772.10546448134,-171737.77083763326,70767.81304474265,-171743.65567093433,70763.07722248937,-171752.11194939195,-11,20.0
2024-02-09 14:04:47,1.157961687171614,70772.10546448134,-171737.77083763326,70767.81304474265,-171743.65567093433,70763.55689338353,-171751.45576841445,-12,20.0
2024-02-09 14:04:48,1.2323516976752036,70772.10546448134,-171737.77083763326,70767.81304474265,-171743.65567093433,70764.08514174433,-171750.85778416554,-13,20.0
2024-02-09 14:04:48,1.2323516976752036,70772.10546448134,-171737.77083763326,70767.81304474265,-171743.65567093433,70764.08514174433,-171750.85778416554,-13,20.0
2024-02-09 14:04:49,1.452840268283765,70772.10546448134,-171737.77083763326,70767.81304474265,-171743.65567093433,70765.11310430015,-171749.82262037424,-17,20.0
