timestamp,直線との距離:,startx:,starty:,goalx:,goaly:,x:,y:,操作量,sp
timestamp,直線との距離:,startx:,starty:,goalx:,goaly:,x:,y:,操作量,sp
2024-01-26 16:16:56,-0.0,70772.7472283635,-171745.78826285037,70774.48352805714,-171732.16460188924,70772.7472283635,-171745.78826285037,0,15.0
2024-01-26 16:16:56,-0.0,70772.7472283635,-171745.78826285037,70774.48352805714,-171732.16460188924,70772.7472283635,-171745.78826285037,0,15.0
2024-01-26 16:16:56,-0.0,70772.7472283635,-171745.78826285037,70774.48352805714,-171732.16460188924,70772.7472283635,-171745.78826285037,0,15.0
2024-01-26 16:16:56,0.011465513908892954,70772.7472283635,-171745.78826285037,70774.48352805714,-171732.16460188924,70772.73596229569,-171745.7859702395,-1,15.0
2024-01-26 16:16:57,0.0849185472047298,70772.7472283635,-171745.78826285037,70774.48352805714,-171732.16460188924,70772.67868831648,-171745.65436144752,-4,15.0
2024-01-26 16:16:58,0.1686969201774573,70772.7472283635,-171745.78826285037,70774.48352805714,-171732.16460188924,70772.63360211332,-171745.34545095701,-9,15.0
2024-01-26 16:16:58,0.21197387373126958,70772.7472283635,-171745.78826285037,70774.48352805714,-171732.16460188924,70772.66963285473,-171744.7204262714,-13,15.0
2024-01-26 16:16:59,0.5556862375798614,70772.7472283635,-171745.78826285037,70774.48352805714,-171732.16460188924,70772.40266617316,-171744.09643636766,-30,15.0
2024-01-26 16:16:59,0.8411727802352119,70772.7472283635,-171745.78826285037,70774.48352805714,-171732.16460188924,70772.17876090968,-171743.59512749698,-51,15.0
2024-01-26 16:17:00,1.134018121797353,70772.7472283635,-171745.78826285037,70774.48352805714,-171732.16460188924,70771.97450314501,-171742.88145000808,-79,15.0
2024-01-26 16:17:00,1.276941674377976,70772.7472283635,-171745.78826285037,70774.48352805714,-171732.16460188924,70771.88311218232,-171742.46803498114,-90,15.0
2024-01-26 16:17:01,1.409806126784311,70772.7472283635,-171745.78826285037,70774.48352805714,-171732.16460188924,70771.84085773006,-171741.74864230515,-90,15.0
2024-01-26 16:17:01,1.5806908031596205,70772.7472283635,-171745.78826285037,70774.48352805714,-171732.16460188924,70771.73227636411,-171741.248941542,-90,15.0
2024-01-26 16:17:02,1.2246751182412638,70772.7472283635,-171745.78826285037,70774.48352805714,-171732.16460188924,70772.15497734495,-171740.7482988564,-90,15.0
2024-01-26 16:17:02,0.7177157035711729,70772.7472283635,-171745.78826285037,70774.48352805714,-171732.16460188924,70772.65899639371,-171740.80354526723,-90,15.0
2024-01-26 16:17:03,0.7177157035711729,70772.7472283635,-171745.78826285037,70774.48352805714,-171732.16460188924,70772.65899639371,-171740.80354526723,-90,15.0
2024-01-26 16:17:03,0.4166296936358909,70772.7472283635,-171745.78826285037,70774.48352805714,-171732.16460188924,70772.94032394236,-171740.9776866175,-90,15.0
2024-01-26 16:17:04,0.20384060448930566,70772.7472283635,-171745.78826285037,70774.48352805714,-171732.16460188924,70773.08973850627,-171741.4884520826,-90,15.0
2024-01-26 16:17:04,0.3905880352019485,70772.7472283635,-171745.78826285037,70774.48352805714,-171732.16460188924,70772.82452333285,-171742.09228722894,-90,15.0
2024-01-26 16:17:05,0.6780129350171561,70772.7472283635,-171745.78826285037,70774.48352805714,-171732.16460188924,70772.49137575939,-171742.4328025409,-90,15.0
2024-01-26 16:17:05,1.0915888617187672,70772.7472283635,-171745.78826285037,70774.48352805714,-171732.16460188924,70772.06566976084,-171742.50173122724,-90,15.0
2024-01-26 16:17:06,1.4551183809133952,70772.7472283635,-171745.78826285037,70774.48352805714,-171732.16460188924,70771.68419572263,-171742.61945855012,-90,15.0
2024-01-26 16:17:06,1.8177073404687898,70772.7472283635,-171745.78826285037,70774.48352805714,-171732.16460188924,70771.32146147186,-171742.59758612627,-90,15.0
2024-01-26 16:17:07,2.231784753742956,70772.7472283635,-171745.78826285037,70774.48352805714,-171732.16460188924,70770.92315161126,-171742.4475877218,-90,15.0
2024-01-26 16:17:08,2.4566380858663766,70772.7472283635,-171745.78826285037,70774.48352805714,-171732.16460188924,70770.74832892492,-171742.04075767647,-90,15.0
2024-01-26 16:17:08,2.5988258806667837,70772.7472283635,-171745.78826285037,70774.48352805714,-171732.16460188924,70770.67832977134,-171741.46531419197,-90,15.0
2024-01-26 16:17:09,2.6939538153422564,70772.7472283635,-171745.78826285037,70774.48352805714,-171732.16460188924,70770.61474685243,-171741.21176263964,-90,15.0
2024-01-26 16:17:09,2.906506075449052,70772.7472283635,-171745.78826285037,70774.48352805714,-171732.16460188924,70770.26163157547,-171742.30118292538,-90,15.0
2024-01-26 16:17:10,2.821741927849933,70772.7472283635,-171745.78826285037,70774.48352805714,-171732.16460188924,70770.26589476188,-171742.93820349465,-90,15.0
2024-01-26 16:17:10,2.460598562653604,70772.7472283635,-171745.78826285037,70774.48352805714,-171732.16460188924,70770.56692349182,-171743.43280623652,-90,15.0
2024-01-26 16:17:11,2.017983987165836,70772.7472283635,-171745.78826285037,70774.48352805714,-171732.16460188924,70770.90092842122,-171744.31308982085,-90,15.0
2024-01-26 16:17:11,1.9291727252970063,70772.7472283635,-171745.78826285037,70774.48352805714,-171732.16460188924,70770.96099408498,-171744.54427518824,-90,15.0
2024-01-26 16:17:12,1.9524572477020088,70772.7472283635,-171745.78826285037,70774.48352805714,-171732.16460188924,70770.9174796231,-171744.70152910936,-90,15.0
2024-01-26 16:17:12,1.686031154563122,70772.7472283635,-171745.78826285037,70774.48352805714,-171732.16460188924,70771.13272985886,-171745.11998341442,-90,15.0
2024-01-26 16:17:13,1.511296675561227,70772.7472283635,-171745.78826285037,70774.48352805714,-171732.16460188924,70771.24172416219,-171745.64689545135,-90,15.0
2024-01-26 16:17:13,1.4198739458882135,70772.7472283635,-171745.78826285037,70774.48352805714,-171732.16460188924,70771.27709052198,-171746.09253715607,-90,15.0
2024-01-26 16:17:14,1.3362844014078055,70772.7472283635,-171745.78826285037,70774.48352805714,-171732.16460188924,70771.30476275599,-171746.5365905996,-90,15.0
2024-01-26 16:17:14,1.3061027735196082,70772.7472283635,-171745.78826285037,70774.48352805714,-171732.16460188924,70771.30179705676,-171746.79859254262,-90,15.0
2024-01-26 16:17:15,1.2467624761594938,70772.7472283635,-171745.78826285037,70774.48352805714,-171732.16460188924,70771.36526224657,-171746.7699932344,-90,15.0
2024-01-26 16:17:15,1.178802504704395,70772.7472283635,-171745.78826285037,70774.48352805714,-171732.16460188924,70771.50480947192,-171746.21260590944,-90,15.0
