timestamp,直線との距離:,startx:,starty:,goalx:,goaly:,x:,y:,操作量,sp
2024-02-09 11:51:23,-0.0,70789.33952015339,-171738.87117862637,70772.9149468953,-171738.43357661384,70789.33952015339,-171738.87117862637,0,20.0
2024-02-09 11:51:23,-0.0,70789.33952015339,-171738.87117862637,70772.9149468953,-171738.43357661384,70789.33952015339,-171738.87117862637,0,20.0
2024-02-09 11:51:23,-0.008757204072224212,70789.33952015339,-171738.87117862637,70772.9149468953,-171738.43357661384,70789.34615139574,-171738.86259499172,0,20.0
2024-02-09 11:51:24,-0.0030726303866903805,70789.33952015339,-171738.87117862637,70772.9149468953,-171738.43357661384,70789.2469163733,-171738.86563765124,-1,20.0
2024-02-09 11:51:24,0.014312716578656178,70789.33952015339,-171738.87117862637,70772.9149468953,-171738.43357661384,70788.90999131468,-171738.8740524301,-1,20.0
2024-02-09 11:51:25,0.060326802829170884,70789.33952015339,-171738.87117862637,70772.9149468953,-171738.43357661384,70788.24242676617,-171738.90229683722,-1,20.0
2024-02-09 11:51:26,0.12748351637754382,70789.33952015339,-171738.87117862637,70772.9149468953,-171738.43357661384,70787.71962712078,-171738.95554836432,-2,20.0
2024-02-09 11:51:26,0.2086444173776111,70789.33952015339,-171738.87117862637,70772.9149468953,-171738.43357661384,70786.8461536404,-171739.0134660005,-3,20.0
2024-02-09 11:51:27,0.28860885416185195,70789.33952015339,-171738.87117862637,70772.9149468953,-171738.43357661384,70785.90958149276,-171739.068505602,-4,20.0
2024-02-09 11:51:27,0.33352174326075684,70789.33952015339,-171738.87117862637,70772.9149468953,-171738.43357661384,70785.2618917208,-171739.09617794742,-4,20.0
2024-02-09 11:51:28,0.45858551531468844,70789.33952015339,-171738.87117862637,70772.9149468953,-171738.43357661384,70783.58697908619,-171739.17666118804,-6,20.0
2024-02-09 11:51:28,0.45858551531468844,70789.33952015339,-171738.87117862637,70772.9149468953,-171738.43357661384,70783.58697908619,-171739.17666118804,-5,20.0
2024-02-09 11:51:29,0.5077073852862941,70789.33952015339,-171738.87117862637,70772.9149468953,-171738.43357661384,70782.9254803927,-171739.2081760951,-6,20.0
2024-02-09 11:51:29,0.567524340741039,70789.33952015339,-171738.87117862637,70772.9149468953,-171738.43357661384,70781.94289753163,-171739.24183519627,-7,20.0
2024-02-09 11:51:30,0.6749590385600648,70789.33952015339,-171738.87117862637,70772.9149468953,-171738.43357661384,70780.29441207487,-171739.3053872094,-8,20.0
2024-02-09 11:51:30,0.7148288751529127,70789.33952015339,-171738.87117862637,70772.9149468953,-171738.43357661384,70779.63789386507,-171739.3277794955,-8,20.0
2024-02-09 11:51:31,0.7397420582083416,70789.33952015339,-171738.87117862637,70772.9149468953,-171738.43357661384,70778.66332275228,-171739.3267358962,-8,20.0
2024-02-09 11:51:31,0.7096857841894377,70789.33952015339,-171738.87117862637,70772.9149468953,-171738.43357661384,70777.74922340749,-171739.27231449014,-7,20.0
2024-02-09 11:51:32,0.7096857841894377,70789.33952015339,-171738.87117862637,70772.9149468953,-171738.43357661384,70777.74922340749,-171739.27231449014,-8,20.0
2024-02-09 11:51:32,0.6988361295919949,70789.33952015339,-171738.87117862637,70772.9149468953,-171738.43357661384,70777.15335722124,-171739.24558524613,-7,20.0
2024-02-09 11:51:33,0.5513468014332061,70789.33952015339,-171738.87117862637,70772.9149468953,-171738.43357661384,70775.40628479545,-171739.05149610437,-5,20.0
2024-02-09 11:51:33,0.45866448352758993,70789.33952015339,-171738.87117862637,70772.9149468953,-171738.43357661384,70774.81123434014,-171738.9429268911,-4,20.0
2024-02-09 11:51:34,0.45866448352758993,70789.33952015339,-171738.87117862637,70772.9149468953,-171738.43357661384,70774.81123434014,-171738.9429268911,-5,20.0
2024-02-09 11:51:35,0.3043427560492671,70789.33952015339,-171738.87117862637,70772.9149468953,-171738.43357661384,70773.91946353926,-171738.76479083637,-2,20.0
timestamp,直線との距離:,startx:,starty:,goalx:,goaly:,x:,y:,操作量,sp
2024-02-09 11:51:35,0.0,70773.05449720503,-171738.60693341182,70767.81304474265,-171743.65567093433,70773.05449720503,-171738.60693341182,2,20.0
2024-02-09 11:51:36,-1.2877993758780775,70773.05449720503,-171738.60693341182,70767.81304474265,-171743.65567093433,70771.61803550184,-171738.20252410945,21,20.0
2024-02-09 11:51:36,-1.8182223122144165,70773.05449720503,-171738.60693341182,70767.81304474265,-171743.65567093433,70771.0471480973,-171738.01595121314,21,20.0
2024-02-09 11:51:37,-2.3495993900938745,70773.05449720503,-171738.60693341182,70767.81304474265,-171743.65567093433,70770.47448225935,-171737.82976657586,27,20.0
2024-02-09 11:51:37,-3.0613924565525186,70773.05449720503,-171738.60693341182,70767.81304474265,-171743.65567093433,70769.59800203814,-171737.6857257294,35,20.0
2024-02-09 11:51:38,-3.48044668669444,70773.05449720503,-171738.60693341182,70767.81304474265,-171743.65567093433,70769.02540814478,-171737.6554274015,37,20.0
2024-02-09 11:51:38,-4.031627174782115,70773.05449720503,-171738.60693341182,70767.81304474265,-171743.65567093433,70768.16515198401,-171737.71876290624,44,20.0
2024-02-09 11:51:39,-4.442744136669598,70773.05449720503,-171738.60693341182,70767.81304474265,-171743.65567093433,70767.39374827073,-171737.89098523173,47,20.0
2024-02-09 11:51:39,-4.617543390805001,70773.05449720503,-171738.60693341182,70767.81304474265,-171743.65567093433,70766.90969376244,-171738.11454077688,47,20.0
2024-02-09 11:51:40,-4.62340854769646,70773.05449720503,-171738.60693341182,70767.81304474265,-171743.65567093433,70765.96253320362,-171739.01873311267,46,20.0
2024-02-09 11:51:40,-4.464421104691381,70773.05449720503,-171738.60693341182,70767.81304474265,-171743.65567093433,70765.71531754256,-171739.4776067407,43,20.0
2024-02-09 11:51:41,-4.464421104691381,70773.05449720503,-171738.60693341182,70767.81304474265,-171743.65567093433,70765.71531754256,-171739.4776067407,44,20.0
2024-02-09 11:51:41,-4.196975491062019,70773.05449720503,-171738.60693341182,70767.81304474265,-171743.65567093433,70765.56452497205,-171739.99419217627,40,20.0
2024-02-09 11:51:42,-2.9121266003887163,70773.05449720503,-171738.60693341182,70767.81304474265,-171743.65567093433,70765.80185505842,-171741.54954743502,20,20.0
2024-02-09 11:51:43,-2.215632613777418,70773.05449720503,-171738.60693341182,70767.81304474265,-171743.65567093433,70766.23316491277,-171742.10114872383,17,20.0
2024-02-09 11:51:43,-1.7317182851775634,70773.05449720503,-171738.60693341182,70767.81304474265,-171743.65567093433,70766.5929422573,-171742.4264944275,13,20.0
2024-02-09 11:51:44,-1.7317182851775634,70773.05449720503,-171738.60693341182,70767.81304474265,-171743.65567093433,70766.5929422573,-171742.4264944275,17,20.0
2024-02-09 11:51:44,-0.49432075681324145,70773.05449720503,-171738.60693341182,70767.81304474265,-171743.65567093433,70767.71219426558,-171743.0664695554,-4,20.0
timestamp,直線との距離:,startx:,starty:,goalx:,goaly:,x:,y:,操作量,sp
2024-02-09 11:51:45,0.0,70768.49487318462,-171743.41141167944,70767.4504649894,-171758.08261034725,70768.49487318462,-171743.41141167944,-4,20.0
2024-02-09 11:51:45,0.9028872658763669,70768.49487318462,-171743.41141167944,70767.4504649894,-171758.08261034725,70769.37929296258,-171743.7029280977,-16,20.0
2024-02-09 11:51:46,1.4704577754736017,70768.49487318462,-171743.41141167944,70767.4504649894,-171758.08261034725,70769.93244845029,-171743.92559786263,-19,20.0
2024-02-09 11:51:46,2.363761869235593,70768.49487318462,-171743.41141167944,70767.4504649894,-171758.08261034725,70770.80102860687,-171744.3046603295,-30,20.0
2024-02-09 11:51:47,3.1550930480911443,70768.49487318462,-171743.41141167944,70767.4504649894,-171758.08261034725,70771.5646925293,-171744.7214437009,-38,20.0
2024-02-09 11:51:47,3.677334033550589,70768.49487318462,-171743.41141167944,70767.4504649894,-171758.08261034725,70772.06453662891,-171745.0546263286,-41,20.0
2024-02-09 11:51:48,4.3366705590659125,70768.49487318462,-171743.41141167944,70767.4504649894,-171758.08261034725,70772.67836665854,-171745.71731201574,-48,20.0
2024-02-09 11:51:48,4.650130578531826,70768.49487318462,-171743.41141167944,70767.4504649894,-171758.08261034725,70772.95577219129,-171746.23492622905,-49,20.0
2024-02-09 11:51:49,4.8608487974220616,70768.49487318462,-171743.41141167944,70767.4504649894,-171758.08261034725,70773.12672512316,-171746.80101511112,-51,20.0
2024-02-09 11:51:49,4.922756431303154,70768.49487318462,-171743.41141167944,70767.4504649894,-171758.08261034725,70773.14718294256,-171747.38547714625,-50,20.0
2024-02-09 11:51:50,4.702061047606268,70768.49487318462,-171743.41141167944,70767.4504649894,-171758.08261034725,70772.86864713146,-171748.19013813607,-46,20.0
2024-02-09 11:51:50,4.2047262257695746,70768.49487318462,-171743.41141167944,70767.4504649894,-171758.08261034725,70772.32690813241,-171748.79622080264,-39,20.0
2024-02-09 11:51:51,3.763795114783599,70768.49487318462,-171743.41141167944,70767.4504649894,-171758.08261034725,70771.86806874696,-171749.03211054497,-35,20.0
2024-02-09 11:51:52,3.030028045645874,70768.49487318462,-171743.41141167944,70767.4504649894,-171758.08261034725,70771.12647966095,-171749.1159048152,-26,20.0
2024-02-09 11:51:52,2.324546911285499,70768.49487318462,-171743.41141167944,70767.4504649894,-171758.08261034725,70770.43007153482,-171748.96337378197,-19,20.0
2024-02-09 11:51:53,1.6459567435784053,70768.49487318462,-171743.41141167944,70767.4504649894,-171758.08261034725,70769.77758993953,-171748.57249364993,-12,20.0
2024-02-09 11:51:53,1.2423313464559544,70768.49487318462,-171743.41141167944,70767.4504649894,-171758.08261034725,70769.39830379769,-171748.21624246816,-10,20.0
2024-02-09 11:51:54,0.6733739456660934,70768.49487318462,-171743.41141167944,70767.4504649894,-171758.08261034725,70768.8722190668,-171747.5937680087,-3,20.0
2024-02-09 11:51:54,0.34789667919804074,70768.49487318462,-171743.41141167944,70767.4504649894,-171758.08261034725,70768.57734964132,-171747.15223769806,-2,20.0
2024-02-09 11:51:55,-0.051012433056122276,70768.49487318462,-171743.41141167944,70767.4504649894,-171758.08261034725,70768.22877773836,-171746.4309510384,3,20.0
2024-02-09 11:51:55,-0.450017635960486,70768.49487318462,-171743.41141167944,70767.4504649894,-171758.08261034725,70767.88331439356,-171745.66464404375,7,20.0
2024-02-09 11:51:56,-0.9112568606198476,70768.49487318462,-171743.41141167944,70767.4504649894,-171758.08261034725,70767.49238890549,-171744.66052375291,12,20.0
2024-02-09 11:51:56,-1.1623399510091361,70768.49487318462,-171743.41141167944,70767.4504649894,-171758.08261034725,70767.27546625091,-171744.17173342025,13,20.0
2024-02-09 11:51:57,-1.5429664057046557,70768.49487318462,-171743.41141167944,70767.4504649894,-171758.08261034725,70766.94658180316,-171743.43136296197,18,20.0
2024-02-09 11:51:57,-1.8416722764562101,70768.49487318462,-171743.41141167944,70767.4504649894,-171758.08261034725,70766.68122192347,-171742.95232050915,20,20.0
2024-02-09 11:51:58,-2.1746619466241217,70768.49487318462,-171743.41141167944,70767.4504649894,-171758.08261034725,70766.38145347874,-171742.47381193715,24,20.0
2024-02-09 11:51:58,-2.5446158183518595,70768.49487318462,-171743.41141167944,70767.4504649894,-171758.08261034725,70766.0439410762,-171742.00494286223,28,20.0
2024-02-09 11:51:59,-3.636514296179559,70768.49487318462,-171743.41141167944,70767.4504649894,-171758.08261034725,70765.02548719029,-171740.93442304898,44,20.0
2024-02-09 11:52:00,-4.368085723507669,70768.49487318462,-171743.41141167944,70767.4504649894,-171758.08261034725,70764.32762034453,-171740.43495546826,48,20.0
