timestamp,直線との距離:,startx:,starty:,goalx:,goaly:,x:,y:,操作量,sp
2024-02-08 11:00:30,0.0,70784.56051922118,-171736.3036143872,70772.9149468953,-171738.43357661384,70784.56051922118,-171736.3036143872,0,20.0
2024-02-08 11:00:30,0.0,70784.56051922118,-171736.3036143872,70772.9149468953,-171738.43357661384,70784.56051922118,-171736.3036143872,0,20.0
2024-02-08 11:00:30,0.0,70784.56051922118,-171736.3036143872,70772.9149468953,-171738.43357661384,70784.56051922118,-171736.3036143872,0,20.0
2024-02-08 11:00:31,-0.24704787373677356,70784.56051922118,-171736.3036143872,70772.9149468953,-171738.43357661384,70783.81623050784,-171736.188597959,4,20.0
2024-02-08 11:00:31,-0.44109634275968135,70784.56051922118,-171736.3036143872,70772.9149468953,-171738.43357661384,70783.26271373215,-171736.09256813634,5,20.0
2024-02-08 11:00:32,-0.7744375266511658,70784.56051922118,-171736.3036143872,70772.9149468953,-171738.43357661384,70782.37822026266,-171735.9154702228,10,20.0
2024-02-08 11:00:33,-1.126087182949235,70784.56051922118,-171736.3036143872,70772.9149468953,-171738.43357661384,70781.45029272512,-171735.7277041711,13,20.0
2024-02-08 11:00:33,-1.3289092182595914,70784.56051922118,-171736.3036143872,70772.9149468953,-171738.43357661384,70780.81621577329,-171735.63748960922,14,20.0
2024-02-08 11:00:34,-1.6080312429460173,70784.56051922118,-171736.3036143872,70772.9149468953,-171738.43357661384,70779.87890720491,-171735.52517008758,18,20.0
2024-02-08 11:00:34,-1.7721660711075322,70784.56051922118,-171736.3036143872,70772.9149468953,-171738.43357661384,70779.22921636607,-171735.47714025484,18,20.0
2024-02-08 11:00:35,-1.946005967885151,70784.56051922118,-171736.3036143872,70772.9149468953,-171738.43357661384,70778.3038022705,-171735.46967383876,20,20.0
2024-02-08 11:00:35,-2.0375866284303195,70784.56051922118,-171736.3036143872,70772.9149468953,-171738.43357661384,70777.37376016923,-171735.54667766628,21,20.0
2024-02-08 11:00:36,-2.0280696855283233,70784.56051922118,-171736.3036143872,70772.9149468953,-171738.43357661384,70776.45242175928,-171735.7248642507,20,20.0
2024-02-08 11:00:36,-1.9573697881714593,70784.56051922118,-171736.3036143872,70772.9149468953,-171738.43357661384,70775.86645692935,-171735.9039092629,19,20.0
2024-02-08 11:00:37,-1.9573697881714593,70784.56051922118,-171736.3036143872,70772.9149468953,-171738.43357661384,70775.86645692935,-171735.9039092629,19,20.0
2024-02-08 11:00:37,-1.7662651587431224,70784.56051922118,-171736.3036143872,70772.9149468953,-171738.43357661384,70775.02772995562,-171736.2515862457,16,20.0
2024-02-08 11:00:38,-1.3656548209331314,70784.56051922118,-171736.3036143872,70772.9149468953,-171738.43357661384,70773.9697284094,-171736.8523493797,10,20.0
2024-02-08 11:00:38,-1.113402003440285,70784.56051922118,-171736.3036143872,70772.9149468953,-171738.43357661384,70773.46938533978,-171737.20029886233,9,20.0
timestamp,直線との距離:,startx:,starty:,goalx:,goaly:,x:,y:,操作量,sp
2024-02-08 11:00:39,0.0,70772.85373735672,-171737.76491906194,70767.81304474265,-171743.65567093433,70772.85373735672,-171737.76491906194,-2,25.0
2024-02-08 11:00:40,-0.08975694317300795,70772.85373735672,-171737.76491906194,70767.81304474265,-171743.65567093433,70772.23053389868,-171738.35516498907,0,25.0
2024-02-08 11:00:40,-0.10824817414580788,70772.85373735672,-171737.76491906194,70767.81304474265,-171743.65567093433,70771.67062401447,-171738.9810565666,1,25.0
2024-02-08 11:00:41,-0.14632602444421366,70772.85373735672,-171737.76491906194,70767.81304474265,-171743.65567093433,70771.25458684658,-171739.4086868576,1,25.0
2024-02-08 11:00:41,-0.17847294689556797,70772.85373735672,-171737.76491906194,70767.81304474265,-171743.65567093433,70770.61885601013,-171740.1021821157,1,25.0
2024-02-08 11:00:42,-0.2419180383345341,70772.85373735672,-171737.76491906194,70767.81304474265,-171743.65567093433,70769.9470056572,-171740.78974869128,2,25.0
2024-02-08 11:00:42,-0.26642455456583514,70772.85373735672,-171737.76491906194,70767.81304474265,-171743.65567093433,70769.54147557037,-171741.2259739142,2,25.0
2024-02-08 11:00:43,-0.30759675149718035,70772.85373735672,-171737.76491906194,70767.81304474265,-171743.65567093433,70768.90926391505,-171741.90147484257,3,25.0
2024-02-08 11:00:43,-0.3861290003178073,70772.85373735672,-171737.76491906194,70767.81304474265,-171743.65567093433,70768.25222155688,-171742.54853082055,3,25.0
timestamp,直線との距離:,startx:,starty:,goalx:,goaly:,x:,y:,操作量,sp
2024-02-08 11:00:44,0.0,70767.62138270978,-171743.19717253317,70767.4504649894,-171758.08261034725,70767.62138270978,-171743.19717253317,-3,35.0
2024-02-08 11:00:44,-0.4423800789009822,70767.62138270978,-171743.19717253317,70767.4504649894,-171758.08261034725,70767.17407457341,-171743.62382354794,7,35.0
2024-02-08 11:00:45,-1.094573604322947,70767.62138270978,-171743.19717253317,70767.4504649894,-171758.08261034725,70766.5144910366,-171744.26368468485,15,35.0
2024-02-08 11:00:45,-1.803219726998541,70767.62138270978,-171743.19717253317,70767.4504649894,-171758.08261034725,70765.79726890325,-171745.00651189234,22,35.0
2024-02-08 11:00:46,-2.3180105238612474,70767.62138270978,-171743.19717253317,70767.4504649894,-171758.08261034725,70765.276246334,-171745.54628936385,26,35.0
2024-02-08 11:00:46,-3.0326092096075037,70767.62138270978,-171743.19717253317,70767.4504649894,-171758.08261034725,70764.5514994001,-171746.42601052465,35,35.0
2024-02-08 11:00:47,-3.638616882809048,70767.62138270978,-171743.19717253317,70767.4504649894,-171758.08261034725,70763.9345447466,-171747.3759176768,40,35.0
2024-02-08 11:00:48,-3.9068879461740815,70767.62138270978,-171743.19717253317,70767.4504649894,-171758.08261034725,70763.65822868535,-171748.0750264727,40,35.0
2024-02-08 11:00:48,-4.114489678794512,70767.62138270978,-171743.19717253317,70767.4504649894,-171758.08261034725,70763.43803263038,-171749.17068991714,42,35.0
2024-02-08 11:00:49,-4.052592268104996,70767.62138270978,-171743.19717253317,70767.4504649894,-171758.08261034725,70763.48810133216,-171750.20122230335,40,35.0
2024-02-08 11:00:49,-3.8596372775677734,70767.62138270978,-171743.19717253317,70767.4504649894,-171758.08261034725,70763.67324636242,-171750.88250923957,37,35.0
2024-02-08 11:00:50,-3.411514788622069,70767.62138270978,-171743.19717253317,70767.4504649894,-171758.08261034725,70764.11144959318,-171751.7489624616,30,35.0
2024-02-08 11:00:50,-2.645894349175126,70767.62138270978,-171743.19717253317,70767.4504649894,-171758.08261034725,70764.87024253818,-171752.3479728463,21,35.0
2024-02-08 11:00:51,-2.013125567547009,70767.62138270978,-171743.19717253317,70767.4504649894,-171758.08261034725,70765.5004733684,-171752.57263887653,15,35.0
2024-02-08 11:00:51,-0.969223292494711,70767.62138270978,-171743.19717253317,70767.4504649894,-171758.08261034725,70766.54333497964,-171752.66926454366,2,35.0
2024-02-08 11:00:52,0.07610505471924028,70767.62138270978,-171743.19717253317,70767.4504649894,-171758.08261034725,70767.58955975987,-171752.5971942139,-9,35.0
2024-02-08 11:00:52,0.8210168939755561,70767.62138270978,-171743.19717253317,70767.4504649894,-171758.08261034725,70768.33631250694,-171752.4411437286,-14,35.0
2024-02-08 11:00:53,1.8773359275909258,70767.62138270978,-171743.19717253317,70767.4504649894,-171758.08261034725,70769.39504585692,-171752.23694213943,-27,35.0
2024-02-08 11:00:53,3.4277655594507976,70767.62138270978,-171743.19717253317,70767.4504649894,-171758.08261034725,70770.9472634155,-171752.09013025239,-46,35.0
2024-02-08 11:00:54,4.204776133741454,70767.62138270978,-171743.19717253317,70767.4504649894,-171758.08261034725,70771.72414139805,-171752.1061385852,-48,35.0
2024-02-08 11:00:54,5.341275523872416,70767.62138270978,-171743.19717253317,70767.4504649894,-171758.08261034725,70772.85637265988,-171752.4843797592,-62,35.0
2024-02-08 11:00:55,5.341275523872416,70767.62138270978,-171743.19717253317,70767.4504649894,-171758.08261034725,70772.85637265988,-171752.4843797592,-54,35.0
2024-02-08 11:00:56,6.325352922148974,70767.62138270978,-171743.19717253317,70767.4504649894,-171758.08261034725,70773.81809543903,-171754.43692097408,-71,35.0
2024-02-08 11:00:56,6.0721451344083075,70767.62138270978,-171743.19717253317,70767.4504649894,-171758.08261034725,70773.55721745474,-171755.10347433048,-59,35.0
2024-02-08 11:00:57,6.0721451344083075,70767.62138270978,-171743.19717253317,70767.4504649894,-171758.08261034725,70773.55721745474,-171755.10347433048,-61,35.0
2024-02-08 11:00:57,4.304181176065777,70767.62138270978,-171743.19717253317,70767.4504649894,-171758.08261034725,70771.78298670033,-171755.63910769648,-31,35.0
2024-02-08 11:00:58,3.5967641312961525,70767.62138270978,-171743.19717253317,70767.4504649894,-171758.08261034725,70771.08345377207,-171754.94840891878,-32,35.0
2024-02-08 11:00:58,3.3701533936598467,70767.62138270978,-171743.19717253317,70767.4504649894,-171758.08261034725,70770.86432157007,-171754.29579295276,-33,35.0
2024-02-08 11:00:59,3.312256919372074,70767.62138270978,-171743.19717253317,70767.4504649894,-171758.08261034725,70770.81845863495,-171753.24744461325,-33,35.0
2024-02-08 11:00:59,3.497283757694972,70767.62138270978,-171743.19717253317,70767.4504649894,-171758.08261034725,70771.01161096936,-171752.54084723088,-37,35.0
2024-02-08 11:01:00,4.102279451271125,70767.62138270978,-171743.19717253317,70767.4504649894,-171758.08261034725,70771.62758110465,-171751.58854262,-46,35.0
2024-02-08 11:01:00,5.010358508248189,70767.62138270978,-171743.19717253317,70767.4504649894,-171758.08261034725,70772.54325416143,-171750.9323848942,-57,35.0
2024-02-08 11:01:01,5.745640301283813,70767.62138270978,-171743.19717253317,70767.4504649894,-171758.08261034725,70773.28104907167,-171750.7177355678,-63,35.0
2024-02-08 11:01:01,6.511171967791318,70767.62138270978,-171743.19717253317,70767.4504649894,-171758.08261034725,70774.04635463617,-171750.74182192594,-71,35.0
2024-02-08 11:01:02,7.216596241932287,70767.62138270978,-171743.19717253317,70767.4504649894,-171758.08261034725,70774.74815717197,-171751.06129342527,-78,35.0
2024-02-08 11:01:03,7.866800428580748,70767.62138270978,-171743.19717253317,70767.4504649894,-171758.08261034725,70775.38823871002,-171751.9466203063,-84,35.0
2024-02-08 11:01:03,7.9864766851738,70767.62138270978,-171743.19717253317,70767.4504649894,-171758.08261034725,70775.49744258537,-171752.85936012387,-81,35.0
2024-02-08 11:01:04,7.862032068562509,70767.62138270978,-171743.19717253317,70767.4504649894,-171758.08261034725,70775.3702007781,-171753.10225652772,-78,35.0
2024-02-08 11:01:04,7.824999452372635,70767.62138270978,-171743.19717253317,70767.4504649894,-171758.08261034725,70775.33259162719,-171753.15225505526,-78,35.0
2024-02-08 11:01:05,7.844997496516552,70767.62138270978,-171743.19717253317,70767.4504649894,-171758.08261034725,70775.3527463935,-171753.13872073268,-79,35.0
2024-02-08 11:01:05,7.8284271785657635,70767.62138270978,-171743.19717253317,70767.4504649894,-171758.08261034725,70775.33609226422,-171753.14592483873,-79,35.0
2024-02-08 11:01:06,7.830385152422697,70767.62138270978,-171743.19717253317,70767.4504649894,-171758.08261034725,70775.33795704869,-171753.15405205826,-79,35.0
2024-02-08 11:01:06,7.8337838602106755,70767.62138270978,-171743.19717253317,70767.4504649894,-171758.08261034725,70775.34137125855,-171753.15272147534,-79,35.0
2024-02-08 11:01:07,7.832182048944911,70767.62138270978,-171743.19717253317,70767.4504649894,-171758.08261034725,70775.3396734828,-171753.16106994625,-79,35.0
