timestamp,直線との距離:,startx:,starty:,goalx:,goaly:,x:,y:,操作量,sp
2024-01-26 17:01:58,-0.0,70783.04212468145,-171743.87064870237,70774.48352805714,-171732.16460188924,70783.04212468145,-171743.87064870237,0,15.0
2024-01-26 17:01:58,-0.0,70783.04212468145,-171743.87064870237,70774.48352805714,-171732.16460188924,70783.04212468145,-171743.87064870237,0,15.0
2024-01-26 17:01:59,-0.0,70783.04212468145,-171743.87064870237,70774.48352805714,-171732.16460188924,70783.04212468145,-171743.87064870237,0,15.0
2024-01-26 17:01:59,-0.024304833250580988,70783.04212468145,-171743.87064870237,70774.48352805714,-171732.16460188924,70783.13999945989,-171743.9633368638,0,15.0
2024-01-26 17:02:00,-0.024304833250580988,70783.04212468145,-171743.87064870237,70774.48352805714,-171732.16460188924,70783.13999945989,-171743.9633368638,0,15.0
2024-01-26 17:02:00,0.09232570907820524,70783.04212468145,-171743.87064870237,70774.48352805714,-171732.16460188924,70782.94015137768,-171743.88760446676,-1,15.0
2024-01-26 17:02:01,-0.15497379257961127,70783.04212468145,-171743.87064870237,70774.48352805714,-171732.16460188924,70783.04484765377,-171743.6117965702,0,15.0
2024-01-26 17:02:01,-0.8650646105817651,70783.04212468145,-171743.87064870237,70774.48352805714,-171732.16460188924,70783.4226126097,-171742.92535876465,1,15.0
2024-01-26 17:02:02,-1.5234961832410487,70783.04212468145,-171743.87064870237,70774.48352805714,-171732.16460188924,70782.99959854894,-171741.23118072256,2,15.0
2024-01-26 17:02:02,-1.5234961832410487,70783.04212468145,-171743.87064870237,70774.48352805714,-171732.16460188924,70782.99959854894,-171741.23118072256,3,15.0
2024-01-26 17:02:03,-1.887347353266276,70783.04212468145,-171743.87064870237,70774.48352805714,-171732.16460188924,70782.57337368117,-171740.03172700858,4,15.0
2024-01-26 17:02:03,-1.902772368445665,70783.04212468145,-171743.87064870237,70774.48352805714,-171732.16460188924,70782.36580314254,-171739.72168672693,5,15.0
2024-01-26 17:02:04,-1.809627184480478,70783.04212468145,-171743.87064870237,70774.48352805714,-171732.16460188924,70781.81350841607,-171739.12410244215,6,15.0
2024-01-26 17:02:04,-1.8595164496250804,70783.04212468145,-171743.87064870237,70774.48352805714,-171732.16460188924,70781.3048821409,-171738.34389849758,7,15.0
2024-01-26 17:02:05,-2.0223512580409846,70783.04212468145,-171743.87064870237,70774.48352805714,-171732.16460188924,70780.86338926703,-171737.464149636,8,15.0
2024-01-26 17:02:06,-1.9463766439528494,70783.04212468145,-171743.87064870237,70774.48352805714,-171732.16460188924,70780.3362392386,-171736.87186450633,9,15.0
2024-01-26 17:02:06,-1.852049803818969,70783.04212468145,-171743.87064870237,70774.48352805714,-171732.16460188924,70779.6281069177,-171736.06313498676,10,15.0
2024-01-26 17:02:07,-1.8710884626873545,70783.04212468145,-171743.87064870237,70774.48352805714,-171732.16460188924,70779.10667107027,-171735.31768176638,11,15.0
2024-01-26 17:02:07,-1.6708431867129274,70783.04212468145,-171743.87064870237,70774.48352805714,-171732.16460188924,70778.72808995274,-171735.1391575228,12,15.0
2024-01-26 17:02:08,-1.5336206670193617,70783.04212468145,-171743.87064870237,70774.48352805714,-171732.16460188924,70778.21215663198,-171734.6659881406,12,15.0
2024-01-26 17:02:08,-1.3234313729748748,70783.04212468145,-171743.87064870237,70774.48352805714,-171732.16460188924,70777.75658422754,-171734.39900725937,13,15.0
2024-01-26 17:02:09,-0.9893806045377929,70783.04212468145,-171743.87064870237,70774.48352805714,-171732.16460188924,70777.06083082997,-171734.01338009135,13,15.0
2024-01-26 17:02:09,-0.3766038262990459,70783.04212468145,-171743.87064870237,70774.48352805714,-171732.16460188924,70776.0782362935,-171733.70767844724,12,15.0
2024-01-26 17:02:10,0.06743876735368415,70783.04212468145,-171743.87064870237,70774.48352805714,-171732.16460188924,70775.60490847922,-171733.8126368184,12,15.0
2024-01-26 17:02:10,0.06743876735368415,70783.04212468145,-171743.87064870237,70774.48352805714,-171732.16460188924,70775.60490847922,-171733.8126368184,12,15.0
2024-01-26 17:02:11,1.1750471533695441,70783.04212468145,-171743.87064870237,70774.48352805714,-171732.16460188924,70774.67625771585,-171734.4191241432,10,15.0
2024-01-26 17:02:11,1.1750471533695441,70783.04212468145,-171743.87064870237,70774.48352805714,-171732.16460188924,70774.67625771585,-171734.4191241432,10,15.0
2024-01-26 17:02:12,1.5643259851356792,70783.04212468145,-171743.87064870237,70774.48352805714,-171732.16460188924,70774.39106380886,-171734.68861545093,8,15.0
2024-01-26 17:02:12,2.242907196684723,70783.04212468145,-171743.87064870237,70774.48352805714,-171732.16460188924,70773.91055885385,-171735.18114268867,7,15.0
2024-01-26 17:02:13,2.978864867557288,70783.04212468145,-171743.87064870237,70774.48352805714,-171732.16460188924,70773.5809329702,-171735.9772497996,4,15.0
2024-01-26 17:02:13,3.404749595215692,70783.04212468145,-171743.87064870237,70774.48352805714,-171732.16460188924,70773.30138175226,-171736.31648131876,2,15.0
2024-01-26 17:02:14,4.0111147684763235,70783.04212468145,-171743.87064870237,70774.48352805714,-171732.16460188924,70772.96463251836,-171736.8832732065,0,15.0
2024-01-26 17:02:14,4.413931836863534,70783.04212468145,-171743.87064870237,70774.48352805714,-171732.16460188924,70772.85305102658,-171737.413161646,-3,15.0
2024-01-26 17:02:15,4.977756287619122,70783.04212468145,-171743.87064870237,70774.48352805714,-171732.16460188924,70772.77486135138,-171738.2615212131,-6,15.0
2024-01-26 17:02:15,5.419167331075879,70783.04212468145,-171743.87064870237,70774.48352805714,-171732.16460188924,70772.54716244353,-171738.69798056522,-9,15.0
2024-01-26 17:02:16,6.106226215771921,70783.04212468145,-171743.87064870237,70774.48352805714,-171732.16460188924,70772.20806442674,-171739.39828153863,-13,15.0
2024-01-26 17:02:16,7.085935433933641,70783.04212468145,-171743.87064870237,70774.48352805714,-171732.16460188924,70771.80941171464,-171740.51297214304,-17,15.0
2024-01-26 17:02:17,7.465341169746069,70783.04212468145,-171743.87064870237,70774.48352805714,-171732.16460188924,70771.87455315384,-171741.2449074302,-22,15.0
2024-01-26 17:02:17,7.877449443608996,70783.04212468145,-171743.87064870237,70774.48352805714,-171732.16460188924,70772.0581659928,-171742.19429117456,-26,15.0
2024-01-26 17:02:18,8.07264843304906,70783.04212468145,-171743.87064870237,70774.48352805714,-171732.16460188924,70772.41874701146,-171743.01820814624,-30,15.0
2024-01-26 17:02:18,8.248723828071638,70783.04212468145,-171743.87064870237,70774.48352805714,-171732.16460188924,70772.81695168471,-171743.86118333938,-34,15.0
2024-01-26 17:02:19,8.225550556564787,70783.04212468145,-171743.87064870237,70774.48352805714,-171732.16460188924,70773.33278605102,-171744.5274542476,-38,15.0
2024-01-26 17:02:19,8.2234186909021,70783.04212468145,-171743.87064870237,70774.48352805714,-171732.16460188924,70773.75583332332,-171745.10246637295,-43,15.0
2024-01-26 17:02:20,8.33891148658425,70783.04212468145,-171743.87064870237,70774.48352805714,-171732.16460188924,70774.00212981972,-171745.6350218769,-47,15.0
2024-01-26 17:02:20,8.713735571324177,70783.04212468145,-171743.87064870237,70774.48352805714,-171732.16460188924,70774.06927725814,-171746.36193805444,-52,15.0
2024-01-26 17:02:21,9.030527542451969,70783.04212468145,-171743.87064870237,70774.48352805714,-171732.16460188924,70774.11386352351,-171746.95967066463,-56,15.0
2024-01-26 17:02:22,8.291426967290404,70783.04212468145,-171743.87064870237,70774.48352805714,-171732.16460188924,70774.96801559317,-171746.8756607435,-60,15.0
2024-01-26 17:02:22,8.291426967290404,70783.04212468145,-171743.87064870237,70774.48352805714,-171732.16460188924,70774.96801559317,-171746.8756607435,-64,15.0
2024-01-26 17:02:23,8.262048167825693,70783.04212468145,-171743.87064870237,70774.48352805714,-171732.16460188924,70775.14616437921,-171747.06954696064,-68,15.0
2024-01-26 17:02:23,7.872964591996862,70783.04212468145,-171743.87064870237,70774.48352805714,-171732.16460188924,70775.55607692963,-171746.97097078807,-72,15.0
2024-01-26 17:02:24,7.595231761394651,70783.04212468145,-171743.87064870237,70774.48352805714,-171732.16460188924,70775.81804867231,-171746.85871284275,-75,15.0
2024-01-26 17:02:24,7.659109103145502,70783.04212468145,-171743.87064870237,70774.48352805714,-171732.16460188924,70775.90369472861,-171747.08408468848,-79,15.0
2024-01-26 17:02:25,7.391711941843596,70783.04212468145,-171743.87064870237,70774.48352805714,-171732.16460188924,70776.28611212125,-171747.15407866795,-82,15.0
2024-01-26 17:02:25,7.020703059305341,70783.04212468145,-171743.87064870237,70774.48352805714,-171732.16460188924,70776.7653010412,-171747.1808799273,-86,15.0
2024-01-26 17:02:26,6.83021609042605,70783.04212468145,-171743.87064870237,70774.48352805714,-171732.16460188924,70776.92979910284,-171747.0831251899,-89,15.0
2024-01-26 17:02:26,6.605676102372874,70783.04212468145,-171743.87064870237,70774.48352805714,-171732.16460188924,70777.1379173309,-171746.98733507423,-92,15.0
