timestamp,直線との距離:,startx:,starty:,goalx:,goaly:,x:,y:,操作量,sp
2024-02-09 14:09:29,-0.0,70786.30263128129,-171740.70115080161,70772.9149468953,-171738.43357661384,70786.30263128129,-171740.70115080161,0,20.0
2024-02-09 14:09:29,-0.0,70786.30263128129,-171740.70115080161,70772.9149468953,-171738.43357661384,70786.30263128129,-171740.70115080161,0,20.0
2024-02-09 14:09:29,-0.004979592497286747,70786.30263128129,-171740.70115080161,70772.9149468953,-171738.43357661384,70786.30601357699,-171740.6966731702,0,20.0
2024-02-09 14:09:30,0.012034060037912148,70786.30263128129,-171740.70115080161,70772.9149468953,-171738.43357661384,70786.1717295991,-171740.69118444622,-1,20.0
2024-02-09 14:09:30,0.06258132217399702,70786.30263128129,-171740.70115080161,70772.9149468953,-171738.43357661384,70785.84592224826,-171740.68726717558,-1,20.0
2024-02-09 14:09:31,0.20228957919553625,70786.30263128129,-171740.70115080161,70772.9149468953,-171738.43357661384,70785.18550327665,-171740.71710509458,-4,20.0
2024-02-09 14:09:31,0.26113889178438254,70786.30263128129,-171740.70115080161,70772.9149468953,-171738.43357661384,70784.71584551937,-171740.69724307992,-4,20.0
2024-02-09 14:09:32,0.3500791938259085,70786.30263128129,-171740.70115080161,70772.9149468953,-171738.43357661384,70783.97510709381,-171740.66198563966,-5,20.0
2024-02-09 14:09:32,0.4334640825334194,70786.30263128129,-171740.70115080161,70772.9149468953,-171738.43357661384,70783.21522071888,-171740.61785042632,-5,20.0
2024-02-09 14:09:33,0.4785647697137522,70786.30263128129,-171740.70115080161,70772.9149468953,-171738.43357661384,70782.69844992075,-171740.57606407022,-6,20.0
2024-02-09 14:09:33,0.47794674342433285,70786.30263128129,-171740.70115080161,70772.9149468953,-171738.43357661384,70781.9129765344,-171740.4423956246,-5,20.0
2024-02-09 14:09:34,0.39961090701141594,70786.30263128129,-171740.70115080161,70772.9149468953,-171738.43357661384,70781.12519193001,-171740.22951096864,-4,20.0
2024-02-09 14:09:34,0.28238414341070767,70786.30263128129,-171740.70115080161,70772.9149468953,-171738.43357661384,70780.35705894991,-171739.98051000907,-3,20.0
2024-02-09 14:09:35,0.17918260977121028,70786.30263128129,-171740.70115080161,70772.9149468953,-171738.43357661384,70779.85002293241,-171739.7899580237,-2,20.0
2024-02-09 14:09:35,-0.005117680621903101,70786.30263128129,-171740.70115080161,70772.9149468953,-171738.43357661384,70779.0957576301,-171739.47527708617,1,20.0
2024-02-09 14:09:36,-0.24806581333852012,70786.30263128129,-171740.70115080161,70772.9149468953,-171738.43357661384,70778.33457056679,-171739.09994059606,4,20.0
2024-02-09 14:09:37,-0.4068521457959993,70786.30263128129,-171740.70115080161,70772.9149468953,-171738.43357661384,70777.83012108787,-171738.85345022162,5,20.0
2024-02-09 14:09:37,-0.6914856913694237,70786.30263128129,-171740.70115080161,70772.9149468953,-171738.43357661384,70777.08581010153,-171738.4386930249,8,20.0
2024-02-09 14:09:38,-0.983424853904709,70786.30263128129,-171740.70115080161,70772.9149468953,-171738.43357661384,70776.31780091218,-171738.0125122122,11,20.0
2024-02-09 14:09:38,-1.1880075551583675,70786.30263128129,-171740.70115080161,70772.9149468953,-171738.43357661384,70775.80601276392,-171737.7183301868,13,20.0
2024-02-09 14:09:39,-1.4670834136820037,70786.30263128129,-171740.70115080161,70772.9149468953,-171738.43357661384,70775.03648808946,-171737.3049392004,16,20.0
2024-02-09 14:09:39,-1.7397247971158365,70786.30263128129,-171740.70115080161,70772.9149468953,-171738.43357661384,70774.25123529634,-171736.89541034366,19,20.0
2024-02-09 14:09:40,-1.8776587125417847,70786.30263128129,-171740.70115080161,70772.9149468953,-171738.43357661384,70773.72900890787,-171736.66705837563,19,20.0
2024-02-09 14:09:40,-2.0624631862724407,70786.30263128129,-171740.70115080161,70772.9149468953,-171738.43357661384,70772.94974256253,-171736.34763145642,21,20.0
2024-02-09 14:09:41,-2.1510765321350767,70786.30263128129,-171740.70115080161,70772.9149468953,-171738.43357661384,70772.16226490936,-171736.12437489955,22,20.0
2024-02-09 14:09:41,-2.14720672837819,70786.30263128129,-171740.70115080161,70772.9149468953,-171738.43357661384,70771.63298371472,-171736.03865142897,21,20.0
2024-02-09 14:09:42,-2.1575985709499443,70786.30263128129,-171740.70115080161,70772.9149468953,-171738.43357661384,70771.49264919624,-171736.00434204834,21,20.0
2024-02-09 14:09:42,-2.1819665008685,70786.30263128129,-171740.70115080161,70772.9149468953,-171738.43357661384,70771.99438797256,-171736.0646103694,21,20.0
2024-02-09 14:09:43,-2.3397313416146126,70786.30263128129,-171740.70115080161,70772.9149468953,-171738.43357661384,70772.452588581,-171735.9822074214,24,20.0
2024-02-09 14:09:44,-2.2321584527403386,70786.30263128129,-171740.70115080161,70772.9149468953,-171738.43357661384,70772.72453739864,-171736.1373745114,21,20.0
2024-02-09 14:09:44,-2.159058908744348,70786.30263128129,-171740.70115080161,70772.9149468953,-171738.43357661384,70773.22219827419,-171736.29580782645,21,20.0
2024-02-09 14:09:45,-2.075280983629215,70786.30263128129,-171740.70115080161,70772.9149468953,-171738.43357661384,70773.7812242641,-171736.47546549168,20,20.0
2024-02-09 14:09:45,-1.961554379415692,70786.30263128129,-171740.70115080161,70772.9149468953,-171738.43357661384,70774.4247501692,-171736.6998107888,18,20.0
2024-02-09 14:09:46,-1.8411668807541246,70786.30263128129,-171740.70115080161,70772.9149468953,-171738.43357661384,70775.08839684121,-171736.93431985893,17,20.0
