timestamp,直線との距離:,startx:,starty:,goalx:,goaly:,x:,y:,操作量,sp
timestamp,直線との距離:,startx:,starty:,goalx:,goaly:,x:,y:,操作量,sp
2024-01-29 10:59:40,-0.0,70782.93421357832,-171741.8953822965,70774.48352805714,-171732.16460188924,70782.93421357832,-171741.8953822965,0,50.0
2024-01-29 10:59:40,-0.0,70782.93421357832,-171741.8953822965,70774.48352805714,-171732.16460188924,70782.93421357832,-171741.8953822965,0,50.0
2024-01-29 10:59:40,-0.0,70782.93421357832,-171741.8953822965,70774.48352805714,-171732.16460188924,70782.93421357832,-171741.8953822965,0,50.0
2024-01-29 10:59:41,0.05215836182827579,70782.93421357832,-171741.8953822965,70774.48352805714,-171732.16460188924,70782.70141317877,-171741.70686394506,-1,50.0
2024-01-29 10:59:42,-0.27443290622785305,70782.93421357832,-171741.8953822965,70774.48352805714,-171732.16460188924,70782.55674464593,-171741.04219992284,0,50.0
2024-01-29 10:59:42,-0.8534291630699324,70782.93421357832,-171741.8953822965,70774.48352805714,-171732.16460188924,70782.31074121257,-171739.8759104287,1,50.0
2024-01-29 10:59:43,-0.8534291630699324,70782.93421357832,-171741.8953822965,70774.48352805714,-171732.16460188924,70782.31074121257,-171739.8759104287,1,50.0
2024-01-29 10:59:43,-0.8929868366884134,70782.93421357832,-171741.8953822965,70774.48352805714,-171732.16460188924,70781.15743995071,-171738.48758008663,2,50.0
2024-01-29 10:59:44,-0.7786367944417208,70782.93421357832,-171741.8953822965,70774.48352805714,-171732.16460188924,70780.35974546745,-171737.7434464585,2,50.0
2024-01-29 10:59:44,-0.43460556153176566,70782.93421357832,-171741.8953822965,70774.48352805714,-171732.16460188924,70779.01919892972,-171736.7245151908,2,50.0
2024-01-29 10:59:45,-0.16221391053162693,70782.93421357832,-171741.8953822965,70774.48352805714,-171732.16460188924,70778.16016276024,-171736.15077575855,1,50.0
2024-01-29 10:59:45,0.8191539335579692,70782.93421357832,-171741.8953822965,70774.48352805714,-171732.16460188924,70775.96101806192,-171735.11518363745,0,50.0
2024-01-29 10:59:46,1.3737757168326534,70782.93421357832,-171741.8953822965,70774.48352805714,-171732.16460188924,70774.93895388069,-171734.78414759235,-1,50.0
2024-01-29 10:59:46,1.9039718996521322,70782.93421357832,-171741.8953822965,70774.48352805714,-171732.16460188924,70773.9511894129,-171734.4553556607,-2,50.0
2024-01-29 10:59:47,2.5406016767229342,70782.93421357832,-171741.8953822965,70774.48352805714,-171732.16460188924,70772.66127844536,-171733.9409695135,-4,50.0
2024-01-29 10:59:47,3.052483504475872,70782.93421357832,-171741.8953822965,70774.48352805714,-171732.16460188924,70771.58152945653,-171733.47832835294,-6,50.0
2024-01-29 10:59:48,3.2720338581138724,70782.93421357832,-171741.8953822965,70774.48352805714,-171732.16460188924,70771.16115370017,-171733.32910905746,-7,50.0
2024-01-29 10:59:48,2.905187422252364,70782.93421357832,-171741.8953822965,70774.48352805714,-171732.16460188924,70771.50556170612,-171733.16621323425,-8,50.0
2024-01-29 10:59:49,2.891561753752158,70782.93421357832,-171741.8953822965,70774.48352805714,-171732.16460188924,70771.4576266273,-171733.09023665212,-9,50.0
2024-01-29 10:59:49,3.124626827362432,70782.93421357832,-171741.8953822965,70774.48352805714,-171732.16460188924,70771.34432554197,-171733.31521833118,-11,50.0
2024-01-29 10:59:50,3.2696928312340767,70782.93421357832,-171741.8953822965,70774.48352805714,-171732.16460188924,70770.8811667971,-171733.00313995517,-12,50.0
2024-01-29 10:59:50,3.3163102402696754,70782.93421357832,-171741.8953822965,70774.48352805714,-171732.16460188924,70770.89965295371,-171733.09552214624,-14,50.0
2024-01-29 10:59:51,3.3163102402696754,70782.93421357832,-171741.8953822965,70774.48352805714,-171732.16460188924,70770.89965295371,-171733.09552214624,-15,50.0
2024-01-29 10:59:51,3.328051197479463,70782.93421357832,-171741.8953822965,70774.48352805714,-171732.16460188924,70770.97141952351,-171733.1960658155,-16,50.0
2024-01-29 10:59:52,2.6915773449579232,70782.93421357832,-171741.8953822965,70774.48352805714,-171732.16460188924,70771.60543315196,-171732.95543825463,-17,50.0
2024-01-29 10:59:52,2.6915773449579232,70782.93421357832,-171741.8953822965,70774.48352805714,-171732.16460188924,70771.60543315196,-171732.95543825463,-18,50.0
2024-01-29 10:59:53,2.2839914546269844,70782.93421357832,-171741.8953822965,70774.48352805714,-171732.16460188924,70772.07489022383,-171732.8744023391,-18,50.0
2024-01-29 10:59:53,1.8278557809855112,70782.93421357832,-171741.8953822965,70774.48352805714,-171732.16460188924,70772.57924063237,-171732.75950251063,-18,50.0
2024-01-29 10:59:54,1.4041376631022455,70782.93421357832,-171741.8953822965,70774.48352805714,-171732.16460188924,70773.08326573433,-171732.6936678165,-19,50.0
