timestamp,直線との距離:,startx:,starty:,goalx:,goaly:,x:,y:,操作量,sp
2024-01-26 16:18:40,-0.0,70781.30957859372,-171747.20590642342,70774.48352805714,-171732.16460188924,70781.30957859372,-171747.20590642342,0,15.0
timestamp,直線との距離:,startx:,starty:,goalx:,goaly:,x:,y:,操作量,sp
2024-01-26 16:18:40,-0.0,70781.30957859372,-171747.20590642342,70774.48352805714,-171732.16460188924,70781.30957859372,-171747.20590642342,0,15.0
2024-01-26 16:18:41,-0.0,70781.30957859372,-171747.20590642342,70774.48352805714,-171732.16460188924,70781.30957859372,-171747.20590642342,0,15.0
2024-01-26 16:18:41,0.021828842303437006,70781.30957859372,-171747.20590642342,70774.48352805714,-171732.16460188924,70781.28446230953,-171747.20338395613,-2,15.0
2024-01-26 16:18:42,-0.02796474743707894,70781.30957859372,-171747.20590642342,70774.48352805714,-171732.16460188924,70781.26596332219,-171747.04213015706,0,15.0
2024-01-26 16:18:42,-0.3717826116540149,70781.30957859372,-171747.20590642342,70774.48352805714,-171732.16460188924,70781.21484347331,-171746.09751305648,17,15.0
2024-01-26 16:18:43,-0.3717826116540149,70781.30957859372,-171747.20590642342,70774.48352805714,-171732.16460188924,70781.21484347331,-171746.09751305648,28,15.0
2024-01-26 16:18:43,-0.46736885055011174,70781.30957859372,-171747.20590642342,70774.48352805714,-171732.16460188924,70781.02368141623,-171745.44498410937,43,15.0
2024-01-26 16:18:44,-0.5117589619507421,70781.30957859372,-171747.20590642342,70774.48352805714,-171732.16460188924,70780.77153723824,-171744.78196502378,60,15.0
2024-01-26 16:18:44,-0.4166332625466649,70781.30957859372,-171747.20590642342,70774.48352805714,-171732.16460188924,70780.47184627094,-171744.35177756642,71,15.0
2024-01-26 16:18:45,-0.044698969465850426,70781.30957859372,-171747.20590642342,70774.48352805714,-171732.16460188924,70779.90268708504,-171743.99763693195,66,15.0
2024-01-26 16:18:45,0.23969136977934827,70781.30957859372,-171747.20590642342,70774.48352805714,-171732.16460188924,70779.51771077688,-171743.83750633075,54,15.0
2024-01-26 16:18:46,0.597005677672404,70781.30957859372,-171747.20590642342,70774.48352805714,-171732.16460188924,70779.1666792572,-171743.92863569423,31,15.0
2024-01-26 16:18:46,1.0584087035893466,70781.30957859372,-171747.20590642342,70774.48352805714,-171732.16460188924,70778.7764677943,-171744.18530633938,-9,15.0
2024-01-26 16:18:47,1.4521279140962664,70781.30957859372,-171747.20590642342,70774.48352805714,-171732.16460188924,70778.54513320589,-171744.62828261327,-58,15.0
2024-01-26 16:18:47,1.610413980277768,70781.30957859372,-171747.20590642342,70774.48352805714,-171732.16460188924,70778.5262455551,-171744.96968552528,-90,15.0
2024-01-26 16:18:48,1.7580853482422483,70781.30957859372,-171747.20590642342,70774.48352805714,-171732.16460188924,70778.64424660735,-171745.58703919544,-90,15.0
2024-01-26 16:18:49,2.2179696754141776,70781.30957859372,-171747.20590642342,70774.48352805714,-171732.16460188924,70778.65915124303,-171746.73271426614,-90,15.0
2024-01-26 16:18:49,2.2179696754141776,70781.30957859372,-171747.20590642342,70774.48352805714,-171732.16460188924,70778.65915124303,-171746.73271426614,-90,15.0
2024-01-26 16:18:50,3.1113026987360737,70781.30957859372,-171747.20590642342,70774.48352805714,-171732.16460188924,70777.89271366282,-171747.20555335918,-90,15.0
2024-01-26 16:18:50,3.520919433951834,70781.30957859372,-171747.20590642342,70774.48352805714,-171732.16460188924,70777.40990619014,-171747.13287435035,-90,15.0
2024-01-26 16:18:51,3.520919433951834,70781.30957859372,-171747.20590642342,70774.48352805714,-171732.16460188924,70777.40990619014,-171747.13287435035,-90,15.0
2024-01-26 16:18:51,3.7749727771426107,70781.30957859372,-171747.20590642342,70774.48352805714,-171732.16460188924,70777.04646681336,-171746.94679094735,-90,15.0
2024-01-26 16:18:52,3.766439677389117,70781.30957859372,-171747.20590642342,70774.48352805714,-171732.16460188924,70776.84009952105,-171746.47140905348,-90,15.0
2024-01-26 16:18:52,3.5976165701544733,70781.30957859372,-171747.20590642342,70774.48352805714,-171732.16460188924,70776.8340406007,-171746.0495383661,-90,15.0
2024-01-26 16:18:53,3.3705667004166675,70781.30957859372,-171747.20590642342,70774.48352805714,-171732.16460188924,70776.92567061541,-171745.70202903388,-90,15.0
2024-01-26 16:18:53,2.872650030250547,70781.30957859372,-171747.20590642342,70774.48352805714,-171732.16460188924,70777.3222585885,-171745.37105305964,-90,15.0
2024-01-26 16:18:54,2.6019178094544224,70781.30957859372,-171747.20590642342,70774.48352805714,-171732.16460188924,70777.72216260468,-171745.59712713427,-90,15.0
2024-01-26 16:18:54,2.6019178094544224,70781.30957859372,-171747.20590642342,70774.48352805714,-171732.16460188924,70777.72216260468,-171745.59712713427,-90,15.0
2024-01-26 16:18:55,2.4977488167002595,70781.30957859372,-171747.20590642342,70774.48352805714,-171732.16460188924,70778.0342481729,-171746.03274323273,-90,15.0
2024-01-26 16:18:55,3.0855055445071096,70781.30957859372,-171747.20590642342,70774.48352805714,-171732.16460188924,70777.80792220944,-171746.95628992247,-90,15.0
2024-01-26 16:18:56,3.0855055445071096,70781.30957859372,-171747.20590642342,70774.48352805714,-171732.16460188924,70777.80792220944,-171746.95628992247,-90,15.0
2024-01-26 16:18:56,3.547365104769472,70781.30957859372,-171747.20590642342,70774.48352805714,-171732.16460188924,70777.448574842,-171747.28207479013,-90,15.0
2024-01-26 16:18:57,3.844329363491617,70781.30957859372,-171747.20590642342,70774.48352805714,-171732.16460188924,70777.14988119349,-171747.34249581132,-90,15.0
2024-01-26 16:18:57,4.176377470488755,70781.30957859372,-171747.20590642342,70774.48352805714,-171732.16460188924,70776.75880801646,-171747.28425338946,-90,15.0
2024-01-26 16:18:58,4.374070464718492,70781.30957859372,-171747.20590642342,70774.48352805714,-171732.16460188924,70776.47529391822,-171747.13790522388,-90,15.0
2024-01-26 16:18:59,4.409247024600952,70781.30957859372,-171747.20590642342,70774.48352805714,-171732.16460188924,70776.22290261253,-171746.66687777906,-90,15.0
