timestamp,直線との距離:,startx:,starty:,goalx:,goaly:,x:,y:,操作量,sp
2024-01-26 17:05:16,-0.0,70785.76163390341,-171746.88435875933,70774.48352805714,-171732.16460188924,70785.76163390341,-171746.88435875933,0,15.0
timestamp,直線との距離:,startx:,starty:,goalx:,goaly:,x:,y:,操作量,sp
2024-01-26 17:05:17,-0.0,70785.76163390341,-171746.88435875933,70774.48352805714,-171732.16460188924,70785.76163390341,-171746.88435875933,0,15.0
2024-01-26 17:05:17,-0.0,70785.76163390341,-171746.88435875933,70774.48352805714,-171732.16460188924,70785.76163390341,-171746.88435875933,0,15.0
2024-01-26 17:05:17,-0.5185879600905083,70785.76163390341,-171746.88435875933,70774.48352805714,-171732.16460188924,70785.40953716736,-171745.57214449244,0,15.0
2024-01-26 17:05:18,-0.7552360452027671,70785.76163390341,-171746.88435875933,70774.48352805714,-171732.16460188924,70785.36163245369,-171745.1205203628,1,15.0
2024-01-26 17:05:19,-0.7552360452027671,70785.76163390341,-171746.88435875933,70774.48352805714,-171732.16460188924,70785.36163245369,-171745.1205203628,2,15.0
2024-01-26 17:05:19,-1.1368909499579964,70785.76163390341,-171746.88435875933,70774.48352805714,-171732.16460188924,70785.27668053849,-171744.38212100763,3,15.0
2024-01-26 17:05:20,-1.1163259586645622,70785.76163390341,-171746.88435875933,70774.48352805714,-171732.16460188924,70785.1810161131,-171744.29107672066,4,15.0
2024-01-26 17:05:20,-1.5495163454575849,70785.76163390341,-171746.88435875933,70774.48352805714,-171732.16460188924,70785.23691875093,-171743.6517799015,5,15.0
2024-01-26 17:05:21,-1.5495163454575849,70785.76163390341,-171746.88435875933,70774.48352805714,-171732.16460188924,70785.23691875093,-171743.6517799015,6,15.0
2024-01-26 17:05:21,-1.8089592353399084,70785.76163390341,-171746.88435875933,70774.48352805714,-171732.16460188924,70784.78735244158,-171742.63844266377,8,15.0
2024-01-26 17:05:22,-1.66595172138442,70785.76163390341,-171746.88435875933,70774.48352805714,-171732.16460188924,70784.42503459357,-171742.40069445118,9,15.0
2024-01-26 17:05:22,-1.66595172138442,70785.76163390341,-171746.88435875933,70774.48352805714,-171732.16460188924,70784.42503459357,-171742.40069445118,10,15.0
2024-01-26 17:05:23,-1.5534224492095001,70785.76163390341,-171746.88435875933,70774.48352805714,-171732.16460188924,70784.02621486268,-171742.0651925315,11,15.0
2024-01-26 17:05:23,-1.7157983916255632,70785.76163390341,-171746.88435875933,70774.48352805714,-171732.16460188924,70783.49950610951,-171741.11077098257,12,15.0
2024-01-26 17:05:24,-1.7157983916255632,70785.76163390341,-171746.88435875933,70774.48352805714,-171732.16460188924,70783.49950610951,-171741.11077098257,13,15.0
2024-01-26 17:05:24,-1.8266404147745354,70785.76163390341,-171746.88435875933,70774.48352805714,-171732.16460188924,70783.03688849419,-171740.32473168656,15,15.0
2024-01-26 17:05:25,-1.8266404147745354,70785.76163390341,-171746.88435875933,70774.48352805714,-171732.16460188924,70783.03688849419,-171740.32473168656,16,15.0
2024-01-26 17:05:25,-1.7232403002676135,70785.76163390341,-171746.88435875933,70774.48352805714,-171732.16460188924,70782.79798059308,-171740.18293032178,17,15.0
2024-01-26 17:05:26,-1.6114261844274955,70785.76163390341,-171746.88435875933,70774.48352805714,-171732.16460188924,70782.2001782639,-171739.58654797447,18,15.0
2024-01-26 17:05:26,-1.041759136925503,70785.76163390341,-171746.88435875933,70774.48352805714,-171732.16460188924,70781.61149961826,-171739.75488290543,18,15.0
2024-01-26 17:05:27,-1.041759136925503,70785.76163390341,-171746.88435875933,70774.48352805714,-171732.16460188924,70781.61149961826,-171739.75488290543,19,15.0
2024-01-26 17:05:27,-0.7038566913455464,70785.76163390341,-171746.88435875933,70774.48352805714,-171732.16460188924,70781.2335775549,-171739.81721814396,19,15.0
2024-01-26 17:05:28,0.2758243702732033,70785.76163390341,-171746.88435875933,70774.48352805714,-171732.16460188924,70780.46327506297,-171740.42265635467,18,15.0
2024-01-26 17:05:28,0.2758243702732033,70785.76163390341,-171746.88435875933,70774.48352805714,-171732.16460188924,70780.46327506297,-171740.42265635467,18,15.0
2024-01-26 17:05:29,0.7506065032198946,70785.76163390341,-171746.88435875933,70774.48352805714,-171732.16460188924,70780.05584646306,-171740.67154063308,17,15.0
2024-01-26 17:05:29,1.3735522448136164,70785.76163390341,-171746.88435875933,70774.48352805714,-171732.16460188924,70779.65758997147,-171741.17600906536,15,15.0
2024-01-26 17:05:30,1.7684878771761636,70785.76163390341,-171746.88435875933,70774.48352805714,-171732.16460188924,70779.4679303926,-171741.57783228546,14,15.0
2024-01-26 17:05:30,2.561251016415007,70785.76163390341,-171746.88435875933,70774.48352805714,-171732.16460188924,70779.16452453543,-171742.4853127603,11,15.0
2024-01-26 17:05:31,2.889203475196186,70785.76163390341,-171746.88435875933,70774.48352805714,-171732.16460188924,70779.02861711776,-171742.84715642055,9,15.0
2024-01-26 17:05:31,2.843555487735481,70785.76163390341,-171746.88435875933,70774.48352805714,-171732.16460188924,70779.14789541013,-171742.92777875418,7,15.0
2024-01-26 17:05:32,3.1681177394228968,70785.76163390341,-171746.88435875933,70774.48352805714,-171732.16460188924,70779.03874729607,-171743.31897340986,4,15.0
2024-01-26 17:05:32,3.3473085570526746,70785.76163390341,-171746.88435875933,70774.48352805714,-171732.16460188924,70779.3967812157,-171744.08089424745,2,15.0
2024-01-26 17:05:33,3.164012763392459,70785.76163390341,-171746.88435875933,70774.48352805714,-171732.16460188924,70779.83789557648,-171744.35524202764,0,15.0
2024-01-26 17:05:33,3.164012763392459,70785.76163390341,-171746.88435875933,70774.48352805714,-171732.16460188924,70779.83789557648,-171744.35524202764,-2,15.0
2024-01-26 17:05:34,2.9757461735072948,70785.76163390341,-171746.88435875933,70774.48352805714,-171732.16460188924,70780.21695605901,-171744.54042636903,-4,15.0
2024-01-26 17:05:34,2.5535095226282314,70785.76163390341,-171746.88435875933,70774.48352805714,-171732.16460188924,70780.82994006692,-171744.6462213828,-6,15.0
2024-01-26 17:05:35,2.5535095226282314,70785.76163390341,-171746.88435875933,70774.48352805714,-171732.16460188924,70780.82994006692,-171744.6462213828,-8,15.0
2024-01-26 17:05:35,2.221013317973089,70785.76163390341,-171746.88435875933,70774.48352805714,-171732.16460188924,70781.3338388923,-171744.75719527688,-9,15.0
2024-01-26 17:05:36,1.399812901374734,70785.76163390341,-171746.88435875933,70774.48352805714,-171732.16460188924,70782.06888661277,-171744.36632038065,-9,15.0
2024-01-26 17:05:37,0.9064149756462121,70785.76163390341,-171746.88435875933,70774.48352805714,-171732.16460188924,70782.52393731754,-171744.14898227542,-9,15.0
2024-01-26 17:05:37,0.31375874794781805,70785.76163390341,-171746.88435875933,70774.48352805714,-171732.16460188924,70783.31814616328,-171744.21109839046,-9,15.0
