timestamp,直線との距離:,startx:,starty:,goalx:,goaly:,x:,y:,操作量,sp
timestamp,直線との距離:,startx:,starty:,goalx:,goaly:,x:,y:,操作量,sp
2024-01-29 11:12:13,-0.0,70781.81125173277,-171745.23094009067,70774.48352805714,-171732.16460188924,70781.81125173277,-171745.23094009067,0,30.0
2024-01-29 11:12:13,-0.0,70781.81125173277,-171745.23094009067,70774.48352805714,-171732.16460188924,70781.81125173277,-171745.23094009067,0,30.0
2024-01-29 11:12:13,-0.0,70781.81125173277,-171745.23094009067,70774.48352805714,-171732.16460188924,70781.81125173277,-171745.23094009067,0,30.0
2024-01-29 11:12:13,0.020384842028042024,70781.81125173277,-171745.23094009067,70774.48352805714,-171732.16460188924,70781.78543121846,-171745.22657337494,-1,30.0
2024-01-29 11:12:14,0.019721492775562437,70781.81125173277,-171745.23094009067,70774.48352805714,-171732.16460188924,70781.75232448195,-171745.16618336213,-1,30.0
2024-01-29 11:12:14,-0.33878417487519585,70781.81125173277,-171745.23094009067,70774.48352805714,-171732.16460188924,70781.75034270843,-171744.42971992944,0,30.0
2024-01-29 11:12:15,-0.6110996310463778,70781.81125173277,-171745.23094009067,70774.48352805714,-171732.16460188924,70781.70368278588,-171743.78979664762,1,30.0
2024-01-29 11:12:15,-1.043180773885037,70781.81125173277,-171745.23094009067,70774.48352805714,-171732.16460188924,70781.61874273045,-171742.7549893599,2,30.0
2024-01-29 11:12:16,-1.5983990887659116,70781.81125173277,-171745.23094009067,70774.48352805714,-171732.16460188924,70781.32161642476,-171741.0900829668,4,30.0
2024-01-29 11:12:16,-1.5737198370178556,70781.81125173277,-171745.23094009067,70774.48352805714,-171732.16460188924,70780.97291846576,-171740.5187609005,5,30.0
2024-01-29 11:12:17,-1.3623934295697642,70781.81125173277,-171745.23094009067,70774.48352805714,-171732.16460188924,70780.49537039424,-171740.09926317315,6,30.0
2024-01-29 11:12:17,-1.0706239144782206,70781.81125173277,-171745.23094009067,70774.48352805714,-171732.16460188924,70779.95822198215,-171739.73794788885,6,30.0
2024-01-29 11:12:18,-0.3827759472641357,70781.81125173277,-171745.23094009067,70774.48352805714,-171732.16460188924,70779.04293318046,-171739.51209985954,6,30.0
2024-01-29 11:12:19,0.4065740858292713,70781.81125173277,-171745.23094009067,70774.48352805714,-171732.16460188924,70778.13034528636,-171739.4985789331,4,30.0
2024-01-29 11:12:19,1.0398560691615801,70781.81125173277,-171745.23094009067,70774.48352805714,-171732.16460188924,70777.50336107839,-171739.6752628101,2,30.0
2024-01-29 11:12:20,2.007301887390377,70781.81125173277,-171745.23094009067,70774.48352805714,-171732.16460188924,70776.67691459268,-171740.17944320795,0,30.0
2024-01-29 11:12:20,2.636050846760686,70781.81125173277,-171745.23094009067,70774.48352805714,-171732.16460188924,70776.23442746476,-171740.6758434074,-3,30.0
2024-01-29 11:12:21,3.1760342257025354,70781.81125173277,-171745.23094009067,70774.48352805714,-171732.16460188924,70775.91894671493,-171741.21724091182,-6,30.0
2024-01-29 11:12:21,3.7248211524513892,70781.81125173277,-171745.23094009067,70774.48352805714,-171732.16460188924,70775.6254342326,-171741.81580884545,-10,30.0
2024-01-29 11:12:22,4.547446927152551,70781.81125173277,-171745.23094009067,70774.48352805714,-171732.16460188924,70775.16623363663,-171742.67876875907,-14,30.0
2024-01-29 11:12:22,5.339262443380434,70781.81125173277,-171745.23094009067,70774.48352805714,-171732.16460188924,70774.83414550211,-171743.70539910762,-19,30.0
