timestamp,直線との距離:,startx:,starty:,goalx:,goaly:,x:,y:,操作量,sp
timestamp,直線との距離:,startx:,starty:,goalx:,goaly:,x:,y:,操作量,sp
2024-01-29 11:15:26,-0.0,70780.71675993608,-171748.19667131265,70774.48352805714,-171732.16460188924,70780.71675993608,-171748.19667131265,0,30.0
2024-01-29 11:15:26,-0.0,70780.71675993608,-171748.19667131265,70774.48352805714,-171732.16460188924,70780.71675993608,-171748.19667131265,0,30.0
2024-01-29 11:15:27,-0.0,70780.71675993608,-171748.19667131265,70774.48352805714,-171732.16460188924,70780.71675993608,-171748.19667131265,0,30.0
2024-01-29 11:15:27,0.06287327996903827,70780.71675993608,-171748.19667131265,70774.48352805714,-171732.16460188924,70780.63128332712,-171748.1503273569,-1,30.0
2024-01-29 11:15:28,-0.29489085749588745,70780.71675993608,-171748.19667131265,70774.48352805714,-171732.16460188924,70780.89848095783,-171747.85028514857,0,30.0
2024-01-29 11:15:28,-0.7526021941355729,70780.71675993608,-171748.19667131265,70774.48352805714,-171732.16460188924,70781.37932483813,-171747.82393438165,1,30.0
2024-01-29 11:15:29,-0.882274253017436,70780.71675993608,-171748.19667131265,70774.48352805714,-171732.16460188924,70781.68855053604,-171748.26143070793,2,30.0
2024-01-29 11:15:29,-0.7885061992729344,70780.71675993608,-171748.19667131265,70774.48352805714,-171732.16460188924,70781.74220583143,-171748.65819537078,3,30.0
2024-01-29 11:15:30,-0.010570332829717246,70780.71675993608,-171748.19667131265,70774.48352805714,-171732.16460188924,70781.10641258191,-171749.1697004313,1,30.0
2024-01-29 11:15:30,0.7504448009991878,70780.71675993608,-171748.19667131265,70774.48352805714,-171732.16460188924,70780.37384075562,-171749.38559361914,0,30.0
2024-01-29 11:15:31,1.1022893343687536,70780.71675993608,-171748.19667131265,70774.48352805714,-171732.16460188924,70779.88066444635,-171749.0880758325,-2,30.0
2024-01-29 11:15:31,1.354517954250695,70780.71675993608,-171748.19667131265,70774.48352805714,-171732.16460188924,70779.49739027642,-171748.7983305696,-3,30.0
2024-01-29 11:15:32,1.409208597107729,70780.71675993608,-171748.19667131265,70774.48352805714,-171732.16460188924,70779.37606170619,-171748.6371934984,-4,30.0
2024-01-29 11:15:32,1.4275089448458482,70780.71675993608,-171748.19667131265,70774.48352805714,-171732.16460188924,70779.27297449793,-171748.42255142875,-5,30.0
2024-01-29 11:15:33,1.5550957595255612,70780.71675993608,-171748.19667131265,70774.48352805714,-171732.16460188924,70779.14895333965,-171748.45565261002,-6,30.0
2024-01-29 11:15:34,1.5935103957458487,70780.71675993608,-171748.19667131265,70774.48352805714,-171732.16460188924,70779.17694542102,-171748.63365784113,-7,30.0
2024-01-29 11:15:34,1.5935103957458487,70780.71675993608,-171748.19667131265,70774.48352805714,-171732.16460188924,70779.17694542102,-171748.63365784113,-9,30.0
2024-01-29 11:15:35,1.6173041659409721,70780.71675993608,-171748.19667131265,70774.48352805714,-171732.16460188924,70779.15524511487,-171748.64350505962,-10,30.0
