timestamp,直線との距離:,startx:,starty:,goalx:,goaly:,x:,y:,操作量,sp
2024-02-07 16:03:06,0.0,70790.46931260495,-171736.6289820743,70775.78310931542,-171738.61037761884,70790.46931260495,-171736.6289820743,0,20.0
timestamp,直線との距離:,startx:,starty:,goalx:,goaly:,x:,y:,操作量,sp
2024-02-07 16:03:06,0.0,70790.46931260495,-171736.6289820743,70775.78310931542,-171738.61037761884,70790.46931260495,-171736.6289820743,0,20.0
2024-02-07 16:03:06,0.0,70790.46931260495,-171736.6289820743,70775.78310931542,-171738.61037761884,70790.46931260495,-171736.6289820743,0,20.0
2024-02-07 16:03:07,-0.09303702000925808,70790.46931260495,-171736.6289820743,70775.78310931542,-171738.61037761884,70790.13386596192,-171736.5803590653,1,20.0
2024-02-07 16:03:07,-0.3119835920209854,70790.46931260495,-171736.6289820743,70775.78310931542,-171738.61037761884,70789.45976151648,-171736.4503759237,5,20.0
2024-02-07 16:03:08,-0.4788841551804201,70790.46931260495,-171736.6289820743,70775.78310931542,-171738.61037761884,70788.93502110871,-171736.35275881563,7,20.0
2024-02-07 16:03:08,-0.7247115580123455,70790.46931260495,-171736.6289820743,70775.78310931542,-171738.61037761884,70788.11030368457,-171736.21597131758,12,20.0
2024-02-07 16:03:09,-0.8940295197855066,70790.46931260495,-171736.6289820743,70775.78310931542,-171738.61037761884,70787.53337201872,-171736.12295631558,15,20.0
2024-02-07 16:03:09,-1.1182652525044672,70790.46931260495,-171736.6289820743,70775.78310931542,-171738.61037761884,70786.6621854468,-171736.01422551458,19,20.0
2024-02-07 16:03:10,-1.235615852419084,70790.46931260495,-171736.6289820743,70775.78310931542,-171738.61037761884,70786.07373575619,-171735.97520266045,22,20.0
2024-02-07 16:03:10,-1.3601950679182784,70790.46931260495,-171736.6289820743,70775.78310931542,-171738.61037761884,70785.15975286861,-171735.9728051529,26,20.0
2024-02-07 16:03:11,-1.3601950679182784,70790.46931260495,-171736.6289820743,70775.78310931542,-171738.61037761884,70785.15975286861,-171735.9728051529,28,20.0
2024-02-07 16:03:12,-1.3526408963286392,70790.46931260495,-171736.6289820743,70775.78310931542,-171738.61037761884,70783.98190539434,-171736.13933757314,31,20.0
2024-02-07 16:03:12,-1.1754644388597302,70790.46931260495,-171736.6289820743,70775.78310931542,-171738.61037761884,70783.11043820903,-171736.4356936341,30,20.0
2024-02-07 16:03:13,-0.9675107446861747,70790.46931260495,-171736.6289820743,70775.78310931542,-171738.61037761884,70782.56501860927,-171736.7191169222,30,20.0
2024-02-07 16:03:13,-0.5326699100992486,70790.46931260495,-171736.6289820743,70775.78310931542,-171738.61037761884,70781.84392045323,-171737.25518470784,25,20.0
2024-02-07 16:03:14,0.043233553431020075,70790.46931260495,-171736.6289820743,70775.78310931542,-171738.61037761884,70781.28281688504,-171737.9120074164,18,20.0
2024-02-07 16:03:14,0.5121322755123652,70790.46931260495,-171736.6289820743,70775.78310931542,-171738.61037761884,70780.98254858812,-171738.4256652109,13,20.0
2024-02-07 16:03:15,1.280932438685327,70790.46931260495,-171736.6289820743,70775.78310931542,-171738.61037761884,70780.6608351561,-171739.244834847,1,20.0
2024-02-07 16:03:15,2.117007936822639,70790.46931260495,-171736.6289820743,70775.78310931542,-171738.61037761884,70780.46029876133,-171740.1155406826,-12,20.0
2024-02-07 16:03:16,2.6786944625006535,70790.46931260495,-171736.6289820743,70775.78310931542,-171738.61037761884,70780.3688232165,-171740.6946575769,-21,20.0
2024-02-07 16:03:16,3.50230134076146,70790.46931260495,-171736.6289820743,70775.78310931542,-171738.61037761884,70780.21731376846,-171741.5461673344,-38,20.0
2024-02-07 16:03:17,4.285338560393355,70790.46931260495,-171736.6289820743,70775.78310931542,-171738.61037761884,70780.01815232274,-171742.36316886047,-54,20.0
2024-02-07 16:03:17,4.806087213442832,70790.46931260495,-171736.6289820743,70775.78310931542,-171738.61037761884,70779.8241159198,-171742.9148140262,-67,20.0
2024-02-07 16:03:18,5.39733898054012,70790.46931260495,-171736.6289820743,70775.78310931542,-171738.61037761884,70779.29068947797,-171743.58339002304,-85,20.0
2024-02-07 16:03:18,5.623405911675384,70790.46931260495,-171736.6289820743,70775.78310931542,-171738.61037761884,70778.82349881851,-171743.87453636315,-96,20.0
2024-02-07 16:03:19,5.564610312223133,70790.46931260495,-171736.6289820743,70775.78310931542,-171738.61037761884,70778.06463311537,-171743.91759077137,-90,20.0
2024-02-07 16:03:19,5.143143913397138,70790.46931260495,-171736.6289820743,70775.78310931542,-171738.61037761884,70777.48580987852,-171743.57039805813,-90,20.0
2024-02-07 16:03:20,4.49882551715875,70790.46931260495,-171736.6289820743,70775.78310931542,-171738.61037761884,70777.26070324905,-171742.9506124674,-90,20.0
2024-02-07 16:03:21,4.1160040521591155,70790.46931260495,-171736.6289820743,70775.78310931542,-171738.61037761884,70777.34455868637,-171742.55300922948,-90,20.0
2024-02-07 16:03:21,3.6945299760322254,70790.46931260495,-171736.6289820743,70775.78310931542,-171738.61037761884,70777.74197764511,-171742.07409862633,-90,20.0
2024-02-07 16:03:22,3.588187532038378,70790.46931260495,-171736.6289820743,70775.78310931542,-171738.61037761884,70778.13576963496,-171741.9136640963,-90,20.0
2024-02-07 16:03:22,3.7827738437152223,70790.46931260495,-171736.6289820743,70775.78310931542,-171738.61037761884,70778.776080028,-171742.02362561188,-90,20.0
2024-02-07 16:03:23,4.341546532673893,70790.46931260495,-171736.6289820743,70775.78310931542,-171738.61037761884,70779.21596246242,-171742.52811387563,-90,20.0
2024-02-07 16:03:23,4.799281755697066,70790.46931260495,-171736.6289820743,70775.78310931542,-171738.61037761884,70779.28389555823,-171742.9808309772,-90,20.0
2024-02-07 16:03:24,5.376089162165303,70790.46931260495,-171736.6289820743,70775.78310931542,-171738.61037761884,70779.0327882532,-171743.59674253696,-90,20.0
2024-02-07 16:03:24,5.637467814514833,70790.46931260495,-171736.6289820743,70775.78310931542,-171738.61037761884,70778.48763983503,-171743.93403822923,-90,20.0
2024-02-07 16:03:25,5.573103138718687,70790.46931260495,-171736.6289820743,70775.78310931542,-171738.61037761884,70778.06951208175,-171743.92550229537,-90,20.0
2024-02-07 16:03:25,5.198356005893357,70790.46931260495,-171736.6289820743,70775.78310931542,-171738.61037761884,70777.54949416738,-171743.617518381,-90,20.0
2024-02-07 16:03:26,4.8155169759168786,70790.46931260495,-171736.6289820743,70775.78310931542,-171738.61037761884,70777.34239362113,-171743.25915187286,-90,20.0
2024-02-07 16:03:26,4.2121260199401656,70790.46931260495,-171736.6289820743,70775.78310931542,-171738.61037761884,70777.35033278447,-171742.6492230517,-90,20.0
2024-02-07 16:03:27,3.7678754694372674,70790.46931260495,-171736.6289820743,70775.78310931542,-171738.61037761884,70777.73122556346,-171742.14955925502,-90,20.0
2024-02-07 16:03:27,3.659950372101304,70790.46931260495,-171736.6289820743,70775.78310931542,-171738.61037761884,70778.1997599036,-171741.97744383584,-90,20.0
2024-02-07 16:03:28,3.6541389823106893,70790.46931260495,-171736.6289820743,70775.78310931542,-171738.61037761884,70778.29075256933,-171741.95930347926,-90,20.0
2024-02-07 16:03:28,3.3492560213342277,70790.46931260495,-171736.6289820743,70775.78310931542,-171738.61037761884,70777.81937057435,-171741.71525497298,-90,20.0
2024-02-07 16:03:29,3.3492560213342277,70790.46931260495,-171736.6289820743,70775.78310931542,-171738.61037761884,70777.81937057435,-171741.71525497298,-90,20.0
2024-02-07 16:03:29,2.2492450201976872,70790.46931260495,-171736.6289820743,70775.78310931542,-171738.61037761884,70776.70304994358,-171740.75588670865,-90,20.0
2024-02-07 16:03:30,1.8496979330632044,70790.46931260495,-171736.6289820743,70775.78310931542,-171738.61037761884,70776.39199324869,-171740.39468605688,-90,20.0
2024-02-07 16:03:31,1.4907640325866915,70790.46931260495,-171736.6289820743,70775.78310931542,-171738.61037761884,70776.09778187968,-171740.07219385458,-90,20.0
timestamp,直線との距離:,startx:,starty:,goalx:,goaly:,x:,y:,操作量,sp
2024-02-07 16:03:31,-0.0,70775.733688648,-171739.4969545375,70771.25829337153,-171738.1511842335,70775.733688648,-171739.4969545375,1,25.0
2024-02-07 16:03:32,-0.3393670425068482,70775.733688648,-171739.4969545375,70771.25829337153,-171738.1511842335,70775.42642627427,-171739.05018109857,3,25.0
2024-02-07 16:03:32,-0.6820301171091576,70775.733688648,-171739.4969545375,70771.25829337153,-171738.1511842335,70775.39349481463,-171738.68245830055,7,25.0
2024-02-07 16:03:33,-0.5844014245989797,70775.733688648,-171739.4969545375,70771.25829337153,-171738.1511842335,70775.30733943479,-171738.75849813793,5,25.0
2024-02-07 16:03:33,-0.33619233802825543,70775.733688648,-171739.4969545375,70771.25829337153,-171738.1511842335,70775.06613987524,-171738.9451565852,3,25.0
2024-02-07 16:03:34,-0.37773808530184905,70775.733688648,-171739.4969545375,70771.25829337153,-171738.1511842335,70775.05799726321,-171738.8993246175,3,25.0
2024-02-07 16:03:34,-0.39924460997666933,70775.733688648,-171739.4969545375,70771.25829337153,-171738.1511842335,70775.05103010524,-171738.8747717359,4,25.0
2024-02-07 16:03:35,-0.41510201233725097,70775.733688648,-171739.4969545375,70771.25829337153,-171738.1511842335,70775.00245232298,-171738.84360536467,4,25.0
2024-02-07 16:03:35,-0.44672037381830837,70775.733688648,-171739.4969545375,70771.25829337153,-171738.1511842335,70774.97763684919,-171738.80312630298,4,25.0
2024-02-07 16:03:36,-0.47031923064668657,70775.733688648,-171739.4969545375,70771.25829337153,-171738.1511842335,70774.96280845441,-171738.77402463145,4,25.0
2024-02-07 16:03:37,-0.4293933366899715,70775.733688648,-171739.4969545375,70771.25829337153,-171738.1511842335,70774.93848816979,-171738.80944759728,4,25.0
2024-02-07 16:03:37,-0.4183235997496777,70775.733688648,-171739.4969545375,70771.25829337153,-171738.1511842335,70774.91976453722,-171738.81537670887,4,25.0
2024-02-07 16:03:38,-0.40759566608073483,70775.733688648,-171739.4969545375,70771.25829337153,-171738.1511842335,70774.91231447016,-171738.82433890697,4,25.0
2024-02-07 16:03:38,-0.3982405238511517,70775.733688648,-171739.4969545375,70771.25829337153,-171738.1511842335,70774.90292445259,-171738.8312842393,3,25.0
2024-02-07 16:03:39,-0.3996381867629983,70775.733688648,-171739.4969545375,70771.25829337153,-171738.1511842335,70774.88736909142,-171738.8251471903,3,25.0
2024-02-07 16:03:39,-0.3961961066390336,70775.733688648,-171739.4969545375,70771.25829337153,-171738.1511842335,70774.87282780069,-171738.82436889707,3,25.0
2024-02-07 16:03:40,-0.4014826178020921,70775.733688648,-171739.4969545375,70771.25829337153,-171738.1511842335,70774.86080684258,-171738.81523379346,4,25.0
2024-02-07 16:03:40,-0.4003261558706377,70775.733688648,-171739.4969545375,70771.25829337153,-171738.1511842335,70774.85573063247,-171738.81491497156,4,25.0
2024-02-07 16:03:41,-0.4008407375833291,70775.733688648,-171739.4969545375,70771.25829337153,-171738.1511842335,70774.84376034047,-171738.81077811078,4,25.0
2024-02-07 16:03:41,-0.4077037815308781,70775.733688648,-171739.4969545375,70771.25829337153,-171738.1511842335,70774.82869705804,-171738.79908189946,4,25.0
2024-02-07 16:03:42,-0.4200457077589279,70775.733688648,-171739.4969545375,70771.25829337153,-171738.1511842335,70774.8135756014,-171738.78164696397,4,25.0
2024-02-07 16:03:42,-0.43523077461158644,70775.733688648,-171739.4969545375,70771.25829337153,-171738.1511842335,70774.80860093751,-171738.76429431007,4,25.0
2024-02-07 16:03:43,-0.4459826655561522,70775.733688648,-171739.4969545375,70771.25829337153,-171738.1511842335,70774.79707205824,-171738.7496000455,4,25.0
2024-02-07 16:03:43,-0.45447929479465193,70775.733688648,-171739.4969545375,70771.25829337153,-171738.1511842335,70774.79464389128,-171738.73999742282,4,25.0
2024-02-07 16:03:44,-0.4506186664664444,70775.733688648,-171739.4969545375,70771.25829337153,-171738.1511842335,70774.79716036383,-171738.74478553314,4,25.0
2024-02-07 16:03:44,-0.45191166736874444,70775.733688648,-171739.4969545375,70771.25829337153,-171738.1511842335,70774.80567329288,-171738.74599521243,4,25.0
2024-02-07 16:03:45,-0.45355662107576833,70775.733688648,-171739.4969545375,70771.25829337153,-171738.1511842335,70774.80524324646,-171738.74414818035,4,25.0
2024-02-07 16:03:46,-0.45622089043418274,70775.733688648,-171739.4969545375,70771.25829337153,-171738.1511842335,70774.80287700467,-171738.74065452282,4,25.0
2024-02-07 16:03:46,-0.46296394245494915,70775.733688648,-171739.4969545375,70771.25829337153,-171738.1511842335,70774.8017051954,-171738.73326083584,4,25.0
2024-02-07 16:03:47,-0.46069639465207035,70775.733688648,-171739.4969545375,70771.25829337153,-171738.1511842335,70774.81850753342,-171738.74068121877,4,25.0
2024-02-07 16:03:47,-0.45540714357403667,70775.733688648,-171739.4969545375,70771.25829337153,-171738.1511842335,70774.81443789182,-171738.74498067205,4,25.0
2024-02-07 16:03:48,-0.45540714357403667,70775.733688648,-171739.4969545375,70771.25829337153,-171738.1511842335,70774.81443789182,-171738.74498067205,4,25.0
2024-02-07 16:03:48,-0.5019178010379513,70775.733688648,-171739.4969545375,70771.25829337153,-171738.1511842335,70774.82178308773,-171738.69862142953,5,25.0
2024-02-07 16:03:49,-0.4832339103656131,70775.733688648,-171739.4969545375,70771.25829337153,-171738.1511842335,70774.79832686474,-171738.71107838347,4,25.0
2024-02-07 16:03:49,-0.4832339103656131,70775.733688648,-171739.4969545375,70771.25829337153,-171738.1511842335,70774.79832686474,-171738.71107838347,4,25.0
