timestamp,直線との距離:,startx:,starty:,goalx:,goaly:,x:,y:,操作量,sp
2024-02-09 11:06:55,0.0,70787.92671729493,-171737.37902540388,70772.9149468953,-171738.43357661384,70787.92671729493,-171737.37902540388,0,20.0
timestamp,直線との距離:,startx:,starty:,goalx:,goaly:,x:,y:,操作量,sp
2024-02-09 11:06:55,0.0,70787.92671729493,-171737.37902540388,70772.9149468953,-171738.43357661384,70787.92671729493,-171737.37902540388,0,20.0
2024-02-09 11:06:55,0.0016500285823773146,70787.92671729493,-171737.37902540388,70772.9149468953,-171738.43357661384,70787.91111492156,-171737.3817755388,-1,20.0
2024-02-09 11:06:56,-0.01961253288182479,70787.92671729493,-171737.37902540388,70772.9149468953,-171738.43357661384,70787.62427416389,-171737.38061065134,0,20.0
2024-02-09 11:06:56,-0.13293771087529518,70787.92671729493,-171737.37902540388,70772.9149468953,-171738.43357661384,70786.9262906182,-171737.31603834862,2,20.0
2024-02-09 11:06:57,-0.2566734667873223,70787.92671729493,-171737.37902540388,70772.9149468953,-171738.43357661384,70786.37809023575,-171737.23050780123,3,20.0
2024-02-09 11:06:57,-0.4731746742734221,70787.92671729493,-171737.37902540388,70772.9149468953,-171738.43357661384,70785.48710792718,-171737.07606303785,6,20.0
2024-02-09 11:06:58,-0.7148849190570129,70787.92671729493,-171737.37902540388,70772.9149468953,-171738.43357661384,70784.54531297382,-171736.8999166141,8,20.0
2024-02-09 11:06:59,-0.8679919783605831,70787.92671729493,-171737.37902540388,70772.9149468953,-171738.43357661384,70783.90460667828,-171736.79144076369,9,20.0
2024-02-09 11:06:59,-1.015391444784604,70787.92671729493,-171737.37902540388,70772.9149468953,-171738.43357661384,70783.25436767617,-171736.68935622816,11,20.0
2024-02-09 11:07:00,-1.189519721191336,70787.92671729493,-171737.37902540388,70772.9149468953,-171738.43357661384,70782.62344966539,-171736.55911974623,13,20.0
2024-02-09 11:07:00,-1.4149583831879833,70787.92671729493,-171737.37902540388,70772.9149468953,-171738.43357661384,70781.63578477487,-171736.4025072892,15,20.0
2024-02-09 11:07:01,-1.5936360939866965,70787.92671729493,-171737.37902540388,70772.9149468953,-171738.43357661384,70780.63640092379,-171736.29359425683,17,20.0
2024-02-09 11:07:01,-1.7366140052169932,70787.92671729493,-171737.37902540388,70772.9149468953,-171738.43357661384,70779.66258947666,-171736.21867258401,18,20.0
2024-02-09 11:07:02,-1.7748234272431325,70787.92671729493,-171737.37902540388,70772.9149468953,-171738.43357661384,70779.01921385783,-171736.22556503714,18,20.0
2024-02-09 11:07:02,-1.760505821194314,70787.92671729493,-171737.37902540388,70772.9149468953,-171738.43357661384,70778.06604416035,-171736.30687646905,17,20.0
2024-02-09 11:07:03,-1.6599291316686906,70787.92671729493,-171737.37902540388,70772.9149468953,-171738.43357661384,70777.11923079111,-171736.47421303796,15,20.0
2024-02-09 11:07:03,-1.5555350089768178,70787.92671729493,-171737.37902540388,70772.9149468953,-171738.43357661384,70776.52251653856,-171736.6207825831,14,20.0
2024-02-09 11:07:04,-1.3236082211734141,70787.92671729493,-171737.37902540388,70772.9149468953,-171738.43357661384,70775.6718477904,-171736.91303895085,11,20.0
2024-02-09 11:07:05,-1.0191271343035413,70787.92671729493,-171737.37902540388,70772.9149468953,-171738.43357661384,70774.88233711623,-171737.27373216848,8,20.0
2024-02-09 11:07:05,-0.6435800018629357,70787.92671729493,-171737.37902540388,70772.9149468953,-171738.43357661384,70774.12300514078,-171737.70354656302,3,20.0
timestamp,直線との距離:,startx:,starty:,goalx:,goaly:,x:,y:,操作量,sp
2024-02-09 11:07:06,0.0,70773.62313345645,-171738.04390057194,70767.81304474265,-171743.65567093433,70773.62313345645,-171738.04390057194,-5,20.0
2024-02-09 11:07:06,-0.12627118205987037,70773.62313345645,-171738.04390057194,70767.81304474265,-171743.65567093433,70772.90731369525,-171738.55973374317,3,20.0
2024-02-09 11:07:07,-0.24641572181182525,70773.62313345645,-171738.04390057194,70767.81304474265,-171743.65567093433,70772.21629097301,-171739.06013407552,5,20.0
2024-02-09 11:07:07,-0.3714940442655119,70773.62313345645,-171738.04390057194,70767.81304474265,-171743.65567093433,70771.54094957306,-171739.5385289688,8,20.0
2024-02-09 11:07:08,-0.44810174409935205,70773.62313345645,-171738.04390057194,70767.81304474265,-171743.65567093433,70771.102131369,-171739.85586209895,9,20.0
2024-02-09 11:07:08,-0.6294199160740835,70773.62313345645,-171738.04390057194,70767.81304474265,-171743.65567093433,70770.38527147906,-171740.29616877617,13,20.0
2024-02-09 11:07:09,-0.7543376846040848,70773.62313345645,-171738.04390057194,70767.81304474265,-171743.65567093433,70769.70938896858,-171740.77530952604,15,20.0
2024-02-09 11:07:09,-0.8672433046901616,70773.62313345645,-171738.04390057194,70767.81304474265,-171743.65567093433,70769.24643863185,-171741.06548654602,18,20.0
2024-02-09 11:07:10,-0.8994684051137612,70773.62313345645,-171738.04390057194,70767.81304474265,-171743.65567093433,70768.65929076233,-171741.5877908941,18,20.0
2024-02-09 11:07:10,-0.9315877918573999,70773.62313345645,-171738.04390057194,70767.81304474265,-171743.65567093433,70768.0554435447,-171742.12637155628,18,20.0
2024-02-09 11:07:11,-0.8789248031484063,70773.62313345645,-171738.04390057194,70767.81304474265,-171743.65567093433,70767.7126591873,-171742.53067217566,17,20.0
timestamp,直線との距離:,startx:,starty:,goalx:,goaly:,x:,y:,操作量,sp
2024-02-09 11:07:12,0.0,70767.174749321,-171743.1493050982,70767.4504649894,-171758.08261034725,70767.174749321,-171743.1493050982,-7,20.0
2024-02-09 11:07:12,-0.472886830580894,70767.174749321,-171743.1493050982,70767.4504649894,-171758.08261034725,70766.71382177062,-171743.80140845373,8,20.0
2024-02-09 11:07:13,-0.9100596314877046,70767.174749321,-171743.1493050982,70767.4504649894,-171758.08261034725,70766.289062195,-171744.47776870357,12,20.0
2024-02-09 11:07:13,-1.2195213452539597,70767.174749321,-171743.1493050982,70767.4504649894,-171758.08261034725,70765.98850168787,-171744.96273221177,14,20.0
2024-02-09 11:07:14,-1.737604149574725,70767.174749321,-171743.1493050982,70767.4504649894,-171758.08261034725,70765.48349305775,-171745.67563762257,21,20.0
2024-02-09 11:07:14,-2.2414665143513774,70767.174749321,-171743.1493050982,70767.4504649894,-171758.08261034725,70764.99430748798,-171746.47521287692,25,20.0
2024-02-09 11:07:15,-2.66877398217176,70767.174749321,-171743.1493050982,70767.4504649894,-171758.08261034725,70764.5815525023,-171747.26734843873,29,20.0
2024-02-09 11:07:15,-2.8881474025428338,70767.174749321,-171743.1493050982,70767.4504649894,-171758.08261034725,70764.37256202562,-171747.83173416718,30,20.0
2024-02-09 11:07:16,-3.151898297225381,70767.174749321,-171743.1493050982,70767.4504649894,-171758.08261034725,70764.12426996588,-171748.67144983195,33,20.0
2024-02-09 11:07:16,-3.264127392057225,70767.174749321,-171743.1493050982,70767.4504649894,-171758.08261034725,70764.02742882395,-171749.50592772107,33,20.0
2024-02-09 11:07:17,-3.278192828745864,70767.174749321,-171743.1493050982,70767.4504649894,-171758.08261034725,70764.02387960737,-171750.07563681083,32,20.0
2024-02-09 11:07:18,-3.164104327516326,70767.174749321,-171743.1493050982,70767.4504649894,-171758.08261034725,70764.15371796726,-171750.92762714223,30,20.0
2024-02-09 11:07:18,-2.8682847212914666,70767.174749321,-171743.1493050982,70767.4504649894,-171758.08261034725,70764.46419759805,-171751.71891238555,26,20.0
2024-02-09 11:07:19,-2.475298808958499,70767.174749321,-171743.1493050982,70767.4504649894,-171758.08261034725,70764.86979134643,-171752.39815012415,22,20.0
2024-02-09 11:07:19,-2.122218541550624,70767.174749321,-171743.1493050982,70767.4504649894,-171758.08261034725,70765.23003244588,-171752.78273572586,18,20.0
2024-02-09 11:07:20,-1.4495189122394827,70767.174749321,-171743.1493050982,70767.4504649894,-171758.08261034725,70765.9128198786,-171753.32290154274,9,20.0
2024-02-09 11:07:20,-0.6777782235585257,70767.174749321,-171743.1493050982,70767.4504649894,-171758.08261034725,70766.69239109287,-171753.7398945064,1,20.0
2024-02-09 11:07:21,-0.15586082739161503,70767.174749321,-171743.1493050982,70767.4504649894,-171758.08261034725,70767.21826761658,-171753.94951096948,-3,20.0
2024-02-09 11:07:21,0.6331548357732748,70767.174749321,-171743.1493050982,70767.4504649894,-171758.08261034725,70768.0123760087,-171754.2180599979,-12,20.0
2024-02-09 11:07:22,1.4691653067537707,70767.174749321,-171743.1493050982,70767.4504649894,-171758.08261034725,70768.85323918915,-171754.4731752986,-21,20.0
2024-02-09 11:07:22,2.0309933482334817,70767.174749321,-171743.1493050982,70767.4504649894,-171758.08261034725,70769.4183831777,-171754.64758743005,-25,20.0
2024-02-09 11:07:23,2.876433749719691,70767.174749321,-171743.1493050982,70767.4504649894,-171758.08261034725,70770.27087023346,-171755.0214440693,-35,20.0
2024-02-09 11:07:24,3.7400060846090115,70767.174749321,-171743.1493050982,70767.4504649894,-171758.08261034725,70771.1426269817,-171755.4567566157,-44,20.0
2024-02-09 11:07:24,4.439264417140363,70767.174749321,-171743.1493050982,70767.4504649894,-171758.08261034725,70771.85266643805,-171756.03422887714,-50,20.0
2024-02-09 11:07:25,4.937194126591452,70767.174749321,-171743.1493050982,70767.4504649894,-171758.08261034725,70772.36488368566,-171756.8034738867,-53,20.0
2024-02-09 11:07:25,5.099601261393433,70767.174749321,-171743.1493050982,70767.4504649894,-171758.08261034725,70772.53804332337,-171757.38435153986,-53,20.0
2024-02-09 11:07:26,5.032252555702243,70767.174749321,-171743.1493050982,70767.4504649894,-171758.08261034725,70772.48688496092,-171758.26187419335,-50,20.0
2024-02-09 11:07:26,4.628789404969227,70767.174749321,-171743.1493050982,70767.4504649894,-171758.08261034725,70772.09678115592,-171758.98916702883,-44,20.0
2024-02-09 11:07:27,4.209034947805172,70767.174749321,-171743.1493050982,70767.4504649894,-171758.08261034725,70771.68334262265,-171759.3351246053,-40,20.0
2024-02-09 11:07:27,3.0087464451949835,70767.174749321,-171743.1493050982,70767.4504649894,-171758.08261034725,70770.48674811123,-171759.546278067,-22,20.0
2024-02-09 11:07:28,2.542885058682163,70767.174749321,-171743.1493050982,70767.4504649894,-171758.08261034725,70770.01848167724,-171759.42031620967,-23,20.0
2024-02-09 11:07:28,2.0837403246143205,70767.174749321,-171743.1493050982,70767.4504649894,-171758.08261034725,70769.55511019695,-171759.1956255498,-18,20.0
2024-02-09 11:07:29,1.4675230589099588,70767.174749321,-171743.1493050982,70767.4504649894,-171758.08261034725,70768.93032502681,-171758.73725908823,-11,20.0
2024-02-09 11:07:29,0.9237964577985567,70767.174749321,-171743.1493050982,70767.4504649894,-171758.08261034725,70768.37567115852,-171758.15043573375,-6,20.0
timestamp,直線との距離:,startx:,starty:,goalx:,goaly:,x:,y:,操作量,sp
2024-02-09 11:07:30,0.23630417756793337,70768.37567115852,-171758.15043573375,70776.22406187186,-171762.44386814098,70768.07856831381,-171757.71855527218,-2,25.0
2024-02-09 11:07:30,0.23630417756793337,70768.37567115852,-171758.15043573375,70776.22406187186,-171762.44386814098,70768.07856831381,-171757.71855527218,-3,25.0
2024-02-09 11:07:31,0.6211174697305099,70768.37567115852,-171758.15043573375,70776.22406187186,-171762.44386814098,70767.62573675798,-171757.03220579482,-7,25.0
2024-02-09 11:07:32,1.1246406338309416,70768.37567115852,-171758.15043573375,70776.22406187186,-171762.44386814098,70767.22336617687,-171756.23814927507,-12,25.0
2024-02-09 11:07:32,1.8721176559404171,70768.37567115852,-171758.15043573375,70776.22406187186,-171762.44386814098,70766.6471998956,-171755.0709475066,-20,25.0
2024-02-09 11:07:33,2.5117374260948635,70768.37567115852,-171758.15043573375,70776.22406187186,-171762.44386814098,70766.26971993018,-171754.13537749584,-26,25.0
