timestamp,直線との距離:,startx:,starty:,goalx:,goaly:,x:,y:,操作量,sp
2024-02-08 14:54:50,-0.0,70790.62469274853,-171738.48527807693,70772.9149468953,-171738.43357661384,70790.62469274853,-171738.48527807693,0,20.0
timestamp,直線との距離:,startx:,starty:,goalx:,goaly:,x:,y:,操作量,sp
2024-02-08 14:54:50,-0.0,70790.62469274853,-171738.48527807693,70772.9149468953,-171738.43357661384,70790.62469274853,-171738.48527807693,0,20.0
2024-02-08 14:54:50,-0.01834489576702606,70790.62469274853,-171738.48527807693,70772.9149468953,-171738.43357661384,70790.6117553625,-171738.46689533384,0,20.0
2024-02-08 14:54:51,-0.06373016075347208,70790.62469274853,-171738.48527807693,70772.9149468953,-171738.43357661384,70790.25932968814,-171738.42048101127,0,20.0
2024-02-08 14:54:51,-0.1559240276002207,70790.62469274853,-171738.48527807693,70772.9149468953,-171738.43357661384,70789.5216942483,-171738.32613331403,2,20.0
2024-02-08 14:54:52,-0.27435483588511317,70790.62469274853,-171738.48527807693,70772.9149468953,-171738.43357661384,70788.62405779869,-171738.20508145992,3,20.0
2024-02-08 14:54:52,-0.36498158959011306,70790.62469274853,-171738.48527807693,70772.9149468953,-171738.43357661384,70787.99324823647,-171738.11261274773,4,20.0
2024-02-08 14:54:53,-0.36498158959011306,70790.62469274853,-171738.48527807693,70772.9149468953,-171738.43357661384,70787.99324823647,-171738.11261274773,3,20.0
2024-02-08 14:54:53,-0.5295425400680555,70790.62469274853,-171738.48527807693,70772.9149468953,-171738.43357661384,70787.01287717937,-171737.94518902115,6,20.0
2024-02-08 14:54:54,-0.8398645171304656,70790.62469274853,-171738.48527807693,70772.9149468953,-171738.43357661384,70785.3563022178,-171737.63002955125,10,20.0
2024-02-08 14:54:54,-1.0690940072359387,70790.62469274853,-171738.48527807693,70772.9149468953,-171738.43357661384,70784.05402322301,-171737.39699723816,12,20.0
2024-02-08 14:54:55,-1.2046999431920624,70790.62469274853,-171738.48527807693,70772.9149468953,-171738.43357661384,70783.3941014704,-171737.25946416252,12,20.0
2024-02-08 14:54:56,-1.3327483033704037,70790.62469274853,-171738.48527807693,70772.9149468953,-171738.43357661384,70782.3964134446,-171737.12850262702,14,20.0
2024-02-08 14:54:56,-1.3961009211524689,70790.62469274853,-171738.48527807693,70772.9149468953,-171738.43357661384,70781.73269958665,-171737.06321210688,14,20.0
2024-02-08 14:54:57,-1.3961009211524689,70790.62469274853,-171738.48527807693,70772.9149468953,-171738.43357661384,70781.73269958665,-171737.06321210688,13,20.0
2024-02-08 14:54:57,-1.4858854630986496,70790.62469274853,-171738.48527807693,70772.9149468953,-171738.43357661384,70779.73283973197,-171736.96758883313,15,20.0
2024-02-08 14:54:58,-1.4653137364946622,70790.62469274853,-171738.48527807693,70772.9149468953,-171738.43357661384,70779.06476648437,-171736.98621028828,14,20.0
2024-02-08 14:54:58,-1.4383704891084674,70790.62469274853,-171738.48527807693,70772.9149468953,-171738.43357661384,70778.40498452156,-171737.01122749675,14,20.0
2024-02-08 14:54:59,-1.3729264526140372,70790.62469274853,-171738.48527807693,70772.9149468953,-171738.43357661384,70777.75998957414,-171737.0747888273,13,20.0
2024-02-08 14:54:59,-1.2301356872114728,70790.62469274853,-171738.48527807693,70772.9149468953,-171738.43357661384,70776.80618078452,-171737.2147956717,11,20.0
2024-02-08 14:55:00,2.143438316360661,70790.62469274853,-171738.48527807693,70772.9149468953,-171738.43357661384,70772.32652780651,-171740.57530624577,-46,20.0
2024-02-08 14:55:00,2.321254810616246,70790.62469274853,-171738.48527807693,70772.9149468953,-171738.43357661384,70771.2140239892,-171740.74987567728,-25,20.0
2024-02-08 14:55:01,2.5186404054422113,70790.62469274853,-171738.48527807693,70772.9149468953,-171738.43357661384,70770.4886475382,-171740.94514446435,-27,20.0
2024-02-08 14:55:01,2.50157439216479,70790.62469274853,-171738.48527807693,70772.9149468953,-171738.43357661384,70769.4985284938,-171740.92518784545,-25,20.0
2024-02-08 14:55:02,2.2336904652007297,70790.62469274853,-171738.48527807693,70772.9149468953,-171738.43357661384,70768.61843576567,-171740.65473345254,-21,20.0
2024-02-08 14:55:02,1.950018580554345,70790.62469274853,-171738.48527807693,70772.9149468953,-171738.43357661384,70768.08260749928,-171740.3694960732,-18,20.0
2024-02-08 14:55:03,1.3759855890939474,70790.62469274853,-171738.48527807693,70772.9149468953,-171738.43357661384,70767.40987810309,-171739.7934966834,-10,20.0
2024-02-08 14:55:04,0.6591962849367294,70790.62469274853,-171738.48527807693,70772.9149468953,-171738.43357661384,70766.880080365,-171739.07515764423,-2,20.0
2024-02-08 14:55:04,0.1276008842308829,70790.62469274853,-171738.48527807693,70772.9149468953,-171738.43357661384,70766.60129160724,-171738.54274608812,2,20.0
2024-02-08 14:55:05,-0.5587747662877249,70790.62469274853,-171738.48527807693,70772.9149468953,-171738.43357661384,70766.3228536202,-171737.8555546466,10,20.0
2024-02-08 14:55:05,-0.553258192202265,70790.62469274853,-171738.48527807693,70772.9149468953,-171738.43357661384,70766.2406425855,-171737.86083123903,5,20.0
2024-02-08 14:55:06,-0.7597355852379423,70790.62469274853,-171738.48527807693,70772.9149468953,-171738.43357661384,70766.17342175615,-171737.65415672303,9,20.0
2024-02-08 14:55:07,-0.23683023378120285,70790.62469274853,-171738.48527807693,70772.9149468953,-171738.43357661384,70766.70660146768,-171738.17862085652,-2,20.0
2024-02-08 14:55:07,-0.23683023378120285,70790.62469274853,-171738.48527807693,70772.9149468953,-171738.43357661384,70766.70660146768,-171738.17862085652,2,20.0
2024-02-08 14:55:08,0.3922153022983433,70790.62469274853,-171738.48527807693,70772.9149468953,-171738.43357661384,70766.81005245834,-171738.8079710859,-9,20.0
2024-02-08 14:55:08,1.1376406996518962,70790.62469274853,-171738.48527807693,70772.9149468953,-171738.43357661384,70766.9615752599,-171739.55384201228,-17,20.0
2024-02-08 14:55:09,1.9364013800634532,70790.62469274853,-171738.48527807693,70772.9149468953,-171738.43357661384,70767.09773375004,-171740.35300359476,-25,20.0
2024-02-08 14:55:09,3.0354509859387733,70790.62469274853,-171738.48527807693,70772.9149468953,-171738.43357661384,70767.20594877184,-171741.4523738048,-39,20.0
2024-02-08 14:55:10,3.586557427910893,70790.62469274853,-171738.48527807693,70772.9149468953,-171738.43357661384,70767.19562984227,-171742.00345247038,-40,20.0
2024-02-08 14:55:10,4.648803833722882,70790.62469274853,-171738.48527807693,70772.9149468953,-171738.43357661384,70766.9462959275,-171743.06497550258,-54,20.0
2024-02-08 14:55:11,5.097599275885019,70790.62469274853,-171738.48527807693,70772.9149468953,-171738.43357661384,70766.6611279033,-171743.51294034364,-55,20.0
2024-02-08 14:55:11,5.459000480710759,70790.62469274853,-171738.48527807693,70772.9149468953,-171738.43357661384,70766.263190879,-171743.87318135946,-58,20.0
2024-02-08 14:55:12,5.760174351982337,70790.62469274853,-171738.48527807693,70772.9149468953,-171738.43357661384,70765.55765025734,-171744.17229677355,-60,20.0
2024-02-08 14:55:12,5.712804060607673,70790.62469274853,-171738.48527807693,70772.9149468953,-171738.43357661384,70764.8182751631,-171744.12276776409,-57,20.0
2024-02-08 14:55:13,5.309323256798191,70790.62469274853,-171738.48527807693,70772.9149468953,-171738.43357661384,70764.14247542979,-171743.71731232523,-51,20.0
2024-02-08 14:55:13,4.890513689541097,70790.62469274853,-171738.48527807693,70772.9149468953,-171738.43357661384,70763.7899668773,-171743.29747186715,-46,20.0
2024-02-08 14:55:14,4.145244880838328,70790.62469274853,-171738.48527807693,70772.9149468953,-171738.43357661384,70763.5129887562,-171742.55139127842,-37,20.0
2024-02-08 14:55:15,4.145244880838328,70790.62469274853,-171738.48527807693,70772.9149468953,-171738.43357661384,70763.5129887562,-171742.55139127842,-42,20.0
2024-02-08 14:55:15,3.0774528197025064,70790.62469274853,-171738.48527807693,70772.9149468953,-171738.43357661384,70763.70495429097,-171741.48415508718,-24,20.0
2024-02-08 14:55:16,2.359847718252222,70790.62469274853,-171738.48527807693,70772.9149468953,-171738.43357661384,70764.13109087314,-171740.767790982,-19,20.0
2024-02-08 14:55:16,1.9855208785548206,70790.62469274853,-171738.48527807693,70772.9149468953,-171738.43357661384,70764.52642880168,-171740.39461668849,-18,20.0
2024-02-08 14:55:17,1.5086500198144146,70790.62469274853,-171738.48527807693,70772.9149468953,-171738.43357661384,70765.2178482108,-171739.91976231302,-12,20.0
2024-02-08 14:55:17,1.1746092885992445,70790.62469274853,-171738.48527807693,70772.9149468953,-171738.43357661384,70766.00175734398,-171739.58800868635,-10,20.0
2024-02-08 14:55:18,0.9521113361117856,70790.62469274853,-171738.48527807693,70772.9149468953,-171738.43357661384,70766.8213491227,-171739.36790248487,-8,20.0
2024-02-08 14:55:18,0.8783486652050209,70790.62469274853,-171738.48527807693,70772.9149468953,-171738.43357661384,70767.39455065852,-171739.29581289223,-9,20.0
2024-02-08 14:55:19,0.8205075315029897,70790.62469274853,-171738.48527807693,70772.9149468953,-171738.43357661384,70768.265582867,-171739.24051438534,-8,20.0
2024-02-08 14:55:19,0.8473313313408198,70790.62469274853,-171738.48527807693,70772.9149468953,-171738.43357661384,70769.13226301475,-171739.26986846747,-9,20.0
2024-02-08 14:55:20,0.9719603371259365,70790.62469274853,-171738.48527807693,70772.9149468953,-171738.43357661384,70770.00912104534,-171739.3970578854,-11,20.0
2024-02-08 14:55:21,1.1147545298100745,70790.62469274853,-171738.48527807693,70772.9149468953,-171738.43357661384,70770.60069686067,-171739.54157972068,-13,20.0
2024-02-08 14:55:21,1.3622194379871964,70790.62469274853,-171738.48527807693,70772.9149468953,-171738.43357661384,70771.47071051478,-171739.79158558315,-16,20.0
2024-02-08 14:55:22,1.7159956221640693,70790.62469274853,-171738.48527807693,70772.9149468953,-171738.43357661384,70772.28078721266,-171740.14772819594,-20,20.0
2024-02-08 14:55:22,1.9925451550182096,70790.62469274853,-171738.48527807693,70772.9149468953,-171738.43357661384,70772.8232619186,-171740.42586259663,-22,20.0
2024-02-08 14:55:23,2.489838193120762,70790.62469274853,-171738.48527807693,70772.9149468953,-171738.43357661384,70773.5314114044,-171740.92522511072,-29,20.0
2024-02-08 14:55:23,3.0765350269277425,70790.62469274853,-171738.48527807693,70772.9149468953,-171738.43357661384,70774.22675611581,-171741.51395441956,-35,20.0
2024-02-08 14:55:24,3.77619325981873,70790.62469274853,-171738.48527807693,70772.9149468953,-171738.43357661384,70774.83494613167,-171742.2153911712,-43,20.0
2024-02-08 14:55:24,4.326212015023832,70790.62469274853,-171738.48527807693,70772.9149468953,-171738.43357661384,70775.12064089395,-171742.76624632158,-48,20.0
2024-02-08 14:55:25,5.1822378112281,70790.62469274853,-171738.48527807693,70772.9149468953,-171738.43357661384,70775.36583623462,-171743.6229915838,-58,20.0
2024-02-08 14:55:25,6.046731852503519,70790.62469274853,-171738.48527807693,70772.9149468953,-171738.43357661384,70775.3027532253,-171744.4873051458,-67,20.0
2024-02-08 14:55:26,6.8060278200566735,70790.62469274853,-171738.48527807693,70772.9149468953,-171738.43357661384,70774.94491046362,-171745.2455596703,-74,20.0
2024-02-08 14:55:27,7.37964124654795,70790.62469274853,-171738.48527807693,70772.9149468953,-171738.43357661384,70774.03317347418,-171745.8165138352,-78,20.0
2024-02-08 14:55:27,7.38217906134385,70790.62469274853,-171738.48527807693,70772.9149468953,-171738.43357661384,70773.49846340928,-171745.8174906394,-74,20.0
2024-02-08 14:55:28,7.014415326074546,70790.62469274853,-171738.48527807693,70772.9149468953,-171738.43357661384,70772.82384771324,-171745.44775587792,-68,20.0
2024-02-08 14:55:28,7.014415326074546,70790.62469274853,-171738.48527807693,70772.9149468953,-171738.43357661384,70772.82384771324,-171745.44775587792,-71,20.0
2024-02-08 14:55:29,6.392713217237493,70790.62469274853,-171738.48527807693,70772.9149468953,-171738.43357661384,70772.4840899319,-171744.825059238,-60,20.0
2024-02-08 14:55:29,5.406380978457954,70790.62469274853,-171738.48527807693,70772.9149468953,-171738.43357661384,70772.6619347456,-171743.83924199254,-48,20.0
2024-02-08 14:55:30,5.388835296168201,70790.62469274853,-171738.48527807693,70772.9149468953,-171738.43357661384,70772.6728629379,-171743.821728139,-54,20.0
2024-02-08 14:55:30,5.375372585077748,70790.62469274853,-171738.48527807693,70772.9149468953,-171738.43357661384,70772.71139196714,-171743.80837785138,-54,20.0
2024-02-08 14:55:31,5.375372585077748,70790.62469274853,-171738.48527807693,70772.9149468953,-171738.43357661384,70772.71139196714,-171743.80837785138,-54,20.0
2024-02-08 14:55:31,5.381700947013261,70790.62469274853,-171738.48527807693,70772.9149468953,-171738.43357661384,70772.75135562225,-171743.81482290936,-54,20.0
2024-02-08 14:55:32,5.419585946542147,70790.62469274853,-171738.48527807693,70772.9149468953,-171738.43357661384,70772.64314718639,-171743.85239216886,-55,20.0
2024-02-08 14:55:33,5.390164890323772,70790.62469274853,-171738.48527807693,70772.9149468953,-171738.43357661384,70772.59938454183,-171743.82284322754,-54,20.0
2024-02-08 14:55:33,5.384698905086638,70790.62469274853,-171738.48527807693,70772.9149468953,-171738.43357661384,70772.62099278338,-171743.81744030165,-54,20.0
2024-02-08 14:55:34,5.381135203003349,70790.62469274853,-171738.48527807693,70772.9149468953,-171738.43357661384,70772.62452156267,-171743.81388688623,-54,20.0
2024-02-08 14:55:34,5.390280956254279,70790.62469274853,-171738.48527807693,70772.9149468953,-171738.43357661384,70772.6188555807,-171743.8230161373,-54,20.0
2024-02-08 14:55:35,5.390280956254279,70790.62469274853,-171738.48527807693,70772.9149468953,-171738.43357661384,70772.6188555807,-171743.8230161373,-54,20.0
2024-02-08 14:55:35,5.421698195708526,70790.62469274853,-171738.48527807693,70772.9149468953,-171738.43357661384,70772.55226354078,-171743.8542391032,-55,20.0
2024-02-08 14:55:36,5.2123306941753045,70790.62469274853,-171738.48527807693,70772.9149468953,-171738.43357661384,70772.38025983529,-171743.64436856547,-51,20.0
2024-02-08 14:55:36,5.2123306941753045,70790.62469274853,-171738.48527807693,70772.9149468953,-171738.43357661384,70772.38025983529,-171743.64436856547,-53,20.0
2024-02-08 14:55:37,4.903275285242232,70790.62469274853,-171738.48527807693,70772.9149468953,-171738.43357661384,70772.21464966245,-171743.33482836062,-47,20.0
2024-02-08 14:55:37,4.981138470189424,70790.62469274853,-171738.48527807693,70772.9149468953,-171738.43357661384,70772.12151743307,-171743.4124199891,-51,20.0
