timestamp,直線との距離:,startx:,starty:,goalx:,goaly:,x:,y:,操作量,sp
timestamp,直線との距離:,startx:,starty:,goalx:,goaly:,x:,y:,操作量,sp
2024-01-26 17:04:23,-0.0,70780.47942247294,-171745.08559233573,70774.48352805714,-171732.16460188924,70780.47942247294,-171745.08559233573,0,15.0
2024-01-26 17:04:23,-0.0,70780.47942247294,-171745.08559233573,70774.48352805714,-171732.16460188924,70780.47942247294,-171745.08559233573,0,15.0
2024-01-26 17:04:23,-0.0,70780.47942247294,-171745.08559233573,70774.48352805714,-171732.16460188924,70780.47942247294,-171745.08559233573,0,15.0
2024-01-26 17:04:24,-0.008777607325201832,70780.47942247294,-171745.08559233573,70774.48352805714,-171732.16460188924,70780.50051217199,-171745.11018718308,0,15.0
2024-01-26 17:04:24,-0.07050891633180754,70780.47942247294,-171745.08559233573,70774.48352805714,-171732.16460188924,70780.53010995217,-171745.02731507388,0,15.0
2024-01-26 17:04:25,-0.2409770678703702,70780.47942247294,-171745.08559233573,70774.48352805714,-171732.16460188924,70780.60496854209,-171744.7836536299,0,15.0
2024-01-26 17:04:25,-0.602339500801377,70780.47942247294,-171745.08559233573,70774.48352805714,-171732.16460188924,70780.7491366628,-171744.2358464931,1,15.0
2024-01-26 17:04:26,-1.007257488921192,70780.47942247294,-171745.08559233573,70774.48352805714,-171732.16460188924,70780.89167166447,-171743.58104548109,2,15.0
2024-01-26 17:04:27,-1.421935536933616,70780.47942247294,-171745.08559233573,70774.48352805714,-171732.16460188924,70781.0320039484,-171742.89831078373,3,15.0
2024-01-26 17:04:27,-1.706613671735232,70780.47942247294,-171745.08559233573,70774.48352805714,-171732.16460188924,70781.12914083216,-171742.43133081213,4,15.0
2024-01-26 17:04:28,-2.0823798444724426,70780.47942247294,-171745.08559233573,70774.48352805714,-171732.16460188924,70781.22711867616,-171741.74976603975,6,15.0
2024-01-26 17:04:28,-2.2937058911169643,70780.47942247294,-171745.08559233573,70774.48352805714,-171732.16460188924,70781.26326551984,-171741.32561608803,7,15.0
2024-01-26 17:04:29,-2.592275191389094,70780.47942247294,-171745.08559233573,70774.48352805714,-171732.16460188924,70781.30090867695,-171740.69742762402,9,15.0
2024-01-26 17:04:29,-2.754739812116004,70780.47942247294,-171745.08559233573,70774.48352805714,-171732.16460188924,70781.29088118135,-171740.28985287703,11,15.0
2024-01-26 17:04:30,-3.0098557409110027,70780.47942247294,-171745.08559233573,70774.48352805714,-171732.16460188924,70781.26203240128,-171739.62160787603,13,15.0
2024-01-26 17:04:30,-3.3137502789249615,70780.47942247294,-171745.08559233573,70774.48352805714,-171732.16460188924,70781.26618401933,-171738.90859493008,15,15.0
2024-01-26 17:04:31,-3.395373542537627,70780.47942247294,-171745.08559233573,70774.48352805714,-171732.16460188924,70781.15582307309,-171738.47685840641,18,15.0
2024-01-26 17:04:31,-3.6127126069824462,70780.47942247294,-171745.08559233573,70774.48352805714,-171732.16460188924,70781.06132381794,-171737.75688456872,20,15.0
2024-01-26 17:04:32,-3.6295874991631076,70780.47942247294,-171745.08559233573,70774.48352805714,-171732.16460188924,70780.89719008577,-171737.36309127873,22,15.0
2024-01-26 17:04:32,-3.6248146465564703,70780.47942247294,-171745.08559233573,70774.48352805714,-171732.16460188924,70780.71494680631,-171736.98170075982,24,15.0
2024-01-26 17:04:33,-3.7662667385774653,70780.47942247294,-171745.08559233573,70774.48352805714,-171732.16460188924,70780.59147874884,-171736.37958394625,27,15.0
2024-01-26 17:04:33,-3.7583575598755283,70780.47942247294,-171745.08559233573,70774.48352805714,-171732.16460188924,70780.35730978455,-171735.89374592184,29,15.0
2024-01-26 17:04:34,-3.772479156677473,70780.47942247294,-171745.08559233573,70774.48352805714,-171732.16460188924,70780.00836016487,-171735.10822036784,31,15.0
2024-01-26 17:04:34,-3.4669484263017023,70780.47942247294,-171745.08559233573,70774.48352805714,-171732.16460188924,70779.48071515161,-171734.6970062806,33,15.0
2024-01-26 17:04:35,-3.2851748072083953,70780.47942247294,-171745.08559233573,70774.48352805714,-171732.16460188924,70779.22910079586,-171734.5866221249,35,15.0
2024-01-26 17:04:35,-2.8320597268382346,70780.47942247294,-171745.08559233573,70774.48352805714,-171732.16460188924,70778.71335956122,-171734.55167519607,36,15.0
2024-01-26 17:04:36,-2.4158396017313333,70780.47942247294,-171745.08559233573,70774.48352805714,-171732.16460188924,70778.5929692938,-171735.28104789907,37,15.0
2024-01-26 17:04:37,-2.1828993498905667,70780.47942247294,-171745.08559233573,70774.48352805714,-171732.16460188924,70778.64538099263,-171735.94738779333,38,15.0
2024-01-26 17:04:37,-1.9719827704261081,70780.47942247294,-171745.08559233573,70774.48352805714,-171732.16460188924,70778.8421858344,-171736.87256956485,39,15.0
2024-01-26 17:04:38,-2.3023733721251225,70780.47942247294,-171745.08559233573,70774.48352805714,-171732.16460188924,70779.37692821588,-171737.24001891204,41,15.0
2024-01-26 17:04:38,-2.318998878539702,70780.47942247294,-171745.08559233573,70774.48352805714,-171732.16460188924,70779.52565938699,-171737.521033498,42,15.0
2024-01-26 17:04:39,-2.296574784113074,70780.47942247294,-171745.08559233573,70774.48352805714,-171732.16460188924,70779.65488725355,-171737.85278878163,44,15.0
2024-01-26 17:04:39,-2.242548565859795,70780.47942247294,-171745.08559233573,70774.48352805714,-171732.16460188924,70779.7591020013,-171738.20571835665,45,15.0
2024-01-26 17:04:40,-2.0323484698687233,70780.47942247294,-171745.08559233573,70774.48352805714,-171732.16460188924,70779.61345483584,-171738.39122316276,46,15.0
2024-01-26 17:04:40,-1.6382038598442243,70780.47942247294,-171745.08559233573,70774.48352805714,-171732.16460188924,70779.48761511598,-171739.05640783676,47,15.0
2024-01-26 17:04:41,-1.6795427102705536,70780.47942247294,-171745.08559233573,70774.48352805714,-171732.16460188924,70779.70091676533,-171739.41785878537,48,15.0
2024-01-26 17:04:41,-1.5783606129622336,70780.47942247294,-171745.08559233573,70774.48352805714,-171732.16460188924,70779.92039073445,-171740.13119667344,48,15.0
2024-01-26 17:04:42,-1.4533753940088723,70780.47942247294,-171745.08559233573,70774.48352805714,-171732.16460188924,70780.08578461237,-171740.7845422922,49,15.0
2024-01-26 17:04:43,-1.3358823088584988,70780.47942247294,-171745.08559233573,70774.48352805714,-171732.16460188924,70780.62734992415,-171742.23072819,50,15.0
2024-01-26 17:04:43,-1.3358823088584988,70780.47942247294,-171745.08559233573,70774.48352805714,-171732.16460188924,70780.62734992415,-171742.23072819,51,15.0
2024-01-26 17:04:44,-1.1017992529456182,70780.47942247294,-171745.08559233573,70774.48352805714,-171732.16460188924,70780.65764315985,-171742.85211834346,51,15.0
2024-01-26 17:04:44,-1.0349792543049996,70780.47942247294,-171745.08559233573,70774.48352805714,-171732.16460188924,70780.8720661781,-171743.47293783445,52,15.0
2024-01-26 17:04:45,-1.0649818802905635,70780.47942247294,-171745.08559233573,70774.48352805714,-171732.16460188924,70781.18811131593,-171744.08272959277,52,15.0
