timestamp,直線との距離:,startx:,starty:,goalx:,goaly:,x:,y:,操作量,sp
2024-02-07 16:16:15,0.0,70785.60928337154,-171736.65807615625,70775.78310931542,-171738.61037761884,70785.60928337154,-171736.65807615625,0,20.0
timestamp,直線との距離:,startx:,starty:,goalx:,goaly:,x:,y:,操作量,sp
2024-02-07 16:16:16,0.0,70785.60928337154,-171736.65807615625,70775.78310931542,-171738.61037761884,70785.60928337154,-171736.65807615625,0,20.0
2024-02-07 16:16:16,0.0009127006040917851,70785.60928337154,-171736.65807615625,70775.78310931542,-171738.61037761884,70785.61421873623,-171736.6580261201,-1,20.0
2024-02-07 16:16:16,-0.006165536185554302,70785.60928337154,-171736.65807615625,70775.78310931542,-171738.61037761884,70785.52684697356,-171736.6681688805,0,20.0
2024-02-07 16:16:17,-0.05336238224025455,70785.60928337154,-171736.65807615625,70775.78310931542,-171738.61037761884,70785.21369924014,-171736.68226687433,0,20.0
2024-02-07 16:16:18,-0.13284701467376697,70785.60928337154,-171736.65807615625,70775.78310931542,-171738.61037761884,70784.26641311128,-171736.7894389829,1,20.0
2024-02-07 16:16:18,-0.24099932012041275,70785.60928337154,-171736.65807615625,70775.78310931542,-171738.61037761884,70783.44690589588,-171736.84199546496,3,20.0
2024-02-07 16:16:19,-0.3647656875379627,70785.60928337154,-171736.65807615625,70775.78310931542,-171738.61037761884,70782.59795558309,-171736.88448254945,4,20.0
2024-02-07 16:16:19,-0.4395743486748879,70785.60928337154,-171736.65807615625,70775.78310931542,-171738.61037761884,70782.00784890496,-171736.92545626307,4,20.0
2024-02-07 16:16:20,-0.5782838623468359,70785.60928337154,-171736.65807615625,70775.78310931542,-171738.61037761884,70781.11933684771,-171736.96056839096,6,20.0
2024-02-07 16:16:20,-0.6886702794095236,70785.60928337154,-171736.65807615625,70775.78310931542,-171738.61037761884,70780.52243207603,-171736.96661959586,7,20.0
2024-02-07 16:16:21,-0.7870160809583118,70785.60928337154,-171736.65807615625,70775.78310931542,-171738.61037761884,70779.92975646196,-171736.98410650418,8,20.0
2024-02-07 16:16:21,-0.931844578147657,70785.60928337154,-171736.65807615625,70775.78310931542,-171738.61037761884,70779.04350742126,-171737.01253041858,10,20.0
2024-02-07 16:16:22,-1.0290079803536871,70785.60928337154,-171736.65807615625,70775.78310931542,-171738.61037761884,70778.4424972491,-171737.0328787797,10,20.0
2024-02-07 16:16:22,-1.1435144484943376,70785.60928337154,-171736.65807615625,70775.78310931542,-171738.61037761884,70777.5473932245,-171737.0939767571,12,20.0
2024-02-07 16:16:23,-1.2627302268941076,70785.60928337154,-171736.65807615625,70775.78310931542,-171738.61037761884,70776.68672225808,-171737.14343208293,13,20.0
2024-02-07 16:16:23,-1.2798755469468277,70785.60928337154,-171736.65807615625,70775.78310931542,-171738.61037761884,70776.1383967102,-171737.23489502614,12,20.0
timestamp,直線との距離:,startx:,starty:,goalx:,goaly:,x:,y:,操作量,sp
2024-02-07 16:16:24,0.0,70775.33825657636,-171737.35853280177,70770.46940889904,-171746.02685345127,70775.33825657636,-171737.35853280177,-2,25.0
2024-02-07 16:16:24,-0.6434066875451535,70775.33825657636,-171737.35853280177,70770.46940889904,-171746.02685345127,70774.5189982868,-171737.5032850033,7,25.0
2024-02-07 16:16:25,-1.0123823580988758,70775.33825657636,-171737.35853280177,70770.46940889904,-171746.02685345127,70774.01399940778,-171737.64892463636,10,25.0
2024-02-07 16:16:26,-1.643294716818339,70775.33825657636,-171737.35853280177,70770.46940889904,-171746.02685345127,70773.18206609621,-171737.8417561998,17,25.0
2024-02-07 16:16:26,-2.31920373687109,70775.33825657636,-171737.35853280177,70770.46940889904,-171746.02685345127,70772.3035623668,-171738.025617625,23,25.0
2024-02-07 16:16:27,-2.786446418801764,70775.33825657636,-171737.35853280177,70770.46940889904,-171746.02685345127,70771.70027138366,-171738.14559338015,28,25.0
2024-02-07 16:16:27,-3.4043686210565864,70775.33825657636,-171737.35853280177,70770.46940889904,-171746.02685345127,70770.83291262573,-171738.4280208115,34,25.0
2024-02-07 16:16:28,-4.205758605634954,70775.33825657636,-171737.35853280177,70770.46940889904,-171746.02685345127,70769.5115979454,-171739.14401684038,42,25.0
2024-02-07 16:16:28,-4.205758605634954,70775.33825657636,-171737.35853280177,70770.46940889904,-171746.02685345127,70769.5115979454,-171739.14401684038,42,25.0
2024-02-07 16:16:29,-4.431822022627226,70775.33825657636,-171737.35853280177,70770.46940889904,-171746.02685345127,70768.88802548345,-171739.79258502935,44,25.0
2024-02-07 16:16:29,-4.431822022627226,70775.33825657636,-171737.35853280177,70770.46940889904,-171746.02685345127,70768.88802548345,-171739.79258502935,44,25.0
2024-02-07 16:16:30,-4.453827646033005,70775.33825657636,-171737.35853280177,70770.46940889904,-171746.02685345127,70768.43896820642,-171740.54713528082,44,25.0
2024-02-07 16:16:30,-4.096387596344063,70775.33825657636,-171737.35853280177,70770.46940889904,-171746.02685345127,70768.2191692045,-171741.6683440866,40,25.0
2024-02-07 16:16:31,-3.7524253871494273,70775.33825657636,-171737.35853280177,70770.46940889904,-171746.02685345127,70768.29255796962,-171742.2400504507,37,25.0
2024-02-07 16:16:31,-2.292066367930365,70775.33825657636,-171737.35853280177,70770.46940889904,-171746.02685345127,70769.13812276626,-171743.7166660771,21,25.0
2024-02-07 16:16:32,-1.6966464409839963,70775.33825657636,-171737.35853280177,70770.46940889904,-171746.02685345127,70769.60678404241,-171744.0981159807,16,25.0
2024-02-07 16:16:32,-0.7848075215609611,70775.33825657636,-171737.35853280177,70770.46940889904,-171746.02685345127,70770.43405951807,-171744.48722439373,6,25.0
timestamp,直線との距離:,startx:,starty:,goalx:,goaly:,x:,y:,操作量,sp
2024-02-07 16:16:33,0.0,70770.94444236862,-171744.656266999,70771.38505203897,-171747.93783546993,70770.94444236862,-171744.656266999,-6,35.0
2024-02-07 16:16:33,0.5688500481719193,70770.94444236862,-171744.656266999,70771.38505203897,-171747.93783546993,70771.53246206153,-171744.76101989625,-10,35.0
2024-02-07 16:16:34,1.1686169497276553,70770.94444236862,-171744.656266999,70771.38505203897,-171747.93783546993,70772.15515871748,-171744.89171100105,-16,35.0
2024-02-07 16:16:35,2.1825411708544826,70770.94444236862,-171744.656266999,70771.38505203897,-171747.93783546993,70773.2083678698,-171745.11653219,-29,35.0
2024-02-07 16:16:35,3.2225023875391203,70770.94444236862,-171744.656266999,70771.38505203897,-171747.93783546993,70774.30392302336,-171745.46107927483,-40,35.0
2024-02-07 16:16:36,3.2225023875391203,70770.94444236862,-171744.656266999,70771.38505203897,-171747.93783546993,70774.30392302336,-171745.46107927483,-33,35.0
2024-02-07 16:16:36,5.012890198215541,70770.94444236862,-171744.656266999,70771.38505203897,-171747.93783546993,70776.32387000282,-171747.05112883373,-63,35.0
2024-02-07 16:16:37,5.191017066628432,70770.94444236862,-171744.656266999,70771.38505203897,-171747.93783546993,70776.59438239418,-171747.72729188972,-54,35.0
2024-02-07 16:16:37,5.033614788590268,70770.94444236862,-171744.656266999,70771.38505203897,-171747.93783546993,70776.57442820288,-171748.76149627447,-50,35.0
2024-02-07 16:16:38,5.033614788590268,70770.94444236862,-171744.656266999,70771.38505203897,-171747.93783546993,70776.57442820288,-171748.76149627447,-51,35.0
2024-02-07 16:16:38,3.751779627178953,70770.94444236862,-171744.656266999,70771.38505203897,-171747.93783546993,70775.42553926817,-171749.83732224395,-29,35.0
2024-02-07 16:16:39,2.7861317472795664,70770.94444236862,-171744.656266999,70771.38505203897,-171747.93783546993,70774.44991885206,-171749.82758712154,-22,35.0
2024-02-07 16:16:39,2.2242758869482633,70770.94444236862,-171744.656266999,70771.38505203897,-171747.93783546993,70773.84916144214,-171749.5754076824,-19,35.0
2024-02-07 16:16:40,1.735940108392678,70770.94444236862,-171744.656266999,70771.38505203897,-171747.93783546993,70773.3046342318,-171749.18954317388,-14,35.0
2024-02-07 16:16:40,1.735940108392678,70770.94444236862,-171744.656266999,70771.38505203897,-171747.93783546993,70773.3046342318,-171749.18954317388,-18,35.0
2024-02-07 16:16:41,1.128932957637178,70770.94444236862,-171744.656266999,70771.38505203897,-171747.93783546993,70772.59028872041,-171748.43067835795,-8,35.0
timestamp,直線との距離:,startx:,starty:,goalx:,goaly:,x:,y:,操作量,sp
2024-02-07 16:16:42,0.0,70771.6502217675,-171746.53142268097,70774.49079386587,-171755.1314091396,70771.6502217675,-171746.53142268097,1,25.0
2024-02-07 16:16:42,0.05447509728000635,70771.6502217675,-171746.53142268097,70774.49079386587,-171755.1314091396,70771.47159485501,-171745.81692996138,-1,25.0
2024-02-07 16:16:43,0.1618840587105303,70771.6502217675,-171746.53142268097,70774.49079386587,-171755.1314091396,70771.34127580975,-171745.0799160192,-2,25.0
2024-02-07 16:16:43,0.3423670516723311,70771.6502217675,-171746.53142268097,70774.49079386587,-171755.1314091396,70771.18843469025,-171744.04172384331,-4,25.0
2024-02-07 16:16:44,0.5079576918016357,70771.6502217675,-171746.53142268097,70774.49079386587,-171755.1314091396,70771.0393434644,-171743.0623678979,-6,25.0
2024-02-07 16:16:44,0.7435747597943508,70771.6502217675,-171746.53142268097,70774.49079386587,-171755.1314091396,70770.97137200487,-171742.10533209643,-8,25.0
2024-02-07 16:16:45,0.9068965481611431,70771.6502217675,-171746.53142268097,70774.49079386587,-171755.1314091396,70770.93905137663,-171741.48673955846,-10,25.0
2024-02-07 16:16:45,1.2138426376348683,70771.6502217675,-171746.53142268097,70774.49079386587,-171755.1314091396,70770.94296207879,-171740.51990332227,-13,25.0
