timestamp,直線との距離:,startx:,starty:,goalx:,goaly:,x:,y:,操作量,sp
timestamp,直線との距離:,startx:,starty:,goalx:,goaly:,x:,y:,操作量,sp
2024-01-26 16:11:43,-0.0,70775.15876314868,-171740.5216031846,70774.48352805714,-171732.16460188924,70775.15876314868,-171740.5216031846,0,15.0
2024-01-26 16:11:43,-0.0,70775.15876314868,-171740.5216031846,70774.48352805714,-171732.16460188924,70775.15876314868,-171740.5216031846,0,15.0
2024-01-26 16:11:43,-0.0,70775.15876314868,-171740.5216031846,70774.48352805714,-171732.16460188924,70775.15876314868,-171740.5216031846,0,15.0
2024-01-26 16:11:44,-0.013167222948816205,70775.15876314868,-171740.5216031846,70774.48352805714,-171732.16460188924,70775.17285927769,-171740.53256864558,0,15.0
2024-01-26 16:11:44,-0.023122853388808002,70775.15876314868,-171740.5216031846,70774.48352805714,-171732.16460188924,70775.17769749124,-171740.4688317357,0,15.0
2024-01-26 16:11:45,-0.08004113559283399,70775.15876314868,-171740.5216031846,70774.48352805714,-171732.16460188924,70775.19913639006,-171740.0274278329,0,15.0
2024-01-26 16:11:45,-0.1877932118041998,70775.15876314868,-171740.5216031846,70774.48352805714,-171732.16460188924,70775.25935139491,-171739.43474246078,0,15.0
2024-01-26 16:11:46,-0.33847685461491767,70775.15876314868,-171740.5216031846,70774.48352805714,-171732.16460188924,70775.3177772774,-171738.28684292966,0,15.0
2024-01-26 16:11:46,-0.40701748278833033,70775.15876314868,-171740.5216031846,70774.48352805714,-171732.16460188924,70775.32484453672,-171737.5232574578,1,15.0
2024-01-26 16:11:47,-0.41394556296709556,70775.15876314868,-171740.5216031846,70774.48352805714,-171732.16460188924,70775.290297285,-171737.0096613918,1,15.0
2024-01-26 16:11:48,-0.41394556296709556,70775.15876314868,-171740.5216031846,70774.48352805714,-171732.16460188924,70775.290297285,-171737.0096613918,1,15.0
2024-01-26 16:11:48,-0.45186642659928555,70775.15876314868,-171740.5216031846,70774.48352805714,-171732.16460188924,70775.26508577552,-171736.22677837312,2,15.0
2024-01-26 16:11:49,-0.45099108914368524,70775.15876314868,-171740.5216031846,70774.48352805714,-171732.16460188924,70775.22444990733,-171735.73472016767,2,15.0
2024-01-26 16:11:49,-0.4346275507733308,70775.15876314868,-171740.5216031846,70774.48352805714,-171732.16460188924,70775.1488871779,-171735.0027053974,3,15.0
2024-01-26 16:11:50,-0.38466018607352237,70775.15876314868,-171740.5216031846,70774.48352805714,-171732.16460188924,70775.03959386007,-171734.2704771296,3,15.0
2024-01-26 16:11:50,-0.3491698436566317,70775.15876314868,-171740.5216031846,70774.48352805714,-171732.16460188924,70774.96615683903,-171733.8022640911,3,15.0
2024-01-26 16:11:51,-0.2584741247083199,70775.15876314868,-171740.5216031846,70774.48352805714,-171732.16460188924,70774.81600598262,-171733.07007970524,4,15.0
