timestamp,直線との距離:,startx:,starty:,goalx:,goaly:,x:,y:,操作量,sp
2024-02-08 14:41:09,0.0,70791.76044026366,-171734.8020828808,70772.9149468953,-171738.43357661384,70791.76044026366,-171734.8020828808,0,20.0
timestamp,直線との距離:,startx:,starty:,goalx:,goaly:,x:,y:,操作量,sp
2024-02-08 14:41:09,0.0038146520994648556,70791.76044026366,-171734.8020828808,70772.9149468953,-171738.43357661384,70791.76143745595,-171734.80577555418,-1,20.0
2024-02-08 14:41:10,0.0038146520994648556,70791.76044026366,-171734.8020828808,70772.9149468953,-171738.43357661384,70791.76143745595,-171734.80577555418,-1,20.0
2024-02-08 14:41:10,0.002947344950828296,70791.76044026366,-171734.8020828808,70772.9149468953,-171738.43357661384,70791.6734403199,-171734.8218491859,-1,20.0
2024-02-08 14:41:11,-0.08025277138355062,70791.76044026366,-171734.8020828808,70772.9149468953,-171738.43357661384,70791.27218870574,-171734.81443891695,1,20.0
2024-02-08 14:41:11,-0.1394581665101286,70791.76044026366,-171734.8020828808,70772.9149468953,-171738.43357661384,70790.42166455742,-171734.91803883656,1,20.0
2024-02-08 14:41:12,-0.2153308531903498,70791.76044026366,-171734.8020828808,70772.9149468953,-171738.43357661384,70789.44165470534,-171735.0296165046,2,20.0
2024-02-08 14:41:12,-0.3462733222268502,70791.76044026366,-171734.8020828808,70772.9149468953,-171738.43357661384,70788.06519880952,-171735.16150572867,4,20.0
2024-02-08 14:41:13,-0.4589527974443159,70791.76044026366,-171734.8020828808,70772.9149468953,-171738.43357661384,70786.99750559295,-171735.25249590215,5,20.0
2024-02-08 14:41:13,-0.5484018434649306,70791.76044026366,-171734.8020828808,70772.9149468953,-171738.43357661384,70786.2733836671,-171735.30093828792,6,20.0
2024-02-08 14:41:14,-0.6747406769037357,70791.76044026366,-171734.8020828808,70772.9149468953,-171738.43357661384,70785.1660028586,-171735.3856655406,7,20.0
2024-02-08 14:41:14,-0.8086497388833557,70791.76044026366,-171734.8020828808,70772.9149468953,-171738.43357661384,70784.05594405615,-171735.46319933946,9,20.0
2024-02-08 14:41:15,-0.9277012752333325,70791.76044026366,-171734.8020828808,70772.9149468953,-171738.43357661384,70783.3259066166,-171735.4826345446,10,20.0
2024-02-08 14:41:15,-0.9277012752333325,70791.76044026366,-171734.8020828808,70772.9149468953,-171738.43357661384,70783.3259066166,-171735.4826345446,9,20.0
2024-02-08 14:41:16,-1.0824581352670417,70791.76044026366,-171734.8020828808,70772.9149468953,-171738.43357661384,70782.25572713751,-171735.53125233058,11,20.0
2024-02-08 14:41:16,-1.3091273300704631,70791.76044026366,-171734.8020828808,70772.9149468953,-171738.43357661384,70780.42944892433,-171735.6523337131,14,20.0
2024-02-08 14:41:17,-1.4147890158995076,70791.76044026366,-171734.8020828808,70772.9149468953,-171738.43357661384,70779.34513338073,-171735.7536738763,14,20.0
2024-02-08 14:41:18,-1.4808345742615796,70791.76044026366,-171734.8020828808,70772.9149468953,-171738.43357661384,70778.33375129694,-171735.88130483747,15,20.0
2024-02-08 14:41:18,-1.5081728118458115,70791.76044026366,-171734.8020828808,70772.9149468953,-171738.43357661384,70777.64680556719,-171735.98583690115,15,20.0
2024-02-08 14:41:19,-1.4963607842020967,70791.76044026366,-171734.8020828808,70772.9149468953,-171738.43357661384,70776.62048900528,-171736.19563564874,14,20.0
2024-02-08 14:41:19,-1.3973893124660464,70791.76044026366,-171734.8020828808,70772.9149468953,-171738.43357661384,70775.65952214632,-171736.48160454605,13,20.0
2024-02-08 14:41:20,-1.2527751409934935,70791.76044026366,-171734.8020828808,70772.9149468953,-171738.43357661384,70774.71079373482,-171736.81169750812,11,20.0
2024-02-08 14:41:20,-1.083376485119229,70791.76044026366,-171734.8020828808,70772.9149468953,-171738.43357661384,70773.78065717731,-171737.16344829893,9,20.0
2024-02-08 14:41:21,-1.083376485119229,70791.76044026366,-171734.8020828808,70772.9149468953,-171738.43357661384,70773.78065717731,-171737.16344829893,10,20.0
2024-02-08 14:41:21,-0.62123243712281,70791.76044026366,-171734.8020828808,70772.9149468953,-171738.43357661384,70772.34681723945,-171737.91039290678,2,20.0
timestamp,直線との距離:,startx:,starty:,goalx:,goaly:,x:,y:,操作量,sp
2024-02-08 14:41:22,0.0,70771.52594065985,-171738.4230326331,70767.81304474265,-171743.65567093433,70771.52594065985,-171738.4230326331,-1,25.0
2024-02-08 14:41:23,-0.334679093262654,70771.52594065985,-171738.4230326331,70767.81304474265,-171743.65567093433,70770.71775314804,-171738.98367981854,3,25.0
2024-02-08 14:41:23,-0.5535460134954521,70771.52594065985,-171738.4230326331,70767.81304474265,-171743.65567093433,70770.19868049855,-171739.3370028027,5,25.0
2024-02-08 14:41:24,-0.5535460134954521,70771.52594065985,-171738.4230326331,70767.81304474265,-171743.65567093433,70770.19868049855,-171739.3370028027,5,25.0
2024-02-08 14:41:24,-1.2170678224247697,70771.52594065985,-171738.4230326331,70767.81304474265,-171743.65567093433,70768.7371829524,-171740.25011165888,12,25.0
2024-02-08 14:41:25,-1.541036382346122,70771.52594065985,-171738.4230326331,70767.81304474265,-171743.65567093433,70768.09558242117,-171740.5944937564,15,25.0
2024-02-08 14:41:25,-1.992725551387042,70771.52594065985,-171738.4230326331,70767.81304474265,-171743.65567093433,70767.1108607386,-171741.20173349493,20,25.0
2024-02-08 14:41:26,-2.26984369911579,70771.52594065985,-171738.4230326331,70767.81304474265,-171743.65567093433,70766.48372191338,-171741.60669449996,22,25.0
2024-02-08 14:41:26,-2.615642425050997,70771.52594065985,-171738.4230326331,70767.81304474265,-171743.65567093433,70765.5981557192,-171742.2571772738,26,25.0
2024-02-08 14:41:27,-2.795001755217778,70771.52594065985,-171738.4230326331,70767.81304474265,-171743.65567093433,70764.88321777011,-171742.95480729165,28,25.0
2024-02-08 14:41:27,-2.7934063979503807,70771.52594065985,-171738.4230326331,70767.81304474265,-171743.65567093433,70764.75604397277,-171743.13679203883,27,25.0
2024-02-08 14:41:28,-2.3694886963508677,70771.52594065985,-171738.4230326331,70767.81304474265,-171743.65567093433,70764.97275290953,-171743.56393327983,23,25.0
2024-02-08 14:41:28,-1.7175465773862864,70771.52594065985,-171738.4230326331,70767.81304474265,-171743.65567093433,70765.24084641064,-171744.31269580912,16,25.0
2024-02-08 14:41:29,-0.9019982418931339,70771.52594065985,-171738.4230326331,70767.81304474265,-171743.65567093433,70765.71033981562,-171745.06034275136,8,25.0
2024-02-08 14:41:30,-0.2297601417643082,70771.52594065985,-171738.4230326331,70767.81304474265,-171743.65567093433,70766.17154602749,-171745.57202125769,1,25.0
2024-02-08 14:41:30,0.7915805811967962,70771.52594065985,-171738.4230326331,70767.81304474265,-171743.65567093433,70766.95117423458,-171746.23821088063,-9,25.0
2024-02-08 14:41:31,1.910584821494928,70771.52594065985,-171738.4230326331,70767.81304474265,-171743.65567093433,70767.8315736618,-171746.93114989987,-21,25.0
2024-02-08 14:41:31,3.000502858237224,70771.52594065985,-171738.4230326331,70767.81304474265,-171743.65567093433,70768.72593489381,-171747.5541498398,-32,25.0
2024-02-08 14:41:32,3.6917244593312963,70771.52594065985,-171738.4230326331,70767.81304474265,-171743.65567093433,70769.25451698132,-171748.003679041,-38,25.0
2024-02-08 14:41:32,4.650537627654958,70771.52594065985,-171738.4230326331,70767.81304474265,-171743.65567093433,70769.87991070213,-171748.77918263696,-48,25.0
2024-02-08 14:41:33,5.608024061505149,70771.52594065985,-171738.4230326331,70767.81304474265,-171743.65567093433,70770.34117705602,-171749.7837006543,-58,25.0
2024-02-08 14:41:33,6.1549424933657555,70771.52594065985,-171738.4230326331,70767.81304474265,-171743.65567093433,70770.47241608518,-171750.54384767544,-63,25.0
2024-02-08 14:41:34,6.667478747027789,70771.52594065985,-171738.4230326331,70767.81304474265,-171743.65567093433,70770.28107025856,-171751.6992040029,-68,25.0
2024-02-08 14:41:34,6.696549774985651,70771.52594065985,-171738.4230326331,70767.81304474265,-171743.65567093433,70769.8592799069,-171752.3438755699,-67,25.0
2024-02-08 14:41:35,6.252735509875385,70771.52594065985,-171738.4230326331,70767.81304474265,-171743.65567093433,70768.92781720102,-171752.88966490905,-63,25.0
2024-02-08 14:41:36,5.401871719897542,70771.52594065985,-171738.4230326331,70767.81304474265,-171743.65567093433,70767.93173988526,-171752.82311336204,-54,25.0
2024-02-08 14:41:36,4.525454256262932,70771.52594065985,-171738.4230326331,70767.81304474265,-171743.65567093433,70767.27843549063,-171752.22932883893,-45,25.0
2024-02-08 14:41:37,3.884992540104336,70771.52594065985,-171738.4230326331,70767.81304474265,-171743.65567093433,70767.1023248508,-171751.37077226906,-39,25.0
2024-02-08 14:41:37,3.6904624829998514,70771.52594065985,-171738.4230326331,70767.81304474265,-171743.65567093433,70767.2722624098,-171750.79511852175,-37,25.0
2024-02-08 14:41:38,3.7697547646485328,70771.52594065985,-171738.4230326331,70767.81304474265,-171743.65567093433,70767.86056954539,-171750.10302997963,-38,25.0
2024-02-08 14:41:38,4.222467697571942,70771.52594065985,-171738.4230326331,70767.81304474265,-171743.65567093433,70768.66633602063,-171749.74976353993,-43,25.0
2024-02-08 14:41:39,4.672413335384727,70771.52594065985,-171738.4230326331,70767.81304474265,-171743.65567093433,70769.24374103291,-171749.71354820355,-48,25.0
2024-02-08 14:41:39,5.5805171475665905,70771.52594065985,-171738.4230326331,70767.81304474265,-171743.65567093433,70770.16443152995,-171749.98525729062,-57,25.0
2024-02-08 14:41:40,6.61076817554053,70771.52594065985,-171738.4230326331,70767.81304474265,-171743.65567093433,70770.94421447249,-171750.66662632293,-68,25.0
2024-02-08 14:41:40,7.58852691629337,70771.52594065985,-171738.4230326331,70767.81304474265,-171743.65567093433,70771.44070678984,-171751.6565314998,-77,25.0
2024-02-08 14:41:41,8.181088710518441,70771.52594065985,-171738.4230326331,70767.81304474265,-171743.65567093433,70771.39159729294,-171752.74972048006,-83,25.0
2024-02-08 14:41:42,8.22587156946507,70771.52594065985,-171738.4230326331,70767.81304474265,-171743.65567093433,70771.01766054577,-171753.35410214355,-83,25.0
2024-02-08 14:41:42,7.7978280398881274,70771.52594065985,-171738.4230326331,70767.81304474265,-171743.65567093433,70770.17501096944,-171753.80197851406,-78,25.0
2024-02-08 14:41:43,6.985375208876774,70771.52594065985,-171738.4230326331,70767.81304474265,-171743.65567093433,70769.35181215417,-171753.5581629551,-70,25.0
2024-02-08 14:41:43,6.410026931672614,70771.52594065985,-171738.4230326331,70767.81304474265,-171743.65567093433,70768.97811567275,-171753.09058647061,-64,25.0
2024-02-08 14:41:44,5.922629909825253,70771.52594065985,-171738.4230326331,70767.81304474265,-171743.65567093433,70768.978079932,-171752.24838890153,-59,25.0
2024-02-08 14:41:44,6.037916815247505,70771.52594065985,-171738.4230326331,70767.81304474265,-171743.65567093433,70769.51861531519,-171751.6858264075,-61,25.0
2024-02-08 14:41:45,6.657696315005746,70771.52594065985,-171738.4230326331,70767.81304474265,-171743.65567093433,70770.36836071654,-171751.55927972688,-68,25.0
2024-02-08 14:41:45,7.252056270004523,70771.52594065985,-171738.4230326331,70767.81304474265,-171743.65567093433,70770.96759007007,-171751.7418626383,-74,25.0
2024-02-08 14:41:46,8.213007214196624,70771.52594065985,-171738.4230326331,70767.81304474265,-171743.65567093433,70771.63479084443,-171752.4621411349,-84,25.0
2024-02-08 14:41:46,8.865326633795966,70771.52594065985,-171738.4230326331,70767.81304474265,-171743.65567093433,70771.7555491678,-171753.419197272,-90,25.0
2024-02-08 14:41:47,9.04695648354326,70771.52594065985,-171738.4230326331,70767.81304474265,-171743.65567093433,70771.57457498112,-171753.98811285605,-91,25.0
2024-02-08 14:41:47,9.128172688678319,70771.52594065985,-171738.4230326331,70767.81304474265,-171743.65567093433,70771.51622937311,-171754.21068608717,-92,25.0
2024-02-08 14:41:48,9.024033247598515,70771.52594065985,-171738.4230326331,70767.81304474265,-171743.65567093433,70771.605675309,-171753.90467014178,-91,25.0
2024-02-08 14:41:49,9.00435304578964,70771.52594065985,-171738.4230326331,70767.81304474265,-171743.65567093433,70771.59830625213,-171753.8810470271,-91,25.0
2024-02-08 14:41:49,9.064272659789843,70771.52594065985,-171738.4230326331,70767.81304474265,-171743.65567093433,70771.55838244666,-171754.04085650292,-91,25.0
2024-02-08 14:41:50,9.072157680527571,70771.52594065985,-171738.4230326331,70767.81304474265,-171743.65567093433,70771.55581507909,-171754.05810046603,-91,25.0
2024-02-08 14:41:50,9.06185702172003,70771.52594065985,-171738.4230326331,70767.81304474265,-171743.65567093433,70771.53184607468,-171754.07408024764,-91,25.0
2024-02-08 14:41:51,9.06185702172003,70771.52594065985,-171738.4230326331,70767.81304474265,-171743.65567093433,70771.53184607468,-171754.07408024764,-91,25.0
2024-02-08 14:41:51,9.02572630921568,70771.52594065985,-171738.4230326331,70767.81304474265,-171743.65567093433,70771.4716091426,-171754.09653724346,-91,25.0
2024-02-08 14:41:52,9.02572630921568,70771.52594065985,-171738.4230326331,70767.81304474265,-171743.65567093433,70771.4716091426,-171754.09653724346,-91,25.0
2024-02-08 14:41:52,8.951586120191008,70771.52594065985,-171738.4230326331,70767.81304474265,-171743.65567093433,70771.4181505438,-171754.04375904126,-90,25.0
2024-02-08 14:41:53,8.934826313462253,70771.52594065985,-171738.4230326331,70767.81304474265,-171743.65567093433,70771.40380272463,-171754.03501779572,-90,25.0
2024-02-08 14:41:53,8.906437025721038,70771.52594065985,-171738.4230326331,70767.81304474265,-171743.65567093433,70771.37654745157,-171754.02437085213,-90,25.0
2024-02-08 14:41:54,8.896732127423611,70771.52594065985,-171738.4230326331,70767.81304474265,-171743.65567093433,70771.36813406958,-171754.01945737423,-89,25.0
2024-02-08 14:41:54,8.858089225939306,70771.52594065985,-171738.4230326331,70767.81304474265,-171743.65567093433,70771.33840371722,-171753.99457980684,-89,25.0
2024-02-08 14:41:55,8.858089225939306,70771.52594065985,-171738.4230326331,70767.81304474265,-171743.65567093433,70771.33840371722,-171753.99457980684,-89,25.0
2024-02-08 14:41:55,8.853794569809146,70771.52594065985,-171738.4230326331,70767.81304474265,-171743.65567093433,70771.34130344306,-171753.98307178708,-89,25.0
2024-02-08 14:41:56,8.828612757603349,70771.52594065985,-171738.4230326331,70767.81304474265,-171743.65567093433,70771.33613738346,-171753.94683688122,-89,25.0
2024-02-08 14:41:57,8.82461270648585,70771.52594065985,-171738.4230326331,70767.81304474265,-171743.65567093433,70771.32471345231,-171753.95602449303,-89,25.0
2024-02-08 14:41:57,8.811225951966875,70771.52594065985,-171738.4230326331,70767.81304474265,-171743.65567093433,70771.31069423837,-171753.9526489527,-89,25.0
2024-02-08 14:41:58,8.811585505638003,70771.52594065985,-171738.4230326331,70767.81304474265,-171743.65567093433,70771.3063747881,-171753.95935774472,-89,25.0
2024-02-08 14:41:58,8.81285098200171,70771.52594065985,-171738.4230326331,70767.81304474265,-171743.65567093433,70771.29166236591,-171753.982278986,-89,25.0
2024-02-08 14:41:59,8.818610530810869,70771.52594065985,-171738.4230326331,70767.81304474265,-171743.65567093433,70771.28554369755,-171754.00085492065,-89,25.0
2024-02-08 14:41:59,8.819830694037968,70771.52594065985,-171738.4230326331,70767.81304474265,-171743.65567093433,70771.27448026814,-171754.01855527976,-89,25.0
2024-02-08 14:42:00,8.808780429897551,70771.52594065985,-171738.4230326331,70767.81304474265,-171743.65567093433,70771.25739233778,-171754.02354210566,-89,25.0
2024-02-08 14:42:00,8.820846016418507,70771.52594065985,-171738.4230326331,70767.81304474265,-171743.65567093433,70771.25787105397,-171754.04371741824,-89,25.0
2024-02-08 14:42:01,8.833221152242388,70771.52594065985,-171738.4230326331,70767.81304474265,-171743.65567093433,70771.25740887882,-171754.06575366034,-89,25.0
2024-02-08 14:42:01,8.838471123766412,70771.52594065985,-171738.4230326331,70767.81304474265,-171743.65567093433,70771.26574532763,-171754.0630772112,-89,25.0
2024-02-08 14:42:02,8.850914293159976,70771.52594065985,-171738.4230326331,70767.81304474265,-171743.65567093433,70771.26920445368,-171754.07970467204,-89,25.0
2024-02-08 14:42:02,8.850612523435627,70771.52594065985,-171738.4230326331,70767.81304474265,-171743.65567093433,70771.26433287706,-171754.08604878178,-89,25.0
2024-02-08 14:42:03,8.848652011394545,70771.52594065985,-171738.4230326331,70767.81304474265,-171743.65567093433,70771.26402866773,-171754.08308963952,-89,25.0
2024-02-08 14:42:04,8.828483098364597,70771.52594065985,-171738.4230326331,70767.81304474265,-171743.65567093433,70771.23475252533,-171754.0894959806,-89,25.0
2024-02-08 14:42:04,8.62834837753526,70771.52594065985,-171738.4230326331,70767.81304474265,-171743.65567093433,70771.00027915453,-171754.074099291,-87,25.0
2024-02-08 14:42:05,8.360142394274643,70771.52594065985,-171738.4230326331,70767.81304474265,-171743.65567093433,70770.56754241926,-171754.22048729233,-84,25.0
2024-02-08 14:42:05,8.382730717471958,70771.52594065985,-171738.4230326331,70767.81304474265,-171743.65567093433,70770.15402095317,-171754.84230294032,-84,25.0
2024-02-08 14:42:06,8.673670847222237,70771.52594065985,-171738.4230326331,70767.81304474265,-171743.65567093433,70770.11903282904,-171755.39437220915,-88,25.0
2024-02-08 14:42:06,9.107902000458063,70771.52594065985,-171738.4230326331,70767.81304474265,-171743.65567093433,70770.11625809614,-171756.1486571751,-92,25.0
2024-02-08 14:42:07,9.497850489939719,70771.52594065985,-171738.4230326331,70767.81304474265,-171743.65567093433,70770.11555736243,-171756.82349642905,-96,25.0
2024-02-08 14:42:07,9.764215101842417,70771.52594065985,-171738.4230326331,70767.81304474265,-171743.65567093433,70770.14165032578,-171757.24701543147,-98,25.0
2024-02-08 14:42:08,10.1688127027358,70771.52594065985,-171738.4230326331,70767.81304474265,-171743.65567093433,70770.24650539503,-171757.79840779718,-90,25.0
2024-02-08 14:42:08,10.617269309645213,70771.52594065985,-171738.4230326331,70767.81304474265,-171743.65567093433,70770.45633929611,-171758.27764265772,-90,25.0
2024-02-08 14:42:09,10.925679774129813,70771.52594065985,-171738.4230326331,70767.81304474265,-171743.65567093433,70770.63942291253,-171758.55256991216,-90,25.0
2024-02-08 14:42:10,11.332622289792257,70771.52594065985,-171738.4230326331,70767.81304474265,-171743.65567093433,70771.02967703759,-171758.70579736843,-90,25.0
2024-02-08 14:42:10,11.50401559338843,70771.52594065985,-171738.4230326331,70767.81304474265,-171743.65567093433,70771.2791995634,-171758.65031836927,-90,25.0
2024-02-08 14:42:11,11.720318102993136,70771.52594065985,-171738.4230326331,70767.81304474265,-171743.65567093433,70771.58154074606,-171758.59800676064,-90,25.0
2024-02-08 14:42:11,11.928386753020972,70771.52594065985,-171738.4230326331,70767.81304474265,-171743.65567093433,70771.8600837721,-171758.56500569417,-90,25.0
2024-02-08 14:42:12,12.170302393311205,70771.52594065985,-171738.4230326331,70767.81304474265,-171743.65567093433,70772.25505791215,-171758.4264059594,-90,25.0
2024-02-08 14:42:12,12.419654325398502,70771.52594065985,-171738.4230326331,70767.81304474265,-171743.65567093433,70772.64664585832,-171758.3054287442,-90,25.0
2024-02-08 14:42:13,12.52676561817661,70771.52594065985,-171738.4230326331,70767.81304474265,-171743.65567093433,70772.87248369938,-171758.17224618758,-90,25.0
2024-02-08 14:42:13,12.483816341005188,70771.52594065985,-171738.4230326331,70767.81304474265,-171743.65567093433,70772.96393260255,-171757.9691472843,-90,25.0
2024-02-08 14:42:14,12.339686818077187,70771.52594065985,-171738.4230326331,70767.81304474265,-171743.65567093433,70772.75191940692,-171758.01887709904,-90,25.0
2024-02-08 14:42:14,12.225922875122745,70771.52594065985,-171738.4230326331,70767.81304474265,-171743.65567093433,70772.4744642902,-171758.21330850132,-90,25.0
2024-02-08 14:42:15,11.89866553882903,70771.52594065985,-171738.4230326331,70767.81304474265,-171743.65567093433,70772.06909469425,-171758.21908372032,-90,25.0
2024-02-08 14:42:15,11.51885151378421,70771.52594065985,-171738.4230326331,70767.81304474265,-171743.65567093433,70771.60212305219,-171758.2208548509,-90,25.0
2024-02-08 14:42:16,10.918224741692484,70771.52594065985,-171738.4230326331,70767.81304474265,-171743.65567093433,70770.86084915379,-171758.22762799292,-90,25.0
2024-02-08 14:42:16,10.635145137776174,70771.52594065985,-171738.4230326331,70767.81304474265,-171743.65567093433,70770.54126875437,-171758.18884071536,-90,25.0
2024-02-08 14:42:17,10.320434382197014,70771.52594065985,-171738.4230326331,70767.81304474265,-171743.65567093433,70770.28305315485,-171758.00891082152,-90,25.0
2024-02-08 14:42:18,10.235140306108338,70771.52594065985,-171738.4230326331,70767.81304474265,-171743.65567093433,70770.36931003768,-171757.73995504665,-90,25.0
2024-02-08 14:42:18,10.129929801835113,70771.52594065985,-171738.4230326331,70767.81304474265,-171743.65567093433,70770.42832277049,-171757.47497820368,-90,25.0
2024-02-08 14:42:19,9.8403189438358,70771.52594065985,-171738.4230326331,70767.81304474265,-171743.65567093433,70770.40845201885,-171757.00251939977,-99,25.0
2024-02-08 14:42:19,9.8403189438358,70771.52594065985,-171738.4230326331,70767.81304474265,-171743.65567093433,70770.40845201885,-171757.00251939977,-99,25.0
2024-02-08 14:42:20,9.348622979103595,70771.52594065985,-171738.4230326331,70767.81304474265,-171743.65567093433,70770.2670820324,-171756.3520774403,-93,25.0
2024-02-08 14:42:20,9.164177462370288,70771.52594065985,-171738.4230326331,70767.81304474265,-171743.65567093433,70770.21063714987,-171756.1128943868,-92,25.0
2024-02-08 14:42:21,8.99016956515181,70771.52594065985,-171738.4230326331,70767.81304474265,-171743.65567093433,70770.19857536344,-171755.82919835031,-90,25.0
2024-02-08 14:42:21,8.601573140577855,70771.52594065985,-171738.4230326331,70767.81304474265,-171743.65567093433,70770.05182145741,-171755.3645055081,-86,25.0
2024-02-08 14:42:22,8.21965506339904,70771.52594065985,-171738.4230326331,70767.81304474265,-171743.65567093433,70769.93938264987,-171754.86299243674,-82,25.0
2024-02-08 14:42:22,7.979871939800503,70771.52594065985,-171738.4230326331,70767.81304474265,-171743.65567093433,70769.86765342178,-171754.54972351046,-80,25.0
2024-02-08 14:42:23,7.654383764653188,70771.52594065985,-171738.4230326331,70767.81304474265,-171743.65567093433,70769.80214925247,-171754.0795786374,-77,25.0
2024-02-08 14:42:23,7.381301619127822,70771.52594065985,-171738.4230326331,70767.81304474265,-171743.65567093433,70769.83339047342,-171753.56364947898,-74,25.0
2024-02-08 14:42:24,7.119464546025931,70771.52594065985,-171738.4230326331,70767.81304474265,-171743.65567093433,70769.79277662045,-171753.16841880526,-71,25.0
2024-02-08 14:42:24,6.7397953627567295,70771.52594065985,-171738.4230326331,70767.81304474265,-171743.65567093433,70769.7786502595,-171752.53223877892,-68,25.0
2024-02-08 14:42:25,6.3563067674642815,70771.52594065985,-171738.4230326331,70767.81304474265,-171743.65567093433,70769.76351169917,-171751.8908851131,-64,25.0
2024-02-08 14:42:26,6.12350895990138,70771.52594065985,-171738.4230326331,70767.81304474265,-171743.65567093433,70769.8063978991,-171751.42815799158,-62,25.0
2024-02-08 14:42:26,5.6883410168399084,70771.52594065985,-171738.4230326331,70767.81304474265,-171743.65567093433,70769.76143905766,-171750.73952582476,-57,25.0
2024-02-08 14:42:27,5.254458314336709,70771.52594065985,-171738.4230326331,70767.81304474265,-171743.65567093433,70769.73421057576,-171750.0281269678,-53,25.0
2024-02-08 14:42:27,4.982294303452912,70771.52594065985,-171738.4230326331,70767.81304474265,-171743.65567093433,70769.71193762717,-171749.58920269343,-50,25.0
2024-02-08 14:42:28,4.61593445021513,70771.52594065985,-171738.4230326331,70767.81304474265,-171743.65567093433,70769.70736830244,-171748.9625530259,-46,25.0
2024-02-08 14:42:28,4.229605222468078,70771.52594065985,-171738.4230326331,70767.81304474265,-171743.65567093433,70769.70380589335,-171748.2999761577,-42,25.0
2024-02-08 14:42:29,3.9508122952564535,70771.52594065985,-171738.4230326331,70767.81304474265,-171743.65567093433,70769.66884703893,-171747.8674751958,-40,25.0
2024-02-08 14:42:29,3.540947066619985,70771.52594065985,-171738.4230326331,70767.81304474265,-171743.65567093433,70769.58593497722,-171747.2760554894,-35,25.0
2024-02-08 14:42:30,3.301783572957985,70771.52594065985,-171738.4230326331,70767.81304474265,-171743.65567093433,70769.58748232012,-171746.8605875777,-33,25.0
2024-02-08 14:42:30,3.2030069804194437,70771.52594065985,-171738.4230326331,70767.81304474265,-171743.65567093433,70769.61037872515,-171746.6576281427,-32,25.0
2024-02-08 14:42:31,3.0991106995235023,70771.52594065985,-171738.4230326331,70767.81304474265,-171743.65567093433,70769.5823602684,-171746.51757667074,-31,25.0
2024-02-08 14:42:31,3.059583126687743,70771.52594065985,-171738.4230326331,70767.81304474265,-171743.65567093433,70769.5830294414,-171746.44832785035,-31,25.0
2024-02-08 14:42:32,3.11620013277473,70771.52594065985,-171738.4230326331,70767.81304474265,-171743.65567093433,70769.6845786294,-171746.40305029385,-32,25.0
2024-02-08 14:42:33,3.1115594804279634,70771.52594065985,-171738.4230326331,70767.81304474265,-171743.65567093433,70769.73640634799,-171746.32198944135,-32,25.0
2024-02-08 14:42:33,3.0310380642353216,70771.52594065985,-171738.4230326331,70767.81304474265,-171743.65567093433,70769.77218942791,-171746.13241454196,-31,25.0
2024-02-08 14:42:34,2.8735445108929776,70771.52594065985,-171738.4230326331,70767.81304474265,-171743.65567093433,70769.77284910335,-171745.8593276272,-29,25.0
2024-02-08 14:42:34,2.8213011260266945,70771.52594065985,-171738.4230326331,70767.81304474265,-171743.65567093433,70769.79817119865,-171745.7333614858,-29,25.0
2024-02-08 14:42:35,2.7480447696567154,70771.52594065985,-171738.4230326331,70767.81304474265,-171743.65567093433,70769.82069723825,-171745.57502433567,-28,25.0
2024-02-08 14:42:35,2.670665639264967,70771.52594065985,-171738.4230326331,70767.81304474265,-171743.65567093433,70769.83098617876,-171745.42680873506,-27,25.0
2024-02-08 14:42:36,2.582666712894804,70771.52594065985,-171738.4230326331,70767.81304474265,-171743.65567093433,70769.78012704059,-171745.34641844098,-26,25.0
2024-02-08 14:42:36,2.5287932505542776,70771.52594065985,-171738.4230326331,70767.81304474265,-171743.65567093433,70769.7678418621,-171745.2706359179,-26,25.0
2024-02-08 14:42:37,2.5187001305095715,70771.52594065985,-171738.4230326331,70767.81304474265,-171743.65567093433,70769.80592256594,-171745.1995267798,-26,25.0
2024-02-08 14:42:37,2.4685523492017016,70771.52594065985,-171738.4230326331,70767.81304474265,-171743.65567093433,70769.80803045607,-171745.10989807014,-25,25.0
2024-02-08 14:42:38,2.2107052928348727,70771.52594065985,-171738.4230326331,70767.81304474265,-171743.65567093433,70769.66556232401,-171744.8651070765,-22,25.0
2024-02-08 14:42:39,2.131148970858377,70771.52594065985,-171738.4230326331,70767.81304474265,-171743.65567093433,70769.65053562817,-171744.74880686827,-22,25.0
2024-02-08 14:42:39,1.9719534778865615,70771.52594065985,-171738.4230326331,70767.81304474265,-171743.65567093433,70769.62196775222,-171744.51396972538,-20,25.0
2024-02-08 14:42:40,1.8990632740426596,70771.52594065985,-171738.4230326331,70767.81304474265,-171743.65567093433,70769.56542175905,-171744.46770267384,-19,25.0
2024-02-08 14:42:40,1.846636682421701,70771.52594065985,-171738.4230326331,70767.81304474265,-171743.65567093433,70769.54261778833,-171744.40924470732,-19,25.0
2024-02-08 14:42:41,1.7773316291114383,70771.52594065985,-171738.4230326331,70767.81304474265,-171743.65567093433,70769.52993095353,-171744.30736163558,-18,25.0
2024-02-08 14:42:41,1.7206446300591822,70771.52594065985,-171738.4230326331,70767.81304474265,-171743.65567093433,70769.61843898875,-171744.0846678273,-18,25.0
2024-02-08 14:42:42,1.6148974674441505,70771.52594065985,-171738.4230326331,70767.81304474265,-171743.65567093433,70769.62147921271,-171743.8976464822,-17,25.0
2024-02-08 14:42:42,1.577877744151958,70771.52594065985,-171738.4230326331,70767.81304474265,-171743.65567093433,70769.64774008167,-171743.79666460914,-16,25.0
2024-02-08 14:42:43,1.5460100912186827,70771.52594065985,-171738.4230326331,70767.81304474265,-171743.65567093433,70769.65165059114,-171743.73608447443,-16,25.0
2024-02-08 14:42:43,1.445218472663135,70771.52594065985,-171738.4230326331,70767.81304474265,-171743.65567093433,70769.57718498801,-171743.66685666383,-15,25.0
2024-02-08 14:42:44,1.217429462244203,70771.52594065985,-171738.4230326331,70767.81304474265,-171743.65567093433,70769.43293795471,-171743.47651460138,-12,25.0
2024-02-08 14:42:44,1.0646183722308804,70771.52594065985,-171738.4230326331,70767.81304474265,-171743.65567093433,70769.30904561955,-171743.3870521948,-11,25.0
2024-02-08 14:42:45,0.938933279346823,70771.52594065985,-171738.4230326331,70767.81304474265,-171743.65567093433,70769.20846657304,-171743.31160919464,-10,25.0
2024-02-08 14:42:46,0.9045358110248334,70771.52594065985,-171738.4230326331,70767.81304474265,-171743.65567093433,70769.1729969925,-171743.30215633908,-10,25.0
timestamp,直線との距離:,startx:,starty:,goalx:,goaly:,x:,y:,操作量,sp
2024-02-08 14:42:46,0.0,70769.15136822834,-171743.29200777426,70767.4504649894,-171758.08261034725,70769.15136822834,-171743.29200777426,6,35.0
2024-02-08 14:42:47,-0.11963332462544142,70769.15136822834,-171743.29200777426,70767.4504649894,-171758.08261034725,70769.03577245683,-171743.2500420277,2,35.0
2024-02-08 14:42:47,-0.11963332462544142,70769.15136822834,-171743.29200777426,70767.4504649894,-171758.08261034725,70769.03577245683,-171743.2500420277,1,35.0
2024-02-08 14:42:48,-0.38217975829915735,70769.15136822834,-171743.29200777426,70767.4504649894,-171758.08261034725,70768.77937247236,-171743.18154744516,5,35.0
2024-02-08 14:42:48,-0.4529879900153457,70769.15136822834,-171743.29200777426,70767.4504649894,-171758.08261034725,70768.71374830052,-171743.1324101758,5,35.0
2024-02-08 14:42:49,-0.312944458881697,70769.15136822834,-171743.29200777426,70767.4504649894,-171758.08261034725,70768.8297481685,-171743.34951346004,2,35.0
2024-02-08 14:42:49,-0.2447262379439314,70769.15136822834,-171743.29200777426,70767.4504649894,-171758.08261034725,70768.88457700955,-171743.46985357668,1,35.0
2024-02-08 14:42:50,-0.12113285680821297,70769.15136822834,-171743.29200777426,70767.4504649894,-171758.08261034725,70769.01032380993,-171743.458211226,0,35.0
2024-02-08 14:42:50,0.017748022776384993,70769.15136822834,-171743.29200777426,70767.4504649894,-171758.08261034725,70769.1596193984,-171743.3756070316,-2,35.0
2024-02-08 14:42:51,0.13395249877029958,70769.15136822834,-171743.29200777426,70767.4504649894,-171758.08261034725,70769.28060568824,-171743.3406853974,-3,35.0
2024-02-08 14:42:52,0.13173846177558143,70769.15136822834,-171743.29200777426,70767.4504649894,-171758.08261034725,70769.27362106927,-171743.3820422227,-2,35.0
2024-02-08 14:42:52,0.09114927094678171,70769.15136822834,-171743.29200777426,70767.4504649894,-171758.08261034725,70769.23301510907,-171743.37986185378,-1,35.0
2024-02-08 14:42:53,0.0824239622528946,70769.15136822834,-171743.29200777426,70767.4504649894,-171758.08261034725,70769.22398757348,-171743.3819898859,-1,35.0
2024-02-08 14:42:53,0.11626985668741577,70769.15136822834,-171743.29200777426,70767.4504649894,-171758.08261034725,70769.24703347209,-171743.4778435082,-2,35.0
2024-02-08 14:42:54,0.15202190217088563,70769.15136822834,-171743.29200777426,70767.4504649894,-171758.08261034725,70769.2761568749,-171743.5375333945,-2,35.0
2024-02-08 14:42:54,0.13024616544694198,70769.15136822834,-171743.29200777426,70767.4504649894,-171758.08261034725,70769.22927273635,-171743.754621404,-2,35.0
2024-02-08 14:42:55,0.19434990516296935,70769.15136822834,-171743.29200777426,70767.4504649894,-171758.08261034725,70769.2962402998,-171743.7333921777,-3,35.0
2024-02-08 14:42:55,0.19603926813352376,70769.15136822834,-171743.29200777426,70767.4504649894,-171758.08261034725,70769.30431615926,-171743.67795371957,-2,35.0
2024-02-08 14:42:56,0.22137227985170377,70769.15136822834,-171743.29200777426,70767.4504649894,-171758.08261034725,70769.32654196513,-171743.70642500618,-3,35.0
2024-02-08 14:42:56,0.24064857433869483,70769.15136822834,-171743.29200777426,70767.4504649894,-171758.08261034725,70769.34285586231,-171743.73328996194,-3,35.0
2024-02-08 14:42:57,0.2693303600439701,70769.15136822834,-171743.29200777426,70767.4504649894,-171758.08261034725,70769.36888275923,-171743.75801993968,-3,35.0
2024-02-08 14:42:57,0.31833629854050144,70769.15136822834,-171743.29200777426,70767.4504649894,-171758.08261034725,70769.4105529815,-171743.82461793834,-4,35.0
2024-02-08 14:42:58,0.41474921726202596,70769.15136822834,-171743.29200777426,70767.4504649894,-171758.08261034725,70769.50296118984,-171743.8649673179,-5,35.0
2024-02-08 14:42:59,0.4191832907926512,70769.15136822834,-171743.29200777426,70767.4504649894,-171758.08261034725,70769.51088283003,-171743.83489448443,-5,35.0
2024-02-08 14:42:59,0.4337771263627805,70769.15136822834,-171743.29200777426,70767.4504649894,-171758.08261034725,70769.5260589359,-171743.83066759811,-5,35.0
2024-02-08 14:43:00,0.47533846355076104,70769.15136822834,-171743.29200777426,70767.4504649894,-171758.08261034725,70769.56498013598,-171743.8560074339,-6,35.0
2024-02-08 14:43:00,0.5228588803826777,70769.15136822834,-171743.29200777426,70767.4504649894,-171758.08261034725,70769.61156931054,-171743.86682869284,-6,35.0
2024-02-08 14:43:01,0.5618820804117236,70769.15136822834,-171743.29200777426,70767.4504649894,-171758.08261034725,70769.64927554989,-171743.88051707586,-6,35.0
2024-02-08 14:43:01,0.5783794791206885,70769.15136822834,-171743.29200777426,70767.4504649894,-171758.08261034725,70769.66926892863,-171743.8510624385,-6,35.0
2024-02-08 14:43:02,0.627410731921399,70769.15136822834,-171743.29200777426,70767.4504649894,-171758.08261034725,70769.72215537612,-171743.82034870036,-7,35.0
2024-02-08 14:43:02,0.6441227510647138,70769.15136822834,-171743.29200777426,70767.4504649894,-171758.08261034725,70769.73460614668,-171743.85836116152,-7,35.0
2024-02-08 14:43:03,0.6451311217282873,70769.15136822834,-171743.29200777426,70767.4504649894,-171758.08261034725,70769.72927028507,-171743.91358670985,-7,35.0
2024-02-08 14:43:03,0.6374796835060962,70769.15136822834,-171743.29200777426,70767.4504649894,-171758.08261034725,70769.71655025402,-171743.95722333767,-7,35.0
2024-02-08 14:43:04,0.6410293199760052,70769.15136822834,-171743.29200777426,70767.4504649894,-171758.08261034725,70769.71507564641,-171744.0011162608,-7,35.0
2024-02-08 14:43:04,0.6800323774779043,70769.15136822834,-171743.29200777426,70767.4504649894,-171758.08261034725,70769.74408611872,-171744.09024441493,-8,35.0
2024-02-08 14:43:05,0.7268678541298697,70769.15136822834,-171743.29200777426,70767.4504649894,-171758.08261034725,70769.78318534332,-171744.16020097618,-8,35.0
2024-02-08 14:43:06,0.7515661651988409,70769.15136822834,-171743.29200777426,70767.4504649894,-171758.08261034725,70769.80334337172,-171744.20109754274,-8,35.0
2024-02-08 14:43:06,0.8495045137311399,70769.15136822834,-171743.29200777426,70767.4504649894,-171758.08261034725,70769.89121389667,-171744.2942575668,-10,35.0
2024-02-08 14:43:07,0.9981656821871931,70769.15136822834,-171743.29200777426,70767.4504649894,-171758.08261034725,70770.02429668792,-171744.43824285592,-12,35.0
2024-02-08 14:43:07,1.063191330633556,70769.15136822834,-171743.29200777426,70767.4504649894,-171758.08261034725,70770.08415732099,-171744.48688311604,-12,35.0
2024-02-08 14:43:08,1.1073813634272565,70769.15136822834,-171743.29200777426,70767.4504649894,-171758.08261034725,70770.12581289253,-171744.5114546749,-12,35.0
2024-02-08 14:43:08,1.241573153163852,70769.15136822834,-171743.29200777426,70767.4504649894,-171758.08261034725,70770.25166784378,-171744.59164021883,-14,35.0
2024-02-08 14:43:09,1.386243351527159,70769.15136822834,-171743.29200777426,70767.4504649894,-171758.08261034725,70770.38644126759,-171744.68599107637,-15,35.0
2024-02-08 14:43:09,1.4665742132908945,70769.15136822834,-171743.29200777426,70767.4504649894,-171758.08261034725,70770.46166201796,-171744.73503105706,-16,35.0
2024-02-08 14:43:10,1.6220593153615128,70769.15136822834,-171743.29200777426,70767.4504649894,-171758.08261034725,70770.60449934637,-171744.85392368023,-18,35.0
2024-02-08 14:43:10,1.7075969047094826,70769.15136822834,-171743.29200777426,70767.4504649894,-171758.08261034725,70770.6840506839,-171744.91088074577,-18,35.0
2024-02-08 14:43:11,1.8360515911761437,70769.15136822834,-171743.29200777426,70767.4504649894,-171758.08261034725,70770.80275978081,-171745.002987618,-20,35.0
2024-02-08 14:43:11,1.9608083378836405,70769.15136822834,-171743.29200777426,70767.4504649894,-171758.08261034725,70770.92356139411,-171745.04453029108,-21,35.0
2024-02-08 14:43:12,1.9608083378836405,70769.15136822834,-171743.29200777426,70767.4504649894,-171758.08261034725,70770.92356139411,-171745.04453029108,-20,35.0
2024-02-08 14:43:12,2.0950702679376887,70769.15136822834,-171743.29200777426,70767.4504649894,-171758.08261034725,70771.05219411927,-171745.1011749927,-22,35.0
2024-02-08 14:43:13,2.2323285600274385,70769.15136822834,-171743.29200777426,70767.4504649894,-171758.08261034725,70771.18220516943,-171745.1720614377,-24,35.0
2024-02-08 14:43:14,2.278912530013955,70769.15136822834,-171743.29200777426,70767.4504649894,-171758.08261034725,70771.22544195842,-171745.20383738942,-24,35.0
2024-02-08 14:43:14,2.3550108673413477,70769.15136822834,-171743.29200777426,70767.4504649894,-171758.08261034725,70771.29452154122,-171745.26923185523,-25,35.0
2024-02-08 14:43:15,2.4339556526413064,70769.15136822834,-171743.29200777426,70767.4504649894,-171758.08261034725,70771.36143918314,-171745.37834107102,-25,35.0
2024-02-08 14:43:15,2.4862726551462715,70769.15136822834,-171743.29200777426,70767.4504649894,-171758.08261034725,70771.41207351297,-171745.39597146408,-26,35.0
2024-02-08 14:43:16,2.5257208614633777,70769.15136822834,-171743.29200777426,70767.4504649894,-171758.08261034725,70771.45057042605,-171745.4065044577,-26,35.0
2024-02-08 14:43:16,2.570764323491667,70769.15136822834,-171743.29200777426,70767.4504649894,-171758.08261034725,70771.48649951981,-171745.48834204985,-27,35.0
2024-02-08 14:43:17,2.589095999612231,70769.15136822834,-171743.29200777426,70767.4504649894,-171758.08261034725,70771.49996437135,-171745.53171326252,-27,35.0
2024-02-08 14:43:17,2.6034975568923535,70769.15136822834,-171743.29200777426,70767.4504649894,-171758.08261034725,70771.5156288068,-171745.52155697145,-27,35.0
2024-02-08 14:43:18,2.5994333256817423,70769.15136822834,-171743.29200777426,70767.4504649894,-171758.08261034725,70771.51189538144,-171745.51844744812,-26,35.0
2024-02-08 14:43:19,2.618559833413006,70769.15136822834,-171743.29200777426,70767.4504649894,-171758.08261034725,70771.53033910335,-171745.52548092385,-27,35.0
