timestamp,直線との距離:,startx:,starty:,goalx:,goaly:,x:,y:,操作量,sp
2024-02-08 14:22:38,0.0,70788.54298634686,-171729.45159854327,70772.9149468953,-171738.43357661384,70788.54298634686,-171729.45159854327,0,20.0
timestamp,直線との距離:,startx:,starty:,goalx:,goaly:,x:,y:,操作量,sp
2024-02-08 14:22:38,0.0,70788.54298634686,-171729.45159854327,70772.9149468953,-171738.43357661384,70788.54298634686,-171729.45159854327,0,20.0
2024-02-08 14:22:38,0.0,70788.54298634686,-171729.45159854327,70772.9149468953,-171738.43357661384,70788.54298634686,-171729.45159854327,0,20.0
2024-02-08 14:22:39,-0.3558731752043029,70788.54298634686,-171729.45159854327,70772.9149468953,-171738.43357661384,70787.7674532566,-171729.4868620457,6,20.0
2024-02-08 14:22:40,-0.7032091090859346,70788.54298634686,-171729.45159854327,70772.9149468953,-171738.43357661384,70786.96148528779,-171729.5494643436,9,20.0
2024-02-08 14:22:40,-0.9464460987587177,70788.54298634686,-171729.45159854327,70772.9149468953,-171738.43357661384,70786.37932682148,-171729.6035027371,11,20.0
2024-02-08 14:22:41,-1.2852336027719011,70788.54298634686,-171729.45159854327,70772.9149468953,-171738.43357661384,70785.4862178292,-171729.72604772984,15,20.0
2024-02-08 14:22:41,-1.5505014788667215,70788.54298634686,-171729.45159854327,70772.9149468953,-171738.43357661384,70784.84069024949,-171729.79109624302,17,20.0
2024-02-08 14:22:42,-1.7990575646345333,70788.54298634686,-171729.45159854327,70772.9149468953,-171738.43357661384,70784.18077143909,-171729.88369119307,19,20.0
2024-02-08 14:22:42,-2.1336400672684577,70788.54298634686,-171729.45159854327,70772.9149468953,-171738.43357661384,70783.2221446516,-171730.04874157015,23,20.0
2024-02-08 14:22:43,-2.3199094572537238,70788.54298634686,-171729.45159854327,70772.9149468953,-171738.43357661384,70782.61011424739,-171730.18565455193,24,20.0
2024-02-08 14:22:43,-2.55234956113952,70788.54298634686,-171729.45159854327,70772.9149468953,-171738.43357661384,70781.71619673682,-171730.43132479058,27,20.0
2024-02-08 14:22:44,-2.7325504360868558,70788.54298634686,-171729.45159854327,70772.9149468953,-171738.43357661384,70780.83324625003,-171730.7309443659,28,20.0
2024-02-08 14:22:44,-2.8288549865131776,70788.54298634686,-171729.45159854327,70772.9149468953,-171738.43357661384,70780.31154670958,-171730.91970605555,28,20.0
2024-02-08 14:22:45,-2.731568245778306,70788.54298634686,-171729.45159854327,70772.9149468953,-171738.43357661384,70779.66001012191,-171731.4063768464,26,20.0
2024-02-08 14:22:45,-2.5306601991689712,70788.54298634686,-171729.45159854327,70772.9149468953,-171738.43357661384,70779.10932296957,-171731.9546022564,23,20.0
2024-02-08 14:22:46,-2.3637552557570993,70788.54298634686,-171729.45159854327,70772.9149468953,-171738.43357661384,70778.75248680213,-171732.35219574993,22,20.0
2024-02-08 14:22:47,-2.0009407387586093,70788.54298634686,-171729.45159854327,70772.9149468953,-171738.43357661384,70778.30891541661,-171733.0256001191,17,20.0
2024-02-08 14:22:47,-1.538435624415233,70788.54298634686,-171729.45159854327,70772.9149468953,-171738.43357661384,70777.96832880356,-171733.75479819515,12,20.0
2024-02-08 14:22:48,-0.9803691962561644,70788.54298634686,-171729.45159854327,70772.9149468953,-171738.43357661384,70777.70655153457,-171734.54892174294,5,20.0
2024-02-08 14:22:48,-0.5613678098933118,70788.54298634686,-171729.45159854327,70772.9149468953,-171738.43357661384,70777.59746429455,-171735.09489209056,2,20.0
2024-02-08 14:22:49,0.10056121655069014,70788.54298634686,-171729.45159854327,70772.9149468953,-171738.43357661384,70777.43735717906,-171735.95037686764,-6,20.0
2024-02-08 14:22:49,0.764126247819917,70788.54298634686,-171729.45159854327,70772.9149468953,-171738.43357661384,70777.32879547325,-171736.77812366403,-13,20.0
2024-02-08 14:22:50,1.1972903430706372,70788.54298634686,-171729.45159854327,70772.9149468953,-171738.43357661384,70777.26962716514,-171737.31173906245,-16,20.0
2024-02-08 14:22:50,1.8536522435467906,70788.54298634686,-171729.45159854327,70772.9149468953,-171738.43357661384,70777.16602527675,-171738.12832722397,-24,20.0
2024-02-08 14:22:51,2.451330390359527,70788.54298634686,-171729.45159854327,70772.9149468953,-171738.43357661384,70776.99303926174,-171738.91710730776,-29,20.0
2024-02-08 14:22:51,2.8202787221198515,70788.54298634686,-171729.45159854327,70772.9149468953,-171738.43357661384,70776.85515318465,-171739.4218984049,-31,20.0
2024-02-08 14:22:52,3.1255815530607376,70788.54298634686,-171729.45159854327,70772.9149468953,-171738.43357661384,70776.6692265078,-171739.88089170228,-34,20.0
2024-02-08 14:22:52,3.7220337822025362,70788.54298634686,-171729.45159854327,70772.9149468953,-171738.43357661384,70776.03957619962,-171740.93071867822,-42,20.0
2024-02-08 14:22:53,3.7220337822025362,70788.54298634686,-171729.45159854327,70772.9149468953,-171738.43357661384,70776.03957619962,-171740.93071867822,-38,20.0
2024-02-08 14:22:54,3.854586519607205,70788.54298634686,-171729.45159854327,70772.9149468953,-171738.43357661384,70774.79507589426,-171741.79886197572,-40,20.0
2024-02-08 14:22:54,3.7302914064481865,70788.54298634686,-171729.45159854327,70772.9149468953,-171738.43357661384,70774.31489824553,-171741.93147541356,-37,20.0
2024-02-08 14:22:55,3.3863474917258904,70788.54298634686,-171729.45159854327,70772.9149468953,-171738.43357661384,70773.59948034598,-171741.94594777387,-32,20.0
2024-02-08 14:22:55,2.8857910412368457,70788.54298634686,-171729.45159854327,70772.9149468953,-171738.43357661384,70772.84121167818,-171741.80441184193,-26,20.0
2024-02-08 14:22:56,2.5010074560167084,70788.54298634686,-171729.45159854327,70772.9149468953,-171738.43357661384,70772.38077054088,-171741.6252359119,-23,20.0
2024-02-08 14:22:56,1.829416853327293,70788.54298634686,-171729.45159854327,70772.9149468953,-171738.43357661384,70771.76759616433,-171741.20303930162,-14,20.0
2024-02-08 14:22:57,1.0993635081869844,70788.54298634686,-171729.45159854327,70772.9149468953,-171738.43357661384,70771.24452709791,-171740.66162539794,-6,20.0
2024-02-08 14:22:57,0.3069729936263016,70788.54298634686,-171729.45159854327,70772.9149468953,-171738.43357661384,70770.81151831005,-171739.99655133724,2,20.0
2024-02-08 14:22:58,0.3069729936263016,70788.54298634686,-171729.45159854327,70772.9149468953,-171738.43357661384,70770.81151831005,-171739.99655133724,-4,20.0
2024-02-08 14:22:58,-0.2224385574774122,70788.54298634686,-171729.45159854327,70772.9149468953,-171738.43357661384,70770.55700168676,-171739.53221024713,5,20.0
2024-02-08 14:22:59,-1.7270577903631792,70788.54298634686,-171729.45159854327,70772.9149468953,-171738.43357661384,70769.91901436592,-171738.16346342073,27,20.0
2024-02-08 14:22:59,-2.2478765202433095,70788.54298634686,-171729.45159854327,70772.9149468953,-171738.43357661384,70769.70303812638,-171737.68688274827,26,20.0
2024-02-08 14:23:00,-3.0157646662801114,70788.54298634686,-171729.45159854327,70772.9149468953,-171738.43357661384,70769.36041762072,-171736.9981203066,35,20.0
2024-02-08 14:23:01,-3.707304464232315,70788.54298634686,-171729.45159854327,70772.9149468953,-171738.43357661384,70768.95734355011,-171736.4321624372,41,20.0
2024-02-08 14:23:01,-4.188169474629984,70788.54298634686,-171729.45159854327,70772.9149468953,-171738.43357661384,70768.55508244649,-171736.10872857945,45,20.0
2024-02-08 14:23:02,-4.677703743146151,70788.54298634686,-171729.45159854327,70772.9149468953,-171738.43357661384,70768.12232273168,-171735.79282425562,50,20.0
2024-02-08 14:23:02,-5.112764245203251,70788.54298634686,-171729.45159854327,70772.9149468953,-171738.43357661384,70767.60540926014,-171735.58811579528,54,20.0
2024-02-08 14:23:03,-5.638162712454169,70788.54298634686,-171729.45159854327,70772.9149468953,-171738.43357661384,70766.81836318296,-171735.43446658333,60,20.0
2024-02-08 14:23:03,-5.941617267552345,70788.54298634686,-171729.45159854327,70772.9149468953,-171738.43357661384,70766.09482879729,-171735.5003039966,61,20.0
2024-02-08 14:23:04,-5.965595947229069,70788.54298634686,-171729.45159854327,70772.9149468953,-171738.43357661384,70765.4526501929,-171735.8417294961,59,20.0
2024-02-08 14:23:04,-5.809210561807903,70788.54298634686,-171729.45159854327,70772.9149468953,-171738.43357661384,70765.14121949683,-171736.20109367944,56,20.0
2024-02-08 14:23:05,-5.438866329679691,70788.54298634686,-171729.45159854327,70772.9149468953,-171738.43357661384,70764.85272249558,-171736.79405613997,51,20.0
2024-02-08 14:23:05,-4.936866208517008,70788.54298634686,-171729.45159854327,70772.9149468953,-171738.43357661384,70764.7961253534,-171737.40558892975,45,20.0
2024-02-08 14:23:06,-4.560923931820458,70788.54298634686,-171729.45159854327,70772.9149468953,-171738.43357661384,70764.8591094802,-171737.8029997125,42,20.0
2024-02-08 14:23:07,-3.983334932045197,70788.54298634686,-171729.45159854327,70772.9149468953,-171738.43357661384,70765.08842235275,-171738.3373939048,35,20.0
2024-02-08 14:23:07,-3.3458673104206036,70788.54298634686,-171729.45159854327,70772.9149468953,-171738.43357661384,70765.50695274933,-171738.83210190662,28,20.0
2024-02-08 14:23:08,-2.7159078432286563,70788.54298634686,-171729.45159854327,70772.9149468953,-171738.43357661384,70766.04426130951,-171739.24988409682,22,20.0
2024-02-08 14:23:08,-2.318104719329354,70788.54298634686,-171729.45159854327,70772.9149468953,-171738.43357661384,70766.47227451309,-171739.4627141599,20,20.0
2024-02-08 14:23:09,-1.7508335581117915,70788.54298634686,-171729.45159854327,70772.9149468953,-171738.43357661384,70767.18319952367,-171739.70840855452,13,20.0
2024-02-08 14:23:09,-1.2912340748349516,70788.54298634686,-171729.45159854327,70772.9149468953,-171738.43357661384,70767.88796585158,-171739.8334545806,9,20.0
2024-02-08 14:23:10,-0.9999766093104768,70788.54298634686,-171729.45159854327,70772.9149468953,-171738.43357661384,70768.372128754,-171739.89112422554,7,20.0
2024-02-08 14:23:10,-0.594097104676093,70788.54298634686,-171729.45159854327,70772.9149468953,-171738.43357661384,70769.07831543767,-171739.95339356756,3,20.0
2024-02-08 14:23:11,-0.23231754224207923,70788.54298634686,-171729.45159854327,70772.9149468953,-171738.43357661384,70769.80852597691,-171739.95099090986,-1,20.0
2024-02-08 14:23:11,0.02023728412945429,70788.54298634686,-171729.45159854327,70772.9149468953,-171738.43357661384,70770.3379040678,-171739.93803438116,-2,20.0
2024-02-08 14:23:12,0.410694301566532,70788.54298634686,-171729.45159854327,70772.9149468953,-171738.43357661384,70771.1660483711,-171739.9124222155,-7,20.0
2024-02-08 14:23:12,0.8412676485509295,70788.54298634686,-171729.45159854327,70772.9149468953,-171738.43357661384,70772.07712859694,-171739.88541386425,-12,20.0
2024-02-08 14:23:13,1.2676049927654973,70788.54298634686,-171729.45159854327,70772.9149468953,-171738.43357661384,70772.95135495398,-171739.87470092927,-16,20.0
2024-02-08 14:23:14,1.595095648076014,70788.54298634686,-171729.45159854327,70772.9149468953,-171738.43357661384,70773.50232371676,-171739.93576610254,-19,20.0
2024-02-08 14:23:14,2.134926010801398,70788.54298634686,-171729.45159854327,70772.9149468953,-171738.43357661384,70774.36246590107,-171740.0640501147,-26,20.0
2024-02-08 14:23:15,2.7389681932721754,70788.54298634686,-171729.45159854327,70772.9149468953,-171738.43357661384,70775.25770550218,-171740.2462240137,-32,20.0
2024-02-08 14:23:15,3.189893443783727,70788.54298634686,-171729.45159854327,70772.9149468953,-171738.43357661384,70775.85359311882,-171740.4238416068,-36,20.0
2024-02-08 14:23:16,3.705747058432724,70788.54298634686,-171729.45159854327,70772.9149468953,-171738.43357661384,70776.43455947035,-171740.6849230224,-41,20.0
2024-02-08 14:23:16,3.8407193848842667,70788.54298634686,-171729.45159854327,70772.9149468953,-171738.43357661384,70776.54272551078,-171740.77843264517,-40,20.0
2024-02-08 14:23:17,3.8990759729141446,70788.54298634686,-171729.45159854327,70772.9149468953,-171738.43357661384,70776.5806174223,-171740.82396304348,-40,20.0
2024-02-08 14:23:17,3.9765363604968,70788.54298634686,-171729.45159854327,70772.9149468953,-171738.43357661384,70776.61818615215,-171740.89171341297,-41,20.0
2024-02-08 14:23:18,3.9885984940627783,70788.54298634686,-171729.45159854327,70772.9149468953,-171738.43357661384,70776.62282470694,-171740.90295987896,-40,20.0
2024-02-08 14:23:18,3.9506538088767464,70788.54298634686,-171729.45159854327,70772.9149468953,-171738.43357661384,70776.6758184851,-171740.8287372995,-40,20.0
2024-02-08 14:23:19,3.9560015392624623,70788.54298634686,-171729.45159854327,70772.9149468953,-171738.43357661384,70776.7638027963,-171740.78433769997,-40,20.0
2024-02-08 14:23:19,3.8742292934885856,70788.54298634686,-171729.45159854327,70772.9149468953,-171738.43357661384,70776.93188087502,-171740.5934216781,-39,20.0
2024-02-08 14:23:20,3.7423668401990566,70788.54298634686,-171729.45159854327,70772.9149468953,-171738.43357661384,70776.99795951208,-171740.40335448834,-37,20.0
2024-02-08 14:23:21,3.4565071548815456,70788.54298634686,-171729.45159854327,70772.9149468953,-171738.43357661384,70776.98127787068,-171740.08323286893,-33,20.0
2024-02-08 14:23:21,3.157332031893145,70788.54298634686,-171729.45159854327,70772.9149468953,-171738.43357661384,70776.8091804988,-171739.83707611813,-30,20.0
2024-02-08 14:23:22,2.9776049157284157,70788.54298634686,-171729.45159854327,70772.9149468953,-171738.43357661384,70776.62729393665,-171739.73431629254,-29,20.0
2024-02-08 14:23:22,2.701630026100589,70788.54298634686,-171729.45159854327,70772.9149468953,-171738.43357661384,70776.23763747375,-171739.63995735536,-26,20.0
2024-02-08 14:23:23,2.5671525402281037,70788.54298634686,-171729.45159854327,70772.9149468953,-171738.43357661384,70775.79141998777,-171739.74130840795,-25,20.0
2024-02-08 14:23:23,2.5827887571481067,70788.54298634686,-171729.45159854327,70772.9149468953,-171738.43357661384,70775.5767718254,-171739.88270891065,-26,20.0
2024-02-08 14:23:24,2.6940091857126025,70788.54298634686,-171729.45159854327,70772.9149468953,-171738.43357661384,70775.3622805367,-171740.13426560687,-28,20.0
2024-02-08 14:23:24,2.9423250530447786,70788.54298634686,-171729.45159854327,70772.9149468953,-171738.43357661384,70775.28160685085,-171740.46703786752,-32,20.0
2024-02-08 14:23:25,3.332960816689306,70788.54298634686,-171729.45159854327,70772.9149468953,-171738.43357661384,70775.47167019514,-171740.80835919685,-37,20.0
2024-02-08 14:23:25,3.588488810874092,70788.54298634686,-171729.45159854327,70772.9149468953,-171738.43357661384,70775.83627998967,-171740.89352997838,-38,20.0
2024-02-08 14:23:26,3.4160083701832713,70788.54298634686,-171729.45159854327,70772.9149468953,-171738.43357661384,70776.04596978427,-171740.5740758746,-33,20.0
