timestamp,直線との距離:,startx:,starty:,goalx:,goaly:,x:,y:,操作量,sp
2024-02-09 13:54:49,-0.0,70788.69120741704,-171738.49932731627,70772.9149468953,-171738.43357661384,70788.69120741704,-171738.49932731627,0,20.0
2024-02-09 13:54:49,-0.0,70788.69120741704,-171738.49932731627,70772.9149468953,-171738.43357661384,70788.69120741704,-171738.49932731627,0,20.0
2024-02-09 13:54:49,-0.005889451525287674,70788.69120741704,-171738.49932731627,70772.9149468953,-171738.43357661384,70788.70170543068,-171738.49348156614,0,20.0
2024-02-09 13:54:50,0.012527838686694699,70788.69120741704,-171738.49932731627,70772.9149468953,-171738.43357661384,70788.57903861206,-171738.51138777795,-1,20.0
2024-02-09 13:54:50,0.06477673977775059,70788.69120741704,-171738.49932731627,70772.9149468953,-171738.43357661384,70788.21388708902,-171738.56211529125,-2,20.0
2024-02-09 13:54:51,0.1266398978660425,70788.69120741704,-171738.49932731627,70772.9149468953,-171738.43357661384,70787.44846207334,-171738.62078892565,-2,20.0
2024-02-09 13:54:51,0.1917443206167004,70788.69120741704,-171738.49932731627,70772.9149468953,-171738.43357661384,70786.54705347397,-171738.68213711426,-3,20.0
2024-02-09 13:54:52,0.2105526788909074,70788.69120741704,-171738.49932731627,70772.9149468953,-171738.43357661384,70785.90527949118,-171738.69827091522,-3,20.0
2024-02-09 13:54:53,0.20923489732696327,70788.69120741704,-171738.49932731627,70772.9149468953,-171738.43357661384,70784.92326035579,-171738.6928603622,-3,20.0
2024-02-09 13:54:53,0.06936500424985427,70788.69120741704,-171738.49932731627,70772.9149468953,-171738.43357661384,70783.26016567726,-171738.54605797667,0,20.0
2024-02-09 13:54:54,-0.016767366570474018,70788.69120741704,-171738.49932731627,70772.9149468953,-171738.43357661384,70782.57729067806,-171738.45707884047,0,20.0
2024-02-09 13:54:54,-0.1253668400318782,70788.69120741704,-171738.49932731627,70772.9149468953,-171738.43357661384,70781.89898689088,-171738.34565145793,2,20.0
2024-02-09 13:54:55,-0.24101943551346897,70788.69120741704,-171738.49932731627,70772.9149468953,-171738.43357661384,70781.23487140602,-171738.2272300247,3,20.0
2024-02-09 13:54:55,-0.3561101153857777,70788.69120741704,-171738.49932731627,70772.9149468953,-171738.43357661384,70780.58323895677,-171738.1094225375,4,20.0
2024-02-09 13:54:56,-0.5489625361261216,70788.69120741704,-171738.49932731627,70772.9149468953,-171738.43357661384,70779.60832763756,-171737.9125053051,6,20.0
2024-02-09 13:54:56,-0.7420382317148012,70788.69120741704,-171738.49932731627,70772.9149468953,-171738.43357661384,70778.62313061731,-171737.71532192823,8,20.0
2024-02-09 13:54:57,-0.8471633617761133,70788.69120741704,-171738.49932731627,70772.9149468953,-171738.43357661384,70777.96076734136,-171737.60743535453,9,20.0
2024-02-09 13:54:57,-1.0159184205026976,70788.69120741704,-171738.49932731627,70772.9149468953,-171738.43357661384,70776.98376954375,-171737.43460699762,11,20.0
2024-02-09 13:54:58,-1.117273293365389,70788.69120741704,-171738.49932731627,70772.9149468953,-171738.43357661384,70775.98016951502,-171737.32906854185,11,20.0
2024-02-09 13:54:58,-1.1720466031340373,70788.69120741704,-171738.49932731627,70772.9149468953,-171738.43357661384,70775.31817964846,-171737.271535782,12,20.0
2024-02-09 13:54:59,-1.2037412646123158,70788.69120741704,-171738.49932731627,70772.9149468953,-171738.43357661384,70774.31117243794,-171737.2356439425,12,20.0
2024-02-09 13:54:59,-1.1574044565240602,70788.69120741704,-171738.49932731627,70772.9149468953,-171738.43357661384,70773.29796347542,-171737.27775840322,11,20.0
timestamp,直線との距離:,startx:,starty:,goalx:,goaly:,x:,y:,操作量,sp
2024-02-09 13:55:00,-0.7142740354422557,70772.62690570444,-171737.34010233244,70767.81304474265,-171743.65567093433,70771.61613910164,-171737.4879062418,4,20.0
2024-02-09 13:55:00,-0.7142740354422557,70772.62690570444,-171737.34010233244,70767.81304474265,-171743.65567093433,70771.61613910164,-171737.4879062418,7,20.0
2024-02-09 13:55:01,-1.319372380504637,70772.62690570444,-171737.34010233244,70767.81304474265,-171743.65567093433,70770.67374562378,-171737.72610541983,17,20.0
2024-02-09 13:55:01,-1.43897409485831,70772.62690570444,-171737.34010233244,70767.81304474265,-171743.65567093433,70770.25610533071,-171738.0767340197,15,20.0
2024-02-09 13:55:02,-1.5766877789172842,70772.62690570444,-171737.34010233244,70767.81304474265,-171743.65567093433,70769.62722063504,-171738.6746279988,16,20.0
2024-02-09 13:55:03,-1.6398525549765832,70772.62690570444,-171737.34010233244,70767.81304474265,-171743.65567093433,70769.05084778526,-171739.32660571128,16,20.0
2024-02-09 13:55:03,-1.643831160454343,70772.62690570444,-171737.34010233244,70767.81304474265,-171743.65567093433,70768.69695106872,-171739.7843390893,16,20.0
2024-02-09 13:55:04,-1.6055365027851294,70772.62690570444,-171737.34010233244,70767.81304474265,-171743.65567093433,70768.20235470374,-171740.49639862293,15,20.0
2024-02-09 13:55:04,-1.5282551884151807,70772.62690570444,-171737.34010233244,70767.81304474265,-171743.65567093433,70767.91217584556,-171741.0045845289,14,20.0
2024-02-09 13:55:05,-1.3572940559846116,70772.62690570444,-171737.34010233244,70767.81304474265,-171743.65567093433,70767.54601105388,-171741.76699607636,12,20.0
2024-02-09 13:55:05,-0.8675631133487958,70772.62690570444,-171737.34010233244,70767.81304474265,-171743.65567093433,70767.10906274967,-171743.1481194835,5,20.0
timestamp,直線との距離:,startx:,starty:,goalx:,goaly:,x:,y:,操作量,sp
2024-02-09 13:55:06,0.0,70766.97816515293,-171743.72023017728,70767.4504649894,-171758.08261034725,70766.97816515293,-171743.72023017728,-7,20.0
2024-02-09 13:55:06,-0.14881708813462416,70766.97816515293,-171743.72023017728,70767.4504649894,-171758.08261034725,70766.84908515045,-171744.32287040356,2,20.0
2024-02-09 13:55:07,-0.365473144326212,70766.97816515293,-171743.72023017728,70767.4504649894,-171758.08261034725,70766.66125705239,-171745.20307422295,5,20.0
2024-02-09 13:55:07,-0.365473144326212,70766.97816515293,-171743.72023017728,70767.4504649894,-171758.08261034725,70766.66125705239,-171745.20307422295,3,20.0
2024-02-09 13:55:08,-1.1045387392216701,70766.97816515293,-171743.72023017728,70767.4504649894,-171758.08261034725,70765.97913280582,-171746.9467781595,16,20.0
2024-02-09 13:55:09,-1.2986727763430135,70766.97816515293,-171743.72023017728,70767.4504649894,-171758.08261034725,70765.8040569848,-171747.52951924465,14,20.0
2024-02-09 13:55:09,-1.6352739821434585,70766.97816515293,-171743.72023017728,70767.4504649894,-171758.08261034725,70765.49766479328,-171748.45369186383,18,20.0
2024-02-09 13:55:10,-1.855743861085246,70766.97816515293,-171743.72023017728,70767.4504649894,-171758.08261034725,70765.30836526048,-171749.40518911474,20,20.0
2024-02-09 13:55:10,-1.855743861085246,70766.97816515293,-171743.72023017728,70767.4504649894,-171758.08261034725,70765.30836526048,-171749.40518911474,18,20.0
2024-02-09 13:55:11,-2.0438821128782316,70766.97816515293,-171743.72023017728,70767.4504649894,-171758.08261034725,70765.17223705168,-171750.9898787077,21,20.0
2024-02-09 13:55:11,-2.041155600342199,70766.97816515293,-171743.72023017728,70767.4504649894,-171758.08261034725,70765.20570543058,-171751.92467726208,20,20.0
2024-02-09 13:55:12,-1.9598401400159575,70766.97816515293,-171743.72023017728,70767.4504649894,-171758.08261034725,70765.31770600544,-171752.8564581945,19,20.0
2024-02-09 13:55:12,-1.847530696325501,70766.97816515293,-171743.72023017728,70767.4504649894,-171758.08261034725,70765.4501778915,-171753.46774093737,17,20.0
2024-02-09 13:55:13,-1.847530696325501,70766.97816515293,-171743.72023017728,70767.4504649894,-171758.08261034725,70765.4501778915,-171753.46774093737,18,20.0
2024-02-09 13:55:13,-1.305885080167017,70766.97816515293,-171743.72023017728,70767.4504649894,-171758.08261034725,70766.04966315567,-171755.21770958623,9,20.0
2024-02-09 13:55:14,-1.0364863090052368,70766.97816515293,-171743.72023017728,70767.4504649894,-171758.08261034725,70766.33745540482,-171755.7726168834,8,20.0
2024-02-09 13:55:14,-0.604523065208356,70766.97816515293,-171743.72023017728,70767.4504649894,-171758.08261034725,70766.79596477168,-171756.57276946143,3,20.0
2024-02-09 13:55:15,-0.2803459491571509,70766.97816515293,-171743.72023017728,70767.4504649894,-171758.08261034725,70767.13742685615,-171757.0930671519,0,20.0
timestamp,直線との距離:,startx:,starty:,goalx:,goaly:,x:,y:,操作量,sp
2024-02-09 13:55:16,-0.8314851769399392,70767.13742685615,-171757.0930671519,70776.22406187186,-171762.44386814098,70768.19016344722,-171758.67792600006,12,20.0
2024-02-09 13:55:16,-0.8314851769399392,70767.13742685615,-171757.0930671519,70776.22406187186,-171762.44386814098,70768.19016344722,-171758.67792600006,8,20.0
2024-02-09 13:55:16,-0.8314851769399392,70767.13742685615,-171757.0930671519,70776.22406187186,-171762.44386814098,70768.19016344722,-171758.67792600006,8,20.0
2024-02-09 13:55:17,-0.828280934207594,70767.13742685615,-171757.0930671519,70776.22406187186,-171762.44386814098,70769.5115064594,-171759.45230007754,8,20.0
2024-02-09 13:55:18,-0.626749942600508,70767.13742685615,-171757.0930671519,70776.22406187186,-171762.44386814098,70770.46664023076,-171759.78086802727,4,20.0
2024-02-09 13:55:18,-0.5003784885169119,70767.13742685615,-171757.0930671519,70776.22406187186,-171762.44386814098,70771.1364561619,-171760.02864499582,4,20.0
2024-02-09 13:55:19,-0.2810617539391732,70767.13742685615,-171757.0930671519,70776.22406187186,-171762.44386814098,70772.162828021,-171760.37852219172,1,20.0
2024-02-09 13:55:19,-0.09191203096137392,70767.13742685615,-171757.0930671519,70776.22406187186,-171762.44386814098,70773.14528104024,-171760.7375459606,-1,20.0
2024-02-09 13:55:20,0.129637446503336,70767.13742685615,-171757.0930671519,70776.22406187186,-171762.44386814098,70774.13548868592,-171761.06353621857,-3,20.0
2024-02-09 13:55:20,0.129637446503336,70767.13742685615,-171757.0930671519,70776.22406187186,-171762.44386814098,70774.13548868592,-171761.06353621857,-2,20.0
2024-02-09 13:55:21,0.3720092749356685,70767.13742685615,-171757.0930671519,70776.22406187186,-171762.44386814098,70775.74710652814,-171761.7312888152,-6,20.0
timestamp,直線との距離:,startx:,starty:,goalx:,goaly:,x:,y:,操作量,sp
2024-02-09 13:55:21,-0.0,70776.65315284536,-171762.18124937912,70787.19721004953,-171761.99585771572,70776.65315284536,-171762.18124937912,0,20.0
2024-02-09 13:55:22,-0.3334670091318254,70776.65315284536,-171762.18124937912,70787.19721004953,-171761.99585771572,70777.26107169517,-171762.5040791514,3,20.0
2024-02-09 13:55:22,-0.9015857584289122,70776.65315284536,-171762.18124937912,70787.19721004953,-171761.99585771572,70778.13333598504,-171763.05694905878,9,20.0
2024-02-09 13:55:23,-1.2835087210514489,70776.65315284536,-171762.18124937912,70787.19721004953,-171761.99585771572,70778.71062820574,-171763.42878076894,13,20.0
2024-02-09 13:55:23,-1.6653189711330219,70776.65315284536,-171762.18124937912,70787.19721004953,-171761.99585771572,70779.29765227952,-171763.8003286381,17,20.0
2024-02-09 13:55:24,-1.6653189711330219,70776.65315284536,-171762.18124937912,70787.19721004953,-171761.99585771572,70779.29765227952,-171763.8003286381,16,20.0
2024-02-09 13:55:24,-2.3811569968672495,70776.65315284536,-171762.18124937912,70787.19721004953,-171761.99585771572,70780.5182359196,-171764.494816303,24,20.0
2024-02-09 13:55:25,-2.7021811455729927,70776.65315284536,-171762.18124937912,70787.19721004953,-171761.99585771572,70781.14563197808,-171764.8048588322,27,20.0
2024-02-09 13:55:26,-3.3709811851796188,70776.65315284536,-171762.18124937912,70787.19721004953,-171761.99585771572,70783.13450418435,-171765.4387927503,34,20.0
2024-02-09 13:55:26,-3.475034264739182,70776.65315284536,-171762.18124937912,70787.19721004953,-171761.99585771572,70783.80877680168,-171765.53100646444,34,20.0
2024-02-09 13:55:27,-3.434355204147024,70776.65315284536,-171762.18124937912,70787.19721004953,-171761.99585771572,70784.80962331651,-171765.47272365878,34,20.0
2024-02-09 13:55:27,-3.1415142470987183,70776.65315284536,-171762.18124937912,70787.19721004953,-171761.99585771572,70785.73032406314,-171765.163649151,31,20.0
2024-02-09 13:55:28,-2.835955629056367,70776.65315284536,-171762.18124937912,70787.19721004953,-171761.99585771572,70786.3102429779,-171764.8478468383,28,20.0
2024-02-09 13:55:28,-2.1538887216157296,70776.65315284536,-171762.18124937912,70787.19721004953,-171761.99585771572,70786.99052828192,-171764.15371334302,20,20.0
2024-02-09 13:55:29,-1.6229420642524262,70776.65315284536,-171762.18124937912,70787.19721004953,-171761.99585771572,70787.35691617652,-171763.61624257956,15,20.0
2024-02-09 13:55:29,-1.0334106236567937,70776.65315284536,-171762.18124937912,70787.19721004953,-171761.99585771572,70787.63662156602,-171763.02170207948,9,20.0
timestamp,直線との距離:,startx:,starty:,goalx:,goaly:,x:,y:,操作量,sp
2024-02-09 13:55:30,-0.0,70787.95332575521,-171762.06002580488,70786.83232565675,-171756.73123756476,70787.95332575521,-171762.06002580488,90,20.0
2024-02-09 13:55:30,-0.30056731515907004,70787.95332575521,-171762.06002580488,70786.83232565675,-171756.73123756476,70788.126047355,-171761.42102571228,90,20.0
2024-02-09 13:55:31,-0.6610316580200831,70787.95332575521,-171762.06002580488,70786.83232565675,-171756.73123756476,70788.30042329371,-171760.49893108977,90,20.0
2024-02-09 13:55:31,-0.568175199027272,70787.95332575521,-171762.06002580488,70786.83232565675,-171756.73123756476,70788.03772628443,-171759.70123794823,90,20.0
2024-02-09 13:55:32,-0.2430959851231907,70787.95332575521,-171762.06002580488,70786.83232565675,-171756.73123756476,70787.6320470512,-171759.3519203271,90,20.0
2024-02-09 13:55:32,0.4502354688916997,70787.95332575521,-171762.06002580488,70786.83232565675,-171756.73123756476,70786.88832144528,-171759.18450408956,90,20.0
2024-02-09 13:55:33,0.9285256854259769,70787.95332575521,-171762.06002580488,70786.83232565675,-171756.73123756476,70786.43064487766,-171759.33225675896,90,20.0
2024-02-09 13:55:33,1.492549964728428,70787.95332575521,-171762.06002580488,70786.83232565675,-171756.73123756476,70785.95709325216,-171759.82101150881,90,20.0
2024-02-09 13:55:34,1.7772961108750431,70787.95332575521,-171762.06002580488,70786.83232565675,-171756.73123756476,70785.8119307749,-171760.51416305045,90,20.0
2024-02-09 13:55:35,1.4978148392310404,70787.95332575521,-171762.06002580488,70786.83232565675,-171756.73123756476,70786.27989423397,-171761.38105378166,90,20.0
2024-02-09 13:55:35,1.0832602412973589,70787.95332575521,-171762.06002580488,70786.83232565675,-171756.73123756476,70786.74879155574,-171761.5962452278,90,20.0
2024-02-09 13:55:36,0.3277905320050368,70787.95332575521,-171762.06002580488,70786.83232565675,-171756.73123756476,70787.51134191707,-171761.5513011689,90,20.0
2024-02-09 13:55:36,-0.34752349422424395,70787.95332575521,-171762.06002580488,70786.83232565675,-171756.73123756476,70788.11353414142,-171761.133446348,90,20.0
2024-02-09 13:55:37,-0.6435041593867658,70787.95332575521,-171762.06002580488,70786.83232565675,-171756.73123756476,70788.31861629346,-171760.6705557644,90,20.0
2024-02-09 13:55:37,-0.7667592960055126,70787.95332575521,-171762.06002580488,70786.83232565675,-171756.73123756476,70788.28227611331,-171759.899079107,90,20.0
2024-02-09 13:55:38,-0.6237448247109182,70787.95332575521,-171762.06002580488,70786.83232565675,-171756.73123756476,70788.03729977156,-171759.4292728675,90,20.0
2024-02-09 13:55:38,-0.07131956717679407,70787.95332575521,-171762.06002580488,70786.83232565675,-171756.73123756476,70787.38755065334,-171759.0241109248,90,20.0
2024-02-09 13:55:39,0.6424037600598356,70787.95332575521,-171762.06002580488,70786.83232565675,-171756.73123756476,70786.66951281932,-171759.0778606451,90,20.0
2024-02-09 13:55:39,1.0722821793360762,70787.95332575521,-171762.06002580488,70786.83232565675,-171756.73123756476,70786.28409341304,-171759.3339276898,90,20.0
2024-02-09 13:55:40,1.0722821793360762,70787.95332575521,-171762.06002580488,70786.83232565675,-171756.73123756476,70786.28409341304,-171759.3339276898,90,20.0
2024-02-09 13:55:40,1.541105940303258,70787.95332575521,-171762.06002580488,70786.83232565675,-171756.73123756476,70785.93194798287,-171759.93734868208,90,20.0
2024-02-09 13:55:41,1.476076045935606,70787.95332575521,-171762.06002580488,70786.83232565675,-171756.73123756476,70786.24376519928,-171761.10371135498,90,20.0
2024-02-09 13:55:41,0.8890213427608492,70787.95332575521,-171762.06002580488,70786.83232565675,-171756.73123756476,70786.91837194613,-171761.4588189572,90,20.0
2024-02-09 13:55:42,0.8890213427608492,70787.95332575521,-171762.06002580488,70786.83232565675,-171756.73123756476,70786.91837194613,-171761.4588189572,90,20.0
2024-02-09 13:55:42,-0.3365834580267116,70787.95332575521,-171762.06002580488,70786.83232565675,-171756.73123756476,70788.10949060287,-171761.16736780596,90,20.0
2024-02-09 13:55:43,-0.7009982443479542,70787.95332575521,-171762.06002580488,70786.83232565675,-171756.73123756476,70788.39904657852,-171760.77360337166,90,20.0
2024-02-09 13:55:44,-0.8938771789307811,70787.95332575521,-171762.06002580488,70786.83232565675,-171756.73123756476,70788.49580771946,-171760.29662960026,90,20.0
2024-02-09 13:55:44,-0.871423723293268,70787.95332575521,-171762.06002580488,70786.83232565675,-171756.73123756476,70788.32814236115,-171759.60868618262,90,20.0
2024-02-09 13:55:45,-0.45744430182315937,70787.95332575521,-171762.06002580488,70786.83232565675,-171756.73123756476,70787.7984260806,-171759.10159161213,90,20.0
2024-02-09 13:55:45,0.2142709800112901,70787.95332575521,-171762.06002580488,70786.83232565675,-171756.73123756476,70787.09434826439,-171759.01764145735,90,20.0
2024-02-09 13:55:46,0.8719218045312925,70787.95332575521,-171762.06002580488,70786.83232565675,-171756.73123756476,70786.49469944712,-171759.3617850297,90,20.0
