timestamp,直線との距離:,startx:,starty:,goalx:,goaly:,x:,y:,操作量,sp
2024-01-29 11:13:38,-0.0,70777.8231384379,-171739.63888126417,70774.48352805714,-171732.16460188924,70777.8231384379,-171739.63888126417,0,30.0
2024-01-29 11:13:38,-0.0,70777.8231384379,-171739.63888126417,70774.48352805714,-171732.16460188924,70777.8231384379,-171739.63888126417,0,30.0
2024-01-29 11:13:39,0.04348460263037326,70777.8231384379,-171739.63888126417,70774.48352805714,-171732.16460188924,70777.7703725626,-171739.62738211712,-1,30.0
2024-01-29 11:13:39,0.07946030320441555,70777.8231384379,-171739.63888126417,70774.48352805714,-171732.16460188924,70777.6721019584,-171739.49563353678,-1,30.0
2024-01-29 11:13:40,0.21024029632317245,70777.8231384379,-171739.63888126417,70774.48352805714,-171732.16460188924,70777.38811242046,-171739.18062847285,-1,30.0
2024-01-29 11:13:40,0.6756635264981614,70777.8231384379,-171739.63888126417,70774.48352805714,-171732.16460188924,70776.76765750474,-171738.93290717565,-2,30.0
2024-01-29 11:13:41,1.4923863383558489,70777.8231384379,-171739.63888126417,70774.48352805714,-171732.16460188924,70775.92128864577,-171739.04072139127,-4,30.0
2024-01-29 11:13:41,2.0496755375027584,70777.8231384379,-171739.63888126417,70774.48352805714,-171732.16460188924,70775.44738797675,-171739.3461912437,-7,30.0
2024-01-29 11:13:42,2.8055150879531108,70777.8231384379,-171739.63888126417,70774.48352805714,-171732.16460188924,70774.93602750888,-171740.05453328375,-10,30.0
2024-01-29 11:13:42,3.0837968730885206,70777.8231384379,-171739.63888126417,70774.48352805714,-171732.16460188924,70774.89694738828,-171740.6492260825,-12,30.0
2024-01-29 11:13:43,3.181375175398489,70777.8231384379,-171739.63888126417,70774.48352805714,-171732.16460188924,70775.16878579436,-171741.49681459824,-15,30.0
2024-01-29 11:13:44,2.7902862070647636,70777.8231384379,-171739.63888126417,70774.48352805714,-171732.16460188924,70775.86267897084,-171742.09111263533,-16,30.0
2024-01-29 11:13:44,2.14257062931568,70777.8231384379,-171739.63888126417,70774.48352805714,-171732.16460188924,70776.69342413492,-171742.36262178107,-17,30.0
2024-01-29 11:13:45,1.641312070105308,70777.8231384379,-171739.63888126417,70774.48352805714,-171732.16460188924,70777.19722856459,-171742.26142746562,-17,30.0
2024-01-29 11:13:45,1.641312070105308,70777.8231384379,-171739.63888126417,70774.48352805714,-171732.16460188924,70777.19722856459,-171742.26142746562,-18,30.0
2024-01-29 11:13:46,0.5545210803588104,70777.8231384379,-171739.63888126417,70774.48352805714,-171732.16460188924,70778.1223081454,-171741.66775063556,-17,30.0
2024-01-29 11:13:46,0.24739078003338197,70777.8231384379,-171739.63888126417,70774.48352805714,-171732.16460188924,70778.36660091812,-171741.4616211178,-17,30.0
