timestamp,直線との距離:,startx:,starty:,goalx:,goaly:,x:,y:,操作量,sp
2024-02-09 11:01:23,0.0,70786.27740718043,-171737.25300471,70772.9149468953,-171738.43357661384,70786.27740718043,-171737.25300471,0,20.0
timestamp,直線との距離:,startx:,starty:,goalx:,goaly:,x:,y:,操作量,sp
2024-02-09 11:01:23,0.0,70786.27740718043,-171737.25300471,70772.9149468953,-171738.43357661384,70786.27740718043,-171737.25300471,0,20.0
2024-02-09 11:01:23,-0.024744353652712353,70786.27740718043,-171737.25300471,70772.9149468953,-171738.43357661384,70786.26989536374,-171737.2288276387,0,20.0
2024-02-09 11:01:24,-0.04245709085813737,70786.27740718043,-171737.25300471,70772.9149468953,-171738.43357661384,70785.9951976651,-171737.2353154173,0,20.0
2024-02-09 11:01:24,-0.06975758986997654,70786.27740718043,-171737.25300471,70772.9149468953,-171738.43357661384,70785.55245907423,-171737.24702448165,0,20.0
2024-02-09 11:01:25,-0.16460167675557535,70786.27740718043,-171737.25300471,70772.9149468953,-171738.43357661384,70784.73985956538,-171737.2236040296,2,20.0
2024-02-09 11:01:25,-0.27520312130556707,70786.27740718043,-171737.25300471,70772.9149468953,-171738.43357661384,70783.84573084684,-171737.19156793755,3,20.0
2024-02-09 11:01:26,-0.37998867406296105,70786.27740718043,-171737.25300471,70772.9149468953,-171738.43357661384,70782.94577093408,-171737.1658855771,4,20.0
2024-02-09 11:01:26,-0.37998867406296105,70786.27740718043,-171737.25300471,70772.9149468953,-171738.43357661384,70782.94577093408,-171737.1658855771,3,20.0
2024-02-09 11:01:27,-0.49349385623322867,70786.27740718043,-171737.25300471,70772.9149468953,-171738.43357661384,70781.45572872566,-171737.1835833282,5,20.0
2024-02-09 11:01:28,-0.5522255933844105,70786.27740718043,-171737.25300471,70772.9149468953,-171738.43357661384,70780.59062029759,-171737.2010550503,5,20.0
2024-02-09 11:01:28,-0.6394725348239825,70786.27740718043,-171737.25300471,70772.9149468953,-171738.43357661384,70780.02467076255,-171737.1634698384,7,20.0
2024-02-09 11:01:29,-0.6394725348239825,70786.27740718043,-171737.25300471,70772.9149468953,-171738.43357661384,70780.02467076255,-171737.1634698384,6,20.0
2024-02-09 11:01:29,-0.7371565887648496,70786.27740718043,-171737.25300471,70772.9149468953,-171738.43357661384,70779.12355022607,-171737.14501917997,8,20.0
2024-02-09 11:01:30,-0.827254265147931,70786.27740718043,-171737.25300471,70772.9149468953,-171738.43357661384,70778.19908242684,-171737.13624717813,8,20.0
2024-02-09 11:01:30,-0.9986365644749057,70786.27740718043,-171737.25300471,70772.9149468953,-171738.43357661384,70776.47037214774,-171737.1169286633,11,20.0
2024-02-09 11:01:31,-1.0168540769074499,70786.27740718043,-171737.25300471,70772.9149468953,-171738.43357661384,70775.91224771085,-171737.14795042176,10,20.0
2024-02-09 11:01:31,-1.0405013886330865,70786.27740718043,-171737.25300471,70772.9149468953,-171738.43357661384,70775.3128356248,-171737.1771689897,10,20.0
2024-02-09 11:01:32,-1.0181448975684388,70786.27740718043,-171737.25300471,70772.9149468953,-171738.43357661384,70774.44937354799,-171737.2758993452,10,20.0
2024-02-09 11:01:32,-1.0181448975684388,70786.27740718043,-171737.25300471,70772.9149468953,-171738.43357661384,70774.44937354799,-171737.2758993452,10,20.0
2024-02-09 11:01:33,-0.8955394134801009,70786.27740718043,-171737.25300471,70772.9149468953,-171738.43357661384,70772.64283115306,-171737.55859023303,8,20.0
timestamp,直線との距離:,startx:,starty:,goalx:,goaly:,x:,y:,操作量,sp
2024-02-09 11:01:33,0.0,70772.0696688715,-171737.67511325688,70767.81304474265,-171743.65567093433,70772.0696688715,-171737.67511325688,-7,20.0
2024-02-09 11:01:34,-0.577980892814725,70772.0696688715,-171737.67511325688,70767.81304474265,-171743.65567093433,70771.19859598544,-171737.90222177983,15,20.0
2024-02-09 11:01:35,-1.1667037367799138,70772.0696688715,-171737.67511325688,70767.81304474265,-171743.65567093433,70770.31517150026,-171738.1281594169,27,20.0
2024-02-09 11:01:35,-1.513785885553598,70772.0696688715,-171737.67511325688,70767.81304474265,-171743.65567093433,70769.79035973131,-171738.2669642771,32,20.0
2024-02-09 11:01:36,-1.9596860665817015,70772.0696688715,-171737.67511325688,70767.81304474265,-171743.65567093433,70769.09094658846,-171738.48066881392,42,20.0
2024-02-09 11:01:36,-1.9596860665817015,70772.0696688715,-171737.67511325688,70767.81304474265,-171743.65567093433,70769.09094658846,-171738.48066881392,39,20.0
2024-02-09 11:01:37,-2.4115161873779756,70772.0696688715,-171737.67511325688,70767.81304474265,-171743.65567093433,70768.04428271732,-171739.17203429082,51,20.0
2024-02-09 11:01:37,-2.3627158732221982,70772.0696688715,-171737.67511325688,70767.81304474265,-171743.65567093433,70767.58604412513,-171739.90001751058,46,20.0
2024-02-09 11:01:38,-2.1518613971589735,70772.0696688715,-171737.67511325688,70767.81304474265,-171743.65567093433,70767.4192128862,-171740.4980416335,41,20.0
2024-02-09 11:01:38,-1.812413246868684,70772.0696688715,-171737.67511325688,70767.81304474265,-171743.65567093433,70767.40181153825,-171741.10788119384,33,20.0
2024-02-09 11:01:39,-1.3950754626011699,70772.0696688715,-171737.67511325688,70767.81304474265,-171743.65567093433,70767.50579459954,-171741.6814991397,24,20.0
2024-02-09 11:01:39,-0.6522231307231388,70772.0696688715,-171737.67511325688,70767.81304474265,-171743.65567093433,70767.87750650092,-171742.44031967575,7,20.0
timestamp,直線との距離:,startx:,starty:,goalx:,goaly:,x:,y:,操作量,sp
2024-02-09 11:01:40,0.0,70768.46052786447,-171743.05296014645,70767.4504649894,-171758.08261034725,70768.46052786447,-171743.05296014645,-5,35.0
2024-02-09 11:01:40,0.7215104752884458,70768.46052786447,-171743.05296014645,70767.4504649894,-171758.08261034725,70769.14444103937,-171743.63662192613,-13,35.0
2024-02-09 11:01:41,1.2588176491816345,70768.46052786447,-171743.05296014645,70767.4504649894,-171758.08261034725,70769.65654584128,-171744.02966553005,-17,35.0
2024-02-09 11:01:41,2.2209765836958555,70768.46052786447,-171743.05296014645,70767.4504649894,-171758.08261034725,70770.5712689802,-171744.76780052873,-29,35.0
2024-02-09 11:01:42,3.1362585064890927,70768.46052786447,-171743.05296014645,70767.4504649894,-171758.08261034725,70771.42610332614,-171745.69797632983,-38,35.0
2024-02-09 11:01:43,3.7110578004663486,70768.46052786447,-171743.05296014645,70767.4504649894,-171758.08261034725,70771.95790633987,-171746.35705018838,-42,35.0
2024-02-09 11:01:43,4.328647554712197,70768.46052786447,-171743.05296014645,70767.4504649894,-171758.08261034725,70772.50128716484,-171747.48200186584,-48,35.0
2024-02-09 11:01:44,4.4690150360358665,70768.46052786447,-171743.05296014645,70767.4504649894,-171758.08261034725,70772.56058980031,-171748.6929512819,-46,35.0
2024-02-09 11:01:44,4.228609862951516,70768.46052786447,-171743.05296014645,70767.4504649894,-171758.08261034725,70772.27012352932,-171749.4297871111,-41,35.0
2024-02-09 11:01:45,3.456399373660961,70768.46052786447,-171743.05296014645,70767.4504649894,-171758.08261034725,70771.44003877019,-171750.265032506,-30,35.0
2024-02-09 11:01:45,2.3559731902523287,70768.46052786447,-171743.05296014645,70767.4504649894,-171758.08261034725,70770.3192712947,-171750.53077397347,-16,35.0
2024-02-09 11:01:46,1.604766223029775,70768.46052786447,-171743.05296014645,70767.4504649894,-171758.08261034725,70769.57558061427,-171750.39371838575,-11,35.0
2024-02-09 11:01:46,0.5581461743927394,70768.46052786447,-171743.05296014645,70767.4504649894,-171758.08261034725,70768.56672297174,-171749.7966877113,1,35.0
2024-02-09 11:01:47,-0.388284613129468,70768.46052786447,-171743.05296014645,70767.4504649894,-171758.08261034725,70767.67836976465,-171748.90073176092,10,35.0
2024-02-09 11:01:47,-1.202946505049435,70768.46052786447,-171743.05296014645,70767.4504649894,-171758.08261034725,70766.93659061784,-171747.78889896674,17,35.0
2024-02-09 11:01:48,-1.7094194817348491,70768.46052786447,-171743.05296014645,70767.4504649894,-171758.08261034725,70766.47869344856,-171747.04909555384,20,35.0
2024-02-09 11:01:48,-2.4725582572193328,70768.46052786447,-171743.05296014645,70767.4504649894,-171758.08261034725,70765.78824022523,-171745.94192632096,30,35.0
2024-02-09 11:01:49,-3.3387750224620487,70768.46052786447,-171743.05296014645,70767.4504649894,-171758.08261034725,70764.9885791608,-171744.92250899857,39,35.0
2024-02-09 11:01:50,-3.969157148512297,70768.46052786447,-171743.05296014645,70767.4504649894,-171758.08261034725,70764.39753135505,-171744.31605918545,44,35.0
2024-02-09 11:01:50,-4.626113293667259,70768.46052786447,-171743.05296014645,70767.4504649894,-171758.08261034725,70763.77571025626,-171743.7712022701,50,35.0
2024-02-09 11:01:51,-4.671255116631185,70768.46052786447,-171743.05296014645,70767.4504649894,-171758.08261034725,70763.74023446837,-171743.62585732352,47,35.0
2024-02-09 11:01:51,-4.495988022970866,70768.46052786447,-171743.05296014645,70767.4504649894,-171758.08261034725,70763.88310944775,-171744.1137319956,43,35.0
2024-02-09 11:01:52,-4.495988022970866,70768.46052786447,-171743.05296014645,70767.4504649894,-171758.08261034725,70763.88310944775,-171744.1137319956,44,35.0
2024-02-09 11:01:52,-4.124637633553281,70768.46052786447,-171743.05296014645,70767.4504649894,-171758.08261034725,70764.25058334309,-171744.18387808467,38,35.0
2024-02-09 11:01:53,-3.6850376466072676,70768.46052786447,-171743.05296014645,70767.4504649894,-171758.08261034725,70764.69481202675,-171744.12975841653,33,35.0
2024-02-09 11:01:53,-3.374249650918317,70768.46052786447,-171743.05296014645,70767.4504649894,-171758.08261034725,70765.00750943259,-171744.1117779942,31,35.0
2024-02-09 11:01:54,-2.887143206956325,70768.46052786447,-171743.05296014645,70767.4504649894,-171758.08261034725,70765.4962217132,-171744.1042327578,25,35.0
2024-02-09 11:01:54,-2.4853679623349416,70768.46052786447,-171743.05296014645,70767.4504649894,-171758.08261034725,70765.90200402016,-171744.05809338865,22,35.0
2024-02-09 11:01:55,-1.8441644362222451,70768.46052786447,-171743.05296014645,70767.4504649894,-171758.08261034725,70766.53688693553,-171744.1736652088,13,35.0
2024-02-09 11:01:55,-1.2149937739696284,70768.46052786447,-171743.05296014645,70767.4504649894,-171758.08261034725,70767.16613863898,-171744.1935771123,7,35.0
2024-02-09 11:01:56,-0.3628200346647419,70768.46052786447,-171743.05296014645,70767.4504649894,-171758.08261034725,70768.01399381546,-171744.28643973565,-3,35.0
2024-02-09 11:01:57,-0.03525513345924903,70768.46052786447,-171743.05296014645,70767.4504649894,-171758.08261034725,70768.3417618934,-171744.29441103028,-2,35.0
2024-02-09 11:01:57,0.29497491875211485,70768.46052786447,-171743.05296014645,70767.4504649894,-171758.08261034725,70768.66999918241,-171744.33514718036,-6,35.0
2024-02-09 11:01:58,0.29497491875211485,70768.46052786447,-171743.05296014645,70767.4504649894,-171758.08261034725,70768.66999918241,-171744.33514718036,-3,35.0
2024-02-09 11:01:58,0.6960255409799828,70768.46052786447,-171743.05296014645,70767.4504649894,-171758.08261034725,70769.07616286202,-171744.2725263766,-10,35.0
2024-02-09 11:01:59,1.4498330313236598,70768.46052786447,-171743.05296014645,70767.4504649894,-171758.08261034725,70769.84890698892,-171744.01605198634,-20,35.0
2024-02-09 11:01:59,1.4498330313236598,70768.46052786447,-171743.05296014645,70767.4504649894,-171758.08261034725,70769.84890698892,-171744.01605198634,-15,35.0
2024-02-09 11:02:00,1.613348975340655,70768.46052786447,-171743.05296014645,70767.4504649894,-171758.08261034725,70770.01335171233,-171744.00772015614,-18,35.0
2024-02-09 11:02:00,1.588841954530422,70768.46052786447,-171743.05296014645,70767.4504649894,-171758.08261034725,70769.99011734372,-171743.9879606334,-16,35.0
2024-02-09 11:02:01,1.5600770427263784,70768.46052786447,-171743.05296014645,70767.4504649894,-171758.08261034725,70769.96274952828,-171743.9662064783,-16,35.0
2024-02-09 11:02:01,1.5537027301087623,70768.46052786447,-171743.05296014645,70767.4504649894,-171758.08261034725,70769.95893377687,-171743.92792135302,-16,35.0
2024-02-09 11:02:02,1.5287752841132478,70768.46052786447,-171743.05296014645,70767.4504649894,-171758.08261034725,70769.93576332476,-171743.90094075564,-16,35.0
2024-02-09 11:02:02,1.5287752841132478,70768.46052786447,-171743.05296014645,70767.4504649894,-171758.08261034725,70769.93576332476,-171743.90094075564,-16,35.0
2024-02-09 11:02:03,1.4996675282845966,70768.46052786447,-171743.05296014645,70767.4504649894,-171758.08261034725,70769.90835047446,-171743.87474371778,-15,35.0
2024-02-09 11:02:03,1.5021585181441635,70768.46052786447,-171743.05296014645,70767.4504649894,-171758.08261034725,70769.91106044695,-171743.87156888354,-16,35.0
2024-02-09 11:02:04,1.5021585181441635,70768.46052786447,-171743.05296014645,70767.4504649894,-171758.08261034725,70769.91106044695,-171743.87156888354,-16,35.0
2024-02-09 11:02:05,1.7662172398526155,70768.46052786447,-171743.05296014645,70767.4504649894,-171758.08261034725,70770.16710501346,-171743.9996818306,-20,35.0
2024-02-09 11:02:05,1.8468575581358686,70768.46052786447,-171743.05296014645,70767.4504649894,-171758.08261034725,70770.24703607132,-171744.0129422166,-20,35.0
2024-02-09 11:02:06,1.874106950098596,70768.46052786447,-171743.05296014645,70767.4504649894,-171758.08261034725,70770.27837467115,-171743.95300976108,-19,35.0
2024-02-09 11:02:06,1.858794198965224,70768.46052786447,-171743.05296014645,70767.4504649894,-171758.08261034725,70770.26695133833,-171743.89462158078,-19,35.0
2024-02-09 11:02:07,1.8340364661837365,70768.46052786447,-171743.05296014645,70767.4504649894,-171758.08261034725,70770.24273092956,-171743.88579526436,-19,35.0
2024-02-09 11:02:07,1.9144933030101436,70768.46052786447,-171743.05296014645,70767.4504649894,-171758.08261034725,70770.32204219239,-171743.90554180098,-20,35.0
2024-02-09 11:02:08,1.9949126643955533,70768.46052786447,-171743.05296014645,70767.4504649894,-171758.08261034725,70770.40373130515,-171743.88934724228,-21,35.0
2024-02-09 11:02:08,1.9949126643955533,70768.46052786447,-171743.05296014645,70767.4504649894,-171758.08261034725,70770.40373130515,-171743.88934724228,-20,35.0
