timestamp,直線との距離:,startx:,starty:,goalx:,goaly:,x:,y:,操作量,sp
2024-02-07 16:09:41,0.0,70785.26945935526,-171738.3279588895,70775.78310931542,-171738.61037761884,70785.26945935526,-171738.3279588895,0,20.0
2024-02-07 16:09:41,0.0,70785.26945935526,-171738.3279588895,70775.78310931542,-171738.61037761884,70785.26945935526,-171738.3279588895,0,20.0
2024-02-07 16:09:41,-0.005107841662804764,70785.26945935526,-171738.3279588895,70775.78310931542,-171738.61037761884,70785.26378784858,-171738.32301763154,0,20.0
2024-02-07 16:09:42,0.0022426342599537745,70785.26945935526,-171738.3279588895,70775.78310931542,-171738.61037761884,70785.12912633372,-171738.3343803807,-1,20.0
2024-02-07 16:09:42,0.012671325676866593,70785.26945935526,-171738.3279588895,70775.78310931542,-171738.61037761884,70784.73640042142,-171738.3565055607,-1,20.0
2024-02-07 16:09:43,0.034091466372559484,70785.26945935526,-171738.3279588895,70775.78310931542,-171738.61037761884,70783.98905869841,-171738.40018434968,-1,20.0
2024-02-07 16:09:44,0.046283693655091517,70785.26945935526,-171738.3279588895,70775.78310931542,-171738.61037761884,70783.14869253513,-171738.43740057325,-1,20.0
2024-02-07 16:09:44,0.05715970062373964,70785.26945935526,-171738.3279588895,70775.78310931542,-171738.61037761884,70782.27898085916,-171738.47417364048,-1,20.0
2024-02-07 16:09:45,0.04384173393722447,70785.26945935526,-171738.3279588895,70775.78310931542,-171738.61037761884,70781.68521221678,-171738.4785268971,-1,20.0
2024-02-07 16:09:45,0.02760610541864629,70785.26945935526,-171738.3279588895,70775.78310931542,-171738.61037761884,70780.7824668293,-171738.48915976545,-1,20.0
2024-02-07 16:09:46,0.0026055655724417158,70785.26945935526,-171738.3279588895,70775.78310931542,-171738.61037761884,70780.18748321138,-171738.48186144393,0,20.0
2024-02-07 16:09:46,-0.039128535593064534,70785.26945935526,-171738.3279588895,70775.78310931542,-171738.61037761884,70779.3150450598,-171738.46608226365,0,20.0
2024-02-07 16:09:47,-0.1050396105984752,70785.26945935526,-171738.3279588895,70775.78310931542,-171738.61037761884,70778.40823231473,-171738.4271387659,1,20.0
2024-02-07 16:09:47,-0.1539314773925431,70785.26945935526,-171738.3279588895,70775.78310931542,-171738.61037761884,70777.80286358859,-171738.39624770786,1,20.0
2024-02-07 16:09:48,-0.24828692685015166,70785.26945935526,-171738.3279588895,70775.78310931542,-171738.61037761884,70776.91769307114,-171738.32820292097,3,20.0
timestamp,直線との距離:,startx:,starty:,goalx:,goaly:,x:,y:,操作量,sp
2024-02-07 16:09:48,-0.0,70776.07467396301,-171738.27954062074,70771.25829337153,-171738.1511842335,70776.07467396301,-171738.27954062074,-1,25.0
2024-02-07 16:09:49,-0.03829531815740081,70776.07467396301,-171738.27954062074,70771.25829337153,-171738.1511842335,70774.97712884452,-171738.21198216398,0,25.0
2024-02-07 16:09:49,-0.07228883959096868,70776.07467396301,-171738.27954062074,70771.25829337153,-171738.1511842335,70774.37156499762,-171738.16183831627,0,25.0
2024-02-07 16:09:50,-0.07228883959096868,70776.07467396301,-171738.27954062074,70771.25829337153,-171738.1511842335,70774.37156499762,-171738.16183831627,0,25.0
2024-02-07 16:09:50,-0.10813857060318753,70776.07467396301,-171738.27954062074,70771.25829337153,-171738.1511842335,70773.4541155646,-171738.10152585912,1,25.0
2024-02-07 16:09:51,-0.17324790532781503,70776.07467396301,-171738.27954062074,70771.25829337153,-171738.1511842335,70772.19995372421,-171738.00297003496,1,25.0
timestamp,直線との距離:,startx:,starty:,goalx:,goaly:,x:,y:,操作量,sp
2024-02-07 16:09:51,0.0,70771.29047673529,-171737.9040675387,70771.38505203897,-171747.93783546993,70771.29047673529,-171737.9040675387,-2,35.0
2024-02-07 16:09:52,-0.6086439988850815,70771.29047673529,-171737.9040675387,70771.38505203897,-171747.93783546993,70770.68113273445,-171737.83267068834,10,35.0
2024-02-07 16:09:53,-1.5204554646145787,70771.29047673529,-171737.9040675387,70771.38505203897,-171747.93783546993,70769.7681272516,-171737.7102910901,21,35.0
2024-02-07 16:09:53,-2.532502830305705,70771.29047673529,-171737.9040675387,70771.38505203897,-171747.93783546993,70768.75468509282,-171737.56708297256,32,35.0
2024-02-07 16:09:54,-3.5978561965502998,70771.29047673529,-171737.9040675387,70771.38505203897,-171747.93783546993,70767.68828514674,-171737.46106902647,43,35.0
2024-02-07 16:09:54,-4.322695965283068,70771.29047673529,-171737.9040675387,70771.38505203897,-171747.93783546993,70766.96361852698,-171737.48285488744,48,35.0
2024-02-07 16:09:55,-5.3179574350796885,70771.29047673529,-171737.9040675387,70771.38505203897,-171747.93783546993,70765.97139344735,-171737.8096847324,60,35.0
2024-02-07 16:09:55,-6.017700467302174,70771.29047673529,-171737.9040675387,70771.38505203897,-171747.93783546993,70765.27738327479,-171738.42119813184,65,35.0
2024-02-07 16:09:56,-6.299352613779088,70771.29047673529,-171737.9040675387,70771.38505203897,-171747.93783546993,70765.00057366001,-171738.93628370168,64,35.0
2024-02-07 16:09:56,-6.374020954498251,70771.29047673529,-171737.9040675387,70771.38505203897,-171747.93783546993,70764.93387634693,-171739.78230500643,64,35.0
2024-02-07 16:09:57,-5.889996955241236,70771.29047673529,-171737.9040675387,70771.38505203897,-171747.93783546993,70765.42412583937,-171740.44050453074,55,35.0
2024-02-07 16:09:57,-5.373763060243441,70771.29047673529,-171737.9040675387,70771.38505203897,-171747.93783546993,70765.94282506731,-171740.6996259642,50,35.0
2024-02-07 16:09:58,-3.922632037018286,70771.29047673529,-171737.9040675387,70771.38505203897,-171747.93783546993,70767.39102901336,-171740.38224505607,29,35.0
2024-02-07 16:09:58,-3.444744517446261,70771.29047673529,-171737.9040675387,70771.38505203897,-171747.93783546993,70767.86465723647,-171739.92811179298,31,35.0
2024-02-07 16:09:59,-2.9387656752379407,70771.29047673529,-171737.9040675387,70771.38505203897,-171747.93783546993,70768.36254703636,-171739.06753731144,25,35.0
2024-02-07 16:10:00,-2.7297425856331845,70771.29047673529,-171737.9040675387,70771.38505203897,-171747.93783546993,70768.56536853858,-171738.4086078688,25,35.0
2024-02-07 16:10:00,-2.604780285910115,70771.29047673529,-171737.9040675387,70771.38505203897,-171747.93783546993,70768.68025289066,-171737.33882029363,25,35.0
2024-02-07 16:10:01,-2.7274303175455605,70771.29047673529,-171737.9040675387,70771.38505203897,-171747.93783546993,70768.54741891415,-171736.2589541006,28,35.0
2024-02-07 16:10:01,-2.965649881811934,70771.29047673529,-171737.9040675387,70771.38505203897,-171747.93783546993,70768.30274143795,-171735.57493818374,31,35.0
2024-02-07 16:10:02,-3.5174487392824645,70771.29047673529,-171737.9040675387,70771.38505203897,-171747.93783546993,70767.74227245903,-171734.6577003722,39,35.0
2024-02-07 16:10:02,-4.038942657572837,70771.29047673529,-171737.9040675387,70771.38505203897,-171747.93783546993,70767.2158217613,-171734.13427895145,44,35.0
2024-02-07 16:10:03,-4.8974381239638065,70771.29047673529,-171737.9040675387,70771.38505203897,-171747.93783546993,70766.35226808586,-171733.60168477165,54,35.0
2024-02-07 16:10:03,-5.874853995643242,70771.29047673529,-171737.9040675387,70771.38505203897,-171747.93783546993,70765.37271755407,-171733.3798188105,65,35.0
2024-02-07 16:10:04,-6.764830309384848,70771.29047673529,-171737.9040675387,70771.38505203897,-171747.93783546993,70764.48383889897,-171733.50046682853,73,35.0
2024-02-07 16:10:04,-6.764830309384848,70771.29047673529,-171737.9040675387,70771.38505203897,-171747.93783546993,70764.48383889897,-171733.50046682853,67,35.0
2024-02-07 16:10:05,-7.849342579898502,70771.29047673529,-171737.9040675387,70771.38505203897,-171747.93783546993,70763.4078465614,-171734.40948222505,86,35.0
2024-02-07 16:10:05,-7.736816233094945,70771.29047673529,-171737.9040675387,70771.38505203897,-171747.93783546993,70763.52721414357,-171735.13475839444,76,35.0
2024-02-07 16:10:06,-7.389113710439361,70771.29047673529,-171737.9040675387,70771.38505203897,-171747.93783546993,70763.87875337996,-171735.54016783414,71,35.0
2024-02-07 16:10:07,-6.929771515703721,70771.29047673529,-171737.9040675387,70771.38505203897,-171747.93783546993,70764.34063535706,-171735.80745594046,66,35.0
2024-02-07 16:10:07,-6.432304381268793,70771.29047673529,-171737.9040675387,70771.38505203897,-171747.93783546993,70764.8389652215,-171735.89664102922,60,35.0
2024-02-07 16:10:08,-5.769616785338939,70771.29047673529,-171737.9040675387,70771.38505203897,-171747.93783546993,70765.49905743654,-171735.61816647396,53,35.0
2024-02-07 16:10:08,-5.235850991644865,70771.29047673529,-171737.9040675387,70771.38505203897,-171747.93783546993,70766.0277845987,-171735.08108795548,48,35.0
2024-02-07 16:10:09,-5.038512664837569,70771.29047673529,-171737.9040675387,70771.38505203897,-171747.93783546993,70766.22032658017,-171734.57129977894,49,35.0
2024-02-07 16:10:09,-5.009777507305041,70771.29047673529,-171737.9040675387,70771.38505203897,-171747.93783546993,70766.24103547573,-171733.71963497528,49,35.0
