timestamp,直線との距離:,startx:,starty:,goalx:,goaly:,x:,y:,操作量,sp
2024-02-09 11:41:43,0.0,70788.67595313885,-171736.18339117616,70772.9149468953,-171738.43357661384,70788.67595313885,-171736.18339117616,0,20.0
2024-02-09 11:41:43,0.0,70788.67595313885,-171736.18339117616,70772.9149468953,-171738.43357661384,70788.67595313885,-171736.18339117616,0,20.0
2024-02-09 11:41:44,0.0026738560779870526,70788.67595313885,-171736.18339117616,70772.9149468953,-171738.43357661384,70788.67817103256,-171736.18577549863,-1,20.0
2024-02-09 11:41:44,0.01485826938715857,70788.67595313885,-171736.18339117616,70772.9149468953,-171738.43357661384,70788.67186090235,-171736.19898435505,-1,20.0
2024-02-09 11:41:45,0.11017916470144198,70788.67595313885,-171736.18339117616,70772.9149468953,-171738.43357661384,70788.17503340195,-171736.36620345325,-2,20.0
2024-02-09 11:41:45,0.20561671927403655,70788.67595313885,-171736.18339117616,70772.9149468953,-171738.43357661384,70787.44039555358,-171736.56749237448,-3,20.0
2024-02-09 11:41:46,0.35908927502312665,70788.67595313885,-171736.18339117616,70772.9149468953,-171738.43357661384,70786.59079967058,-171736.84381723852,-5,20.0
2024-02-09 11:41:46,0.47172120447187704,70788.67595313885,-171736.18339117616,70772.9149468953,-171738.43357661384,70785.99968165717,-171737.04198468276,-6,20.0
2024-02-09 11:41:47,0.5916133678790011,70788.67595313885,-171736.18339117616,70772.9149468953,-171738.43357661384,70785.04788170331,-171737.29898023393,-7,20.0
2024-02-09 11:41:47,0.7065384454706101,70788.67595313885,-171736.18339117616,70772.9149468953,-171738.43357661384,70784.07919103933,-171737.5533698048,-8,20.0
2024-02-09 11:41:48,0.7464102289688442,70788.67595313885,-171736.18339117616,70772.9149468953,-171738.43357661384,70783.08467839967,-171737.7356316149,-8,20.0
2024-02-09 11:41:48,0.7557236023379835,70788.67595313885,-171736.18339117616,70772.9149468953,-171738.43357661384,70782.43253739082,-171737.83814504324,-8,20.0
2024-02-09 11:41:49,0.7055221059562108,70788.67595313885,-171736.18339117616,70772.9149468953,-171738.43357661384,70781.42204357969,-171737.93170183923,-7,20.0
2024-02-09 11:41:49,0.6228186258579975,70788.67595313885,-171736.18339117616,70772.9149468953,-171738.43357661384,70780.74609773833,-171737.9446639493,-6,20.0
2024-02-09 11:41:50,0.35980505005645563,70788.67595313885,-171736.18339117616,70772.9149468953,-171738.43357661384,70779.08913225037,-171737.91554693997,-2,20.0
2024-02-09 11:41:50,0.35980505005645563,70788.67595313885,-171736.18339117616,70772.9149468953,-171738.43357661384,70779.08913225037,-171737.91554693997,-4,20.0
2024-02-09 11:41:51,0.19460533069725555,70788.67595313885,-171736.18339117616,70772.9149468953,-171738.43357661384,70778.43397454871,-171737.84220838532,-1,20.0
2024-02-09 11:41:51,-0.1747965908141878,70788.67595313885,-171736.18339117616,70772.9149468953,-171738.43357661384,70776.84615579677,-171737.69575222078,4,20.0
2024-02-09 11:41:52,-0.43557058701561086,70788.67595313885,-171736.18339117616,70772.9149468953,-171738.43357661384,70775.9376969132,-171737.5620338502,6,20.0
2024-02-09 11:41:53,-0.6668547526674606,70788.67595313885,-171736.18339117616,70772.9149468953,-171738.43357661384,70775.02351558059,-171737.4589213293,8,20.0
2024-02-09 11:41:53,-0.6668547526674606,70788.67595313885,-171736.18339117616,70772.9149468953,-171738.43357661384,70775.02351558059,-171737.4589213293,6,20.0
2024-02-09 11:41:54,-0.8028889103909029,70788.67595313885,-171736.18339117616,70772.9149468953,-171738.43357661384,70774.42437830432,-171737.40704608973,8,20.0
timestamp,直線との距離:,startx:,starty:,goalx:,goaly:,x:,y:,操作量,sp
2024-02-09 11:41:54,0.0,70772.63341244981,-171737.4003917383,70767.81304474265,-171743.65567093433,70772.63341244981,-171737.4003917383,-6,20.0
2024-02-09 11:41:55,-0.4481563012214628,70772.63341244981,-171737.4003917383,70767.81304474265,-171743.65567093433,70772.04591808406,-171737.42856352607,12,20.0
2024-02-09 11:41:55,-1.112658150946609,70772.63341244981,-171737.4003917383,70767.81304474265,-171743.65567093433,70771.12332539674,-171737.53714979574,26,20.0
2024-02-09 11:41:56,-1.789540167729545,70772.63341244981,-171737.4003917383,70767.81304474265,-171743.65567093433,70770.2606151812,-171737.54774577907,40,20.0
2024-02-09 11:41:56,-1.789540167729545,70772.63341244981,-171737.4003917383,70767.81304474265,-171743.65567093433,70770.2606151812,-171737.54774577907,35,20.0
2024-02-09 11:41:57,-2.187384629397141,70772.63341244981,-171737.4003917383,70767.81304474265,-171743.65567093433,70769.6705622263,-171737.66166272492,46,20.0
2024-02-09 11:41:57,-2.590017404671884,70772.63341244981,-171737.4003917383,70767.81304474265,-171743.65567093433,70768.91912035151,-171737.97716571932,54,20.0
2024-02-09 11:41:58,-2.710517970740442,70772.63341244981,-171737.4003917383,70767.81304474265,-171743.65567093433,70768.35066422522,-171738.51742422782,55,20.0
2024-02-09 11:41:58,-2.6506866396622124,70772.63341244981,-171737.4003917383,70767.81304474265,-171743.65567093433,70768.08586149139,-171738.95907312373,52,20.0
2024-02-09 11:41:59,-1.710101874015838,70772.63341244981,-171737.4003917383,70767.81304474265,-171743.65567093433,70768.08070762399,-171740.50670343274,27,20.0
2024-02-09 11:42:00,-1.2237348700267743,70772.63341244981,-171737.4003917383,70767.81304474265,-171743.65567093433,70768.33375736563,-171740.9751325371,21,20.0
2024-02-09 11:42:00,-0.40509890973820306,70772.63341244981,-171737.4003917383,70767.81304474265,-171743.65567093433,70768.94315748871,-171741.5254839844,2,20.0
2024-02-09 11:42:01,0.4931507548221592,70772.63341244981,-171737.4003917383,70767.81304474265,-171743.65567093433,70769.69771582703,-171742.0178966158,-17,20.0
2024-02-09 11:42:01,1.0893624368821808,70772.63341244981,-171737.4003917383,70767.81304474265,-171743.65567093433,70770.24568568605,-171742.2835711961,-26,20.0
2024-02-09 11:42:02,1.0893624368821808,70772.63341244981,-171737.4003917383,70767.81304474265,-171743.65567093433,70770.24568568605,-171742.2835711961,-22,20.0
2024-02-09 11:42:02,3.0194396603894673,70772.63341244981,-171737.4003917383,70767.81304474265,-171743.65567093433,70771.8448198325,-171743.3704210206,-74,20.0
2024-02-09 11:42:03,3.6347420304001554,70772.63341244981,-171737.4003917383,70767.81304474265,-171743.65567093433,70772.25344472924,-171743.84819623496,-78,20.0
2024-02-09 11:42:03,4.438181756969247,70772.63341244981,-171737.4003917383,70767.81304474265,-171743.65567093433,70772.62753232858,-171744.67901157535,-95,20.0
2024-02-09 11:42:04,4.64752129676691,70772.63341244981,-171737.4003917383,70767.81304474265,-171743.65567093433,70772.36071434438,-171745.36821208912,-95,20.0
2024-02-09 11:42:04,4.64752129676691,70772.63341244981,-171737.4003917383,70767.81304474265,-171743.65567093433,70772.36071434438,-171745.36821208912,-93,20.0
2024-02-09 11:42:05,3.988968331362564,70772.63341244981,-171737.4003917383,70767.81304474265,-171743.65567093433,70771.35553294343,-171745.59371775875,-76,20.0
2024-02-09 11:42:05,3.313868455450536,70772.63341244981,-171737.4003917383,70767.81304474265,-171743.65567093433,70770.87082106814,-171745.1167137246,-62,20.0
2024-02-09 11:42:06,3.313868455450536,70772.63341244981,-171737.4003917383,70767.81304474265,-171743.65567093433,70770.87082106814,-171745.1167137246,-67,20.0
2024-02-09 11:42:06,2.939419786740475,70772.63341244981,-171737.4003917383,70767.81304474265,-171743.65567093433,70770.75154983303,-171744.65803705464,-57,20.0
2024-02-09 11:42:07,2.4599783340270647,70772.63341244981,-171737.4003917383,70767.81304474265,-171743.65567093433,70771.2629436491,-171743.2089533034,-46,20.0
2024-02-09 11:42:07,2.655813205500151,70772.63341244981,-171737.4003917383,70767.81304474265,-171743.65567093433,70771.71990685519,-171742.93679533698,-55,20.0
2024-02-09 11:42:08,3.0948857687113867,70772.63341244981,-171737.4003917383,70767.81304474265,-171743.65567093433,70772.46206751307,-171742.69303497844,-65,20.0
2024-02-09 11:42:08,3.5609905739039482,70772.63341244981,-171737.4003917383,70767.81304474265,-171743.65567093433,70773.01818986192,-171742.73497862328,-75,20.0
2024-02-09 11:42:09,4.109517262362208,70772.63341244981,-171737.4003917383,70767.81304474265,-171743.65567093433,70773.55279284499,-171742.9398776637,-87,20.0
2024-02-09 11:42:10,4.687227584620499,70772.63341244981,-171737.4003917383,70767.81304474265,-171743.65567093433,70773.99152101415,-171743.31700221894,-98,20.0
2024-02-09 11:42:10,5.394700783020755,70772.63341244981,-171737.4003917383,70767.81304474265,-171743.65567093433,70774.2726897077,-171744.11117611447,-90,20.0
2024-02-09 11:42:11,5.626012983559787,70772.63341244981,-171737.4003917383,70767.81304474265,-171743.65567093433,70774.04317648015,-171744.7879645072,-90,20.0
2024-02-09 11:42:11,5.468398708032375,70772.63341244981,-171737.4003917383,70767.81304474265,-171743.65567093433,70773.66763026889,-171745.01708561112,-90,20.0
2024-02-09 11:42:12,4.944051842772474,70772.63341244981,-171737.4003917383,70767.81304474265,-171743.65567093433,70773.03869415008,-171744.9742138372,-96,20.0
2024-02-09 11:42:12,4.123608410702709,70772.63341244981,-171737.4003917383,70767.81304474265,-171743.65567093433,70772.4885372641,-171744.34402267044,-77,20.0
2024-02-09 11:42:13,3.7384934964791294,70772.63341244981,-171737.4003917383,70767.81304474265,-171743.65567093433,70772.51199702185,-171743.6826529982,-73,20.0
2024-02-09 11:42:13,3.71136486376676,70772.63341244981,-171737.4003917383,70767.81304474265,-171743.65567093433,70772.91374586268,-171743.11686853354,-75,20.0
2024-02-09 11:42:14,4.094349146894682,70772.63341244981,-171737.4003917383,70767.81304474265,-171743.65567093433,70773.61344161254,-171742.83632552985,-85,20.0
2024-02-09 11:42:14,4.521801965640903,70772.63341244981,-171737.4003917383,70767.81304474265,-171743.65567093433,70774.0991014413,-171742.90638393085,-94,20.0
