timestamp,直線との距離:,startx:,starty:,goalx:,goaly:,x:,y:,操作量,sp
2024-02-08 14:19:41,0.0,70789.00504568528,-171729.35767674205,70772.9149468953,-171738.43357661384,70789.00504568528,-171729.35767674205,0,20.0
2024-02-08 14:19:41,0.0,70789.00504568528,-171729.35767674205,70772.9149468953,-171738.43357661384,70789.00504568528,-171729.35767674205,0,20.0
2024-02-08 14:19:42,-0.0056029716298286614,70789.00504568528,-171729.35767674205,70772.9149468953,-171738.43357661384,70788.99543789256,-171729.35666331908,0,20.0
2024-02-08 14:19:42,-0.09455124310336076,70789.00504568528,-171729.35767674205,70772.9149468953,-171738.43357661384,70788.67771909169,-171729.43375513278,1,20.0
2024-02-08 14:19:43,-0.29981644532702245,70789.00504568528,-171729.35767674205,70772.9149468953,-171738.43357661384,70788.02165186398,-171729.56815284386,4,20.0
2024-02-08 14:19:44,-0.5162396542474613,70789.00504568528,-171729.35767674205,70772.9149468953,-171738.43357661384,70787.23049100663,-171729.7659417706,6,20.0
2024-02-08 14:19:44,-0.6632412881142733,70789.00504568528,-171729.35767674205,70772.9149468953,-171738.43357661384,70786.67011850838,-171729.9132545835,7,20.0
2024-02-08 14:19:45,-0.8558397326522066,70789.00504568528,-171729.35767674205,70772.9149468953,-171738.43357661384,70785.85714822718,-171730.1506991052,9,20.0
2024-02-08 14:19:45,-1.033342319203548,70789.00504568528,-171729.35767674205,70772.9149468953,-171738.43357661384,70785.02867491734,-171730.4142201867,11,20.0
2024-02-08 14:19:46,-1.1803139734183195,70789.00504568528,-171729.35767674205,70772.9149468953,-171738.43357661384,70784.18460454619,-171730.72159213567,12,20.0
2024-02-08 14:19:46,-1.2481733441249114,70789.00504568528,-171729.35767674205,70772.9149468953,-171738.43357661384,70783.63987126839,-171730.95094793028,12,20.0
2024-02-08 14:19:47,-1.3340687500030592,70789.00504568528,-171729.35767674205,70772.9149468953,-171738.43357661384,70782.83181653998,-171731.30812729208,13,20.0
2024-02-08 14:19:47,-1.3650263402061116,70789.00504568528,-171729.35767674205,70772.9149468953,-171738.43357661384,70782.0483912373,-171731.71448902314,13,20.0
2024-02-08 14:19:48,-1.3698295714413684,70789.00504568528,-171729.35767674205,70772.9149468953,-171738.43357661384,70781.29444269463,-171732.13425213232,13,20.0
2024-02-08 14:19:48,-1.3335233748772894,70789.00504568528,-171729.35767674205,70772.9149468953,-171738.43357661384,70780.83325675686,-171732.43607582746,13,20.0
2024-02-08 14:19:49,-1.2388655918859088,70789.00504568528,-171729.35767674205,70772.9149468953,-171738.43357661384,70780.14875938235,-171732.93085665186,11,20.0
2024-02-08 14:19:50,-1.095060941295796,70789.00504568528,-171729.35767674205,70772.9149468953,-171738.43357661384,70779.50763764177,-171733.45759703664,9,20.0
2024-02-08 14:19:50,-1.095060941295796,70789.00504568528,-171729.35767674205,70772.9149468953,-171738.43357661384,70779.50763764177,-171733.45759703664,10,20.0
2024-02-08 14:19:51,-0.6977506583308667,70789.00504568528,-171729.35767674205,70772.9149468953,-171738.43357661384,70778.51526961655,-171734.47351804888,4,20.0
2024-02-08 14:19:51,-0.406549716268889,70789.00504568528,-171729.35767674205,70772.9149468953,-171738.43357661384,70777.9476981891,-171735.12799924833,2,20.0
2024-02-08 14:19:52,-0.19282860721004522,70789.00504568528,-171729.35767674205,70772.9149468953,-171738.43357661384,70777.57281571972,-171735.58483500007,0,20.0
2024-02-08 14:19:52,0.04063738912613996,70789.00504568528,-171729.35767674205,70772.9149468953,-171738.43357661384,70777.22515463547,-171736.0489854917,-3,20.0
2024-02-08 14:19:53,0.29641928478451857,70789.00504568528,-171729.35767674205,70772.9149468953,-171738.43357661384,70776.91605991607,-171736.51700321215,-5,20.0
2024-02-08 14:19:53,0.6488751032534859,70789.00504568528,-171729.35767674205,70772.9149468953,-171738.43357661384,70776.46575747014,-171737.1756645524,-9,20.0
2024-02-08 14:19:54,1.0377610461227924,70789.00504568528,-171729.35767674205,70772.9149468953,-171738.43357661384,70776.06522725617,-171737.8480770352,-14,20.0
2024-02-08 14:19:54,1.4119075865173811,70789.00504568528,-171729.35767674205,70772.9149468953,-171738.43357661384,70775.6421686022,-171738.51627452165,-17,20.0
2024-02-08 14:19:55,1.657780268153561,70789.00504568528,-171729.35767674205,70772.9149468953,-171738.43357661384,70775.36567772718,-171738.95452454267,-19,20.0
2024-02-08 14:19:56,1.9416934666653698,70789.00504568528,-171729.35767674205,70772.9149468953,-171738.43357661384,70774.89931305136,-171739.54355113464,-22,20.0
2024-02-08 14:19:56,2.3213664855784666,70789.00504568528,-171729.35767674205,70772.9149468953,-171738.43357661384,70774.06992411822,-171740.44729131958,-26,20.0
2024-02-08 14:19:57,2.4170366550411444,70789.00504568528,-171729.35767674205,70772.9149468953,-171738.43357661384,70773.71807777484,-171740.75559688619,-25,20.0
2024-02-08 14:19:57,2.509080962999625,70789.00504568528,-171729.35767674205,70772.9149468953,-171738.43357661384,70773.12843321753,-171741.1938737561,-26,20.0
2024-02-08 14:19:58,2.4922359354494033,70789.00504568528,-171729.35767674205,70772.9149468953,-171738.43357661384,70772.70180394547,-171741.41518135407,-25,20.0
2024-02-08 14:19:58,2.4922359354494033,70789.00504568528,-171729.35767674205,70772.9149468953,-171738.43357661384,70772.70180394547,-171741.41518135407,-25,20.0
2024-02-08 14:19:59,2.1881661643443175,70789.00504568528,-171729.35767674205,70772.9149468953,-171738.43357661384,70771.3345950806,-171741.83727168755,-20,20.0
2024-02-08 14:19:59,2.1881661643443175,70789.00504568528,-171729.35767674205,70772.9149468953,-171738.43357661384,70771.3345950806,-171741.83727168755,-22,20.0
2024-02-08 14:20:00,1.8950020616645922,70789.00504568528,-171729.35767674205,70772.9149468953,-171738.43357661384,70770.61466202303,-171741.9067758324,-17,20.0
2024-02-08 14:20:00,1.6351412408138815,70789.00504568528,-171729.35767674205,70772.9149468953,-171738.43357661384,70770.13655148231,-171741.87811183854,-15,20.0
2024-02-08 14:20:01,1.1473128486264057,70789.00504568528,-171729.35767674205,70772.9149468953,-171738.43357661384,70769.36174325166,-171741.7550719524,-9,20.0
2024-02-08 14:20:01,0.040964348445750066,70789.00504568528,-171729.35767674205,70772.9149468953,-171738.43357661384,70768.06732060295,-171741.2149963303,7,20.0
2024-02-08 14:20:02,-0.7399450725586696,70789.00504568528,-171729.35767674205,70772.9149468953,-171738.43357661384,70767.35551312135,-171740.71992854634,12,20.0
2024-02-08 14:20:03,-1.471935565563089,70789.00504568528,-171729.35767674205,70772.9149468953,-171738.43357661384,70766.64549872332,-171740.2800139817,19,20.0
2024-02-08 14:20:03,-2.1340223711734554,70789.00504568528,-171729.35767674205,70772.9149468953,-171738.43357661384,70765.93765652375,-171739.91913174329,25,20.0
2024-02-08 14:20:04,-2.1340223711734554,70789.00504568528,-171729.35767674205,70772.9149468953,-171738.43357661384,70765.93765652375,-171739.91913174329,21,20.0
2024-02-08 14:20:04,-2.5210978914537234,70789.00504568528,-171729.35767674205,70772.9149468953,-171738.43357661384,70765.47361561525,-171739.73647420498,27,20.0
2024-02-08 14:20:05,-2.52597533036791,70789.00504568528,-171729.35767674205,70772.9149468953,-171738.43357661384,70765.44111308022,-171739.74920795558,25,20.0
2024-02-08 14:20:05,-2.505243098629083,70789.00504568528,-171729.35767674205,70772.9149468953,-171738.43357661384,70765.59772136321,-171739.68467335365,24,20.0
2024-02-08 14:20:06,-2.4071931562878506,70789.00504568528,-171729.35767674205,70772.9149468953,-171738.43357661384,70765.8657863868,-171739.64603939655,23,20.0
2024-02-08 14:20:06,-1.9171002656046428,70789.00504568528,-171729.35767674205,70772.9149468953,-171738.43357661384,70766.54669041747,-171739.82464748737,15,20.0
2024-02-08 14:20:07,-1.2776667171278475,70789.00504568528,-171729.35767674205,70772.9149468953,-171738.43357661384,70767.23532091161,-171740.1703578388,8,20.0
2024-02-08 14:20:08,-1.2776667171278475,70789.00504568528,-171729.35767674205,70772.9149468953,-171738.43357661384,70767.23532091161,-171740.1703578388,12,20.0
2024-02-08 14:20:08,0.011133106541040686,70789.00504568528,-171729.35767674205,70772.9149468953,-171738.43357661384,70768.10910082971,-171741.15717971954,-10,20.0
2024-02-08 14:20:09,0.6931178597217267,70789.00504568528,-171729.35767674205,70772.9149468953,-171738.43357661384,70768.54601679044,-171741.6937277781,-12,20.0
2024-02-08 14:20:09,0.6931178597217267,70789.00504568528,-171729.35767674205,70772.9149468953,-171738.43357661384,70768.54601679044,-171741.6937277781,-7,20.0
2024-02-08 14:20:10,1.3913491900773185,70789.00504568528,-171729.35767674205,70772.9149468953,-171738.43357661384,70768.84815591184,-171742.3249520223,-19,20.0
2024-02-08 14:20:10,1.4845462510657794,70789.00504568528,-171729.35767674205,70772.9149468953,-171738.43357661384,70768.86518469546,-171742.42234774516,-16,20.0
2024-02-08 14:20:11,1.5211581770777929,70789.00504568528,-171729.35767674205,70772.9149468953,-171738.43357661384,70768.85483840748,-171742.47021851322,-16,20.0
2024-02-08 14:20:11,1.602831044911439,70789.00504568528,-171729.35767674205,70772.9149468953,-171738.43357661384,70768.90513425243,-171742.53561825308,-17,20.0
2024-02-08 14:20:12,1.6047214998912385,70789.00504568528,-171729.35767674205,70772.9149468953,-171738.43357661384,70768.90270221895,-171742.53916054682,-17,20.0
2024-02-08 14:20:12,1.5805427028979135,70789.00504568528,-171729.35767674205,70772.9149468953,-171738.43357661384,70768.88333649973,-171742.52232403617,-16,20.0
2024-02-08 14:20:13,1.5649306754760832,70789.00504568528,-171729.35767674205,70772.9149468953,-171738.43357661384,70768.8576624815,-171742.5188814826,-16,20.0
2024-02-08 14:20:13,1.5439077336091256,70789.00504568528,-171729.35767674205,70772.9149468953,-171738.43357661384,70768.8117492841,-171742.52064282846,-16,20.0
2024-02-08 14:20:14,1.4819030598856826,70789.00504568528,-171729.35767674205,70772.9149468953,-171738.43357661384,70768.78049431102,-171742.46708413644,-15,20.0
2024-02-08 14:20:14,1.7146264996484206,70789.00504568528,-171729.35767674205,70772.9149468953,-171738.43357661384,70768.68898438737,-171742.78589557233,-19,20.0
2024-02-08 14:20:15,1.9014233487398622,70789.00504568528,-171729.35767674205,70772.9149468953,-171738.43357661384,70768.82815564917,-171742.9218581895,-21,20.0
2024-02-08 14:20:16,2.040497690924538,70789.00504568528,-171729.35767674205,70772.9149468953,-171738.43357661384,70769.07229273459,-171742.9438220013,-22,20.0
2024-02-08 14:20:16,2.1671211110622073,70789.00504568528,-171729.35767674205,70772.9149468953,-171738.43357661384,70769.48246980754,-171742.85783296052,-23,20.0
2024-02-08 14:20:17,2.056707460592025,70789.00504568528,-171729.35767674205,70772.9149468953,-171738.43357661384,70769.84587006253,-171742.52608297218,-20,20.0
2024-02-08 14:20:17,1.903580863686028,70789.00504568528,-171729.35767674205,70772.9149468953,-171738.43357661384,70769.97033808801,-171742.2800674125,-18,20.0
2024-02-08 14:20:18,1.5931546679517337,70789.00504568528,-171729.35767674205,70772.9149468953,-171738.43357661384,70770.12706798506,-171741.83525568355,-14,20.0
2024-02-08 14:20:18,1.2773991718005153,70789.00504568528,-171729.35767674205,70772.9149468953,-171738.43357661384,70770.16513071035,-171741.45126157632,-11,20.0
2024-02-08 14:20:19,0.777507441124362,70789.00504568528,-171729.35767674205,70772.9149468953,-171738.43357661384,70770.08491116705,-171740.9225767483,-5,20.0
2024-02-08 14:20:19,0.47255274346450904,70789.00504568528,-171729.35767674205,70772.9149468953,-171738.43357661384,70770.10592152126,-171740.56060190473,-3,20.0
2024-02-08 14:20:20,-0.05705092682307941,70789.00504568528,-171729.35767674205,70772.9149468953,-171738.43357661384,70770.09747576213,-171739.9573190516,4,20.0
2024-02-08 14:20:20,-0.5298818342897643,70789.00504568528,-171729.35767674205,70772.9149468953,-171738.43357661384,70770.13985567841,-171739.39054885128,8,20.0
2024-02-08 14:20:21,-0.9981145757701612,70789.00504568528,-171729.35767674205,70772.9149468953,-171738.43357661384,70770.16770168384,-171738.83725598725,13,20.0
2024-02-08 14:20:22,-1.2580681716698667,70789.00504568528,-171729.35767674205,70772.9149468953,-171738.43357661384,70770.26025968065,-171738.48658996983,14,20.0
2024-02-08 14:20:22,-1.7618631337889754,70789.00504568528,-171729.35767674205,70772.9149468953,-171738.43357661384,70770.3066437721,-171737.88201079596,21,20.0
2024-02-08 14:20:23,-2.391395068083222,70789.00504568528,-171729.35767674205,70772.9149468953,-171738.43357661384,70770.54529508596,-171737.0246192332,28,20.0
2024-02-08 14:20:23,-2.5503044700434607,70789.00504568528,-171729.35767674205,70772.9149468953,-171738.43357661384,70770.74467649171,-171736.72970814418,26,20.0
2024-02-08 14:20:24,-2.7002309330724685,70789.00504568528,-171729.35767674205,70772.9149468953,-171738.43357661384,70770.91989543424,-171736.45873977488,28,20.0
2024-02-08 14:20:24,-2.950447534440588,70789.00504568528,-171729.35767674205,70772.9149468953,-171738.43357661384,70771.19306434332,-171736.01737623962,31,20.0
2024-02-08 14:20:25,-3.2072568803272006,70789.00504568528,-171729.35767674205,70772.9149468953,-171738.43357661384,70771.40644525393,-171735.60216792376,33,20.0
2024-02-08 14:20:25,-3.50495486184705,70789.00504568528,-171729.35767674205,70772.9149468953,-171738.43357661384,70771.40940786044,-171735.2587047831,37,20.0
2024-02-08 14:20:26,-3.6838117300088666,70789.00504568528,-171729.35767674205,70772.9149468953,-171738.43357661384,70771.54271193012,-171734.9781637444,38,20.0
2024-02-08 14:20:26,-3.6838117300088666,70789.00504568528,-171729.35767674205,70772.9149468953,-171738.43357661384,70771.54271193012,-171734.9781637444,36,20.0
2024-02-08 14:20:27,-4.107118097117167,70789.00504568528,-171729.35767674205,70772.9149468953,-171738.43357661384,70771.97283625366,-171734.2495395251,44,20.0
2024-02-08 14:20:27,-4.227537004726986,70789.00504568528,-171729.35767674205,70772.9149468953,-171738.43357661384,70772.00266192375,-171734.0944608759,43,20.0
2024-02-08 14:20:28,-4.457070062902917,70789.00504568528,-171729.35767674205,70772.9149468953,-171738.43357661384,70771.64623475054,-171734.03197907517,46,20.0
2024-02-08 14:20:28,-4.457070062902917,70789.00504568528,-171729.35767674205,70772.9149468953,-171738.43357661384,70771.64623475054,-171734.03197907517,44,20.0
2024-02-08 14:20:29,-4.868698964061154,70789.00504568528,-171729.35767674205,70772.9149468953,-171738.43357661384,70771.08484442318,-171733.87604302136,51,20.0
2024-02-08 14:20:30,-5.0787790014419345,70789.00504568528,-171729.35767674205,70772.9149468953,-171738.43357661384,70770.68651701821,-171733.85953011308,52,20.0
2024-02-08 14:20:30,-5.132171274413206,70789.00504568528,-171729.35767674205,70772.9149468953,-171738.43357661384,70770.51903373249,-171733.89270140982,51,20.0
2024-02-08 14:20:31,-4.971307067207517,70789.00504568528,-171729.35767674205,70772.9149468953,-171738.43357661384,70770.61782435597,-171734.02166772806,48,20.0
2024-02-08 14:20:31,-4.590184096453112,70789.00504568528,-171729.35767674205,70772.9149468953,-171738.43357661384,70770.94519550276,-171734.27458199914,43,20.0
2024-02-08 14:20:32,-4.330981040068832,70789.00504568528,-171729.35767674205,70772.9149468953,-171738.43357661384,70771.12514859444,-171734.47067169382,41,20.0
2024-02-08 14:20:32,-4.08194826233588,70789.00504568528,-171729.35767674205,70772.9149468953,-171738.43357661384,70771.48957212437,-171734.55103096468,39,20.0
2024-02-08 14:20:33,-2.364387552448638,70789.00504568528,-171729.35767674205,70772.9149468953,-171738.43357661384,70771.01471242344,-171736.79084400577,11,20.0
2024-02-08 14:20:33,-1.5099859056812874,70789.00504568528,-171729.35767674205,70772.9149468953,-171738.43357661384,70771.01219321071,-171737.77321783022,9,20.0
2024-02-08 14:20:34,-1.1402754587341168,70789.00504568528,-171729.35767674205,70772.9149468953,-171738.43357661384,70770.89745687443,-171738.2624076016,8,20.0
2024-02-08 14:20:34,-0.8815704142100375,70789.00504568528,-171729.35767674205,70772.9149468953,-171738.43357661384,70770.86882233736,-171738.57558299784,7,20.0
2024-02-08 14:20:35,-0.3101049353945257,70789.00504568528,-171729.35767674205,70772.9149468953,-171738.43357661384,70771.0669759614,-171739.11992007506,-1,20.0
2024-02-08 14:20:36,0.2334255892689494,70789.00504568528,-171729.35767674205,70772.9149468953,-171738.43357661384,70771.39840790046,-171739.55700661422,-7,20.0
2024-02-08 14:20:36,0.5317390713343808,70789.00504568528,-171729.35767674205,70772.9149468953,-171738.43357661384,70771.58890198373,-171739.79205381317,-8,20.0
2024-02-08 14:20:37,0.9885831929400606,70789.00504568528,-171729.35767674205,70772.9149468953,-171738.43357661384,70771.76773403551,-171740.21569086198,-14,20.0
2024-02-08 14:20:37,1.4385930066323902,70789.00504568528,-171729.35767674205,70772.9149468953,-171738.43357661384,70771.96816319854,-171740.61929910167,-18,20.0
2024-02-08 14:20:38,1.7586570510144681,70789.00504568528,-171729.35767674205,70772.9149468953,-171738.43357661384,70772.1957176058,-171740.85841396506,-20,20.0
2024-02-08 14:20:38,1.9854156372101668,70789.00504568528,-171729.35767674205,70772.9149468953,-171738.43357661384,70772.33248843493,-171741.04161132665,-22,20.0
2024-02-08 14:20:39,2.471620928257384,70789.00504568528,-171729.35767674205,70772.9149468953,-171738.43357661384,70772.59223024131,-171741.45331987183,-29,20.0
2024-02-08 14:20:39,2.5946404137892456,70789.00504568528,-171729.35767674205,70772.9149468953,-171738.43357661384,70772.62528190442,-171741.57591723537,-27,20.0
2024-02-08 14:20:40,2.538030543300059,70789.00504568528,-171729.35767674205,70772.9149468953,-171738.43357661384,70772.450126838,-171741.60972175584,-25,20.0
2024-02-08 14:20:40,2.294039244497648,70789.00504568528,-171729.35767674205,70772.9149468953,-171738.43357661384,70772.13224916013,-171741.50889569442,-22,20.0
2024-02-08 14:20:41,2.176256973451481,70789.00504568528,-171729.35767674205,70772.9149468953,-171738.43357661384,70771.90049169735,-171741.50439472424,-21,20.0
2024-02-08 14:20:42,2.025664378111943,70789.00504568528,-171729.35767674205,70772.9149468953,-171738.43357661384,70771.78355184005,-171741.39745880614,-20,20.0
2024-02-08 14:20:42,1.7243702008662505,70789.00504568528,-171729.35767674205,70772.9149468953,-171738.43357661384,70771.57952673461,-171741.16662182944,-16,20.0
2024-02-08 14:20:43,1.570370966135752,70789.00504568528,-171729.35767674205,70772.9149468953,-171738.43357661384,70771.31381347823,-171741.13969291316,-15,20.0
2024-02-08 14:20:43,1.568921275669955,70789.00504568528,-171729.35767674205,70772.9149468953,-171738.43357661384,70771.10057950788,-171741.25830682632,-16,20.0
2024-02-08 14:20:44,1.4292835385066278,70789.00504568528,-171729.35767674205,70772.9149468953,-171738.43357661384,70770.88970001775,-171741.21693664667,-14,20.0
2024-02-08 14:20:44,1.4608047773323398,70789.00504568528,-171729.35767674205,70772.9149468953,-171738.43357661384,70770.83103467747,-171741.2862179129,-15,20.0
2024-02-08 14:20:45,1.5181734186503073,70789.00504568528,-171729.35767674205,70772.9149468953,-171738.43357661384,70770.77948483673,-171741.381161393,-16,20.0
2024-02-08 14:20:45,1.6008772772337378,70789.00504568528,-171729.35767674205,70772.9149468953,-171738.43357661384,70770.75303987585,-171741.49103181588,-17,20.0
2024-02-08 14:20:46,1.7044898060899627,70789.00504568528,-171729.35767674205,70772.9149468953,-171738.43357661384,70770.9814978266,-171741.4811254152,-18,20.0
2024-02-08 14:20:47,1.834043224318079,70789.00504568528,-171729.35767674205,70772.9149468953,-171738.43357661384,70771.28578173669,-171741.45823123315,-20,20.0
2024-02-08 14:20:47,1.9339886270650781,70789.00504568528,-171729.35767674205,70772.9149468953,-171738.43357661384,70771.39300154075,-171741.51250102744,-21,20.0
2024-02-08 14:20:48,1.9365247323102253,70789.00504568528,-171729.35767674205,70772.9149468953,-171738.43357661384,70771.16563555064,-171741.64366251067,-20,20.0
2024-02-08 14:20:48,1.919424159866584,70789.00504568528,-171729.35767674205,70772.9149468953,-171738.43357661384,70771.00552476478,-171741.714342329,-20,20.0
2024-02-08 14:20:49,1.919424159866584,70789.00504568528,-171729.35767674205,70772.9149468953,-171738.43357661384,70771.00552476478,-171741.714342329,-20,20.0
2024-02-08 14:20:49,2.063968069303148,70789.00504568528,-171729.35767674205,70772.9149468953,-171738.43357661384,70771.06881766034,-171741.84459415084,-22,20.0
2024-02-08 14:20:50,2.1427540385525887,70789.00504568528,-171729.35767674205,70772.9149468953,-171738.43357661384,70771.12248831813,-171741.90477577233,-22,20.0
2024-02-08 14:20:50,2.1993689902871734,70789.00504568528,-171729.35767674205,70772.9149468953,-171738.43357661384,70771.15995203244,-171741.94864428602,-23,20.0
2024-02-08 14:20:51,2.284513296077879,70789.00504568528,-171729.35767674205,70772.9149468953,-171738.43357661384,70771.2207853316,-171742.01208580766,-24,20.0
2024-02-08 14:20:51,2.284513296077879,70789.00504568528,-171729.35767674205,70772.9149468953,-171738.43357661384,70771.2207853316,-171742.01208580766,-23,20.0
2024-02-08 14:20:52,2.3221341702222293,70789.00504568528,-171729.35767674205,70772.9149468953,-171738.43357661384,70771.26266441555,-171742.0316563372,-24,20.0
2024-02-08 14:20:53,2.4150623876752233,70789.00504568528,-171729.35767674205,70772.9149468953,-171738.43357661384,70771.2821440309,-171742.1273609621,-25,20.0
2024-02-08 14:20:53,2.4150623876752233,70789.00504568528,-171729.35767674205,70772.9149468953,-171738.43357661384,70771.2821440309,-171742.1273609621,-25,20.0
2024-02-08 14:20:54,2.42426084051324,70789.00504568528,-171729.35767674205,70772.9149468953,-171738.43357661384,70771.25675710567,-171742.15224179605,-25,20.0
2024-02-08 14:20:54,2.432697732463734,70789.00504568528,-171729.35767674205,70772.9149468953,-171738.43357661384,70771.20205081612,-171742.1927863662,-25,20.0
2024-02-08 14:20:55,2.4670828102212994,70789.00504568528,-171729.35767674205,70772.9149468953,-171738.43357661384,70771.44511280728,-171742.09516110842,-25,20.0
2024-02-08 14:20:55,2.551503056540664,70789.00504568528,-171729.35767674205,70772.9149468953,-171738.43357661384,70771.63613110833,-171742.08433821233,-27,20.0
2024-02-08 14:20:56,2.876782342526614,70789.00504568528,-171729.35767674205,70772.9149468953,-171738.43357661384,70772.14989867467,-171742.16799727498,-32,20.0
2024-02-08 14:20:56,2.936592400354234,70789.00504568528,-171729.35767674205,70772.9149468953,-171738.43357661384,70772.38616579701,-171742.10339562586,-30,20.0
2024-02-08 14:20:57,2.8308624052322124,70789.00504568528,-171729.35767674205,70772.9149468953,-171738.43357661384,70772.67504859186,-171741.81905588906,-28,20.0
2024-02-08 14:20:57,2.502483998550556,70789.00504568528,-171729.35767674205,70772.9149468953,-171738.43357661384,70772.70533073363,-171741.42495798055,-23,20.0
2024-02-08 14:20:58,2.15137531022891,70789.00504568528,-171729.35767674205,70772.9149468953,-171738.43357661384,70772.76002523502,-171740.9909928398,-20,20.0
2024-02-08 14:20:59,1.7230643079975296,70789.00504568528,-171729.35767674205,70772.9149468953,-171738.43357661384,70772.68445099436,-171740.54187077947,-15,20.0
2024-02-08 14:20:59,1.4818320056461514,70789.00504568528,-171729.35767674205,70772.9149468953,-171738.43357661384,70772.70551694804,-171740.25302532173,-14,20.0
2024-02-08 14:21:00,1.2531441548841047,70789.00504568528,-171729.35767674205,70772.9149468953,-171738.43357661384,70772.63961441047,-171740.02763844767,-11,20.0
2024-02-08 14:21:00,1.0655838852884656,70789.00504568528,-171729.35767674205,70772.9149468953,-171738.43357661384,70772.43636008751,-171739.92694649906,-10,20.0
2024-02-08 14:21:01,0.786686691392278,70789.00504568528,-171729.35767674205,70772.9149468953,-171738.43357661384,70772.28644376712,-171739.69130287287,-6,20.0
timestamp,直線との距離:,startx:,starty:,goalx:,goaly:,x:,y:,操作量,sp
2024-02-08 14:21:01,0.0,70772.11640162277,-171739.6073070645,70767.81304474265,-171743.65567093433,70772.11640162277,-171739.6073070645,0,25.0
2024-02-08 14:21:02,-0.28541622269734734,70772.11640162277,-171739.6073070645,70767.81304474265,-171743.65567093433,70771.92450259031,-171739.39597193227,3,25.0
2024-02-08 14:21:02,-0.5946826995805414,70772.11640162277,-171739.6073070645,70767.81304474265,-171743.65567093433,70771.75590615923,-171739.1299696836,6,25.0
2024-02-08 14:21:03,-0.7073073914976292,70772.11640162277,-171739.6073070645,70767.81304474265,-171743.65567093433,70771.56706818372,-171739.1529896687,7,25.0
2024-02-08 14:21:04,-0.7514452404527561,70772.11640162277,-171739.6073070645,70767.81304474265,-171743.65567093433,70771.45957530728,-171739.19351388622,7,25.0
2024-02-08 14:21:04,-0.8016010013454481,70772.11640162277,-171739.6073070645,70767.81304474265,-171743.65567093433,70771.39831152945,-171739.18228596932,8,25.0
2024-02-08 14:21:05,-0.8572225840098312,70772.11640162277,-171739.6073070645,70767.81304474265,-171743.65567093433,70771.34131840528,-171739.15953613308,8,25.0
2024-02-08 14:21:05,-0.8717172885652729,70772.11640162277,-171739.6073070645,70767.81304474265,-171743.65567093433,70771.31436352976,-171739.16499325243,8,25.0
2024-02-08 14:21:06,-0.8988333236375703,70772.11640162277,-171739.6073070645,70767.81304474265,-171743.65567093433,70771.29524760832,-171739.14574740655,9,25.0
2024-02-08 14:21:06,-0.9283653853248537,70772.11640162277,-171739.6073070645,70767.81304474265,-171743.65567093433,70771.27256725526,-171739.12653769087,9,25.0
2024-02-08 14:21:07,-0.9283653853248537,70772.11640162277,-171739.6073070645,70767.81304474265,-171743.65567093433,70771.27256725526,-171739.12653769087,9,25.0
2024-02-08 14:21:07,-0.9109199864283963,70772.11640162277,-171739.6073070645,70767.81304474265,-171743.65567093433,70771.27701792982,-171739.1463024657,9,25.0
2024-02-08 14:21:08,-0.8848903616225349,70772.11640162277,-171739.6073070645,70767.81304474265,-171743.65567093433,70771.29910675292,-171739.16125997642,8,25.0
2024-02-08 14:21:08,-0.8601711091204441,70772.11640162277,-171739.6073070645,70767.81304474265,-171743.65567093433,70771.33000532204,-171739.16613067704,8,25.0
2024-02-08 14:21:09,-0.8448502562652723,70772.11640162277,-171739.6073070645,70767.81304474265,-171743.65567093433,70771.3462423951,-171739.17189054622,8,25.0
2024-02-08 14:21:09,-0.8143174415034883,70772.11640162277,-171739.6073070645,70767.81304474265,-171743.65567093433,70771.38890098092,-171739.1736798159,8,25.0
2024-02-08 14:21:10,-0.8225070940434747,70772.11640162277,-171739.6073070645,70767.81304474265,-171743.65567093433,70771.39870239935,-171739.15321516027,8,25.0
2024-02-08 14:21:10,-0.8134963612562064,70772.11640162277,-171739.6073070645,70767.81304474265,-171743.65567093433,70771.42313704945,-171739.14259969175,8,25.0
2024-02-08 14:21:11,-0.7873611062155307,70772.11640162277,-171739.6073070645,70767.81304474265,-171743.65567093433,70771.46030251238,-171739.143518946,7,25.0
2024-02-08 14:21:12,-0.798551558244586,70772.11640162277,-171739.6073070645,70767.81304474265,-171743.65567093433,70771.45553062268,-171739.13264410608,7,25.0
2024-02-08 14:21:12,-0.8080799018981859,70772.11640162277,-171739.6073070645,70767.81304474265,-171743.65567093433,70771.45539927248,-171739.11968569734,8,25.0
2024-02-08 14:21:13,-0.8080799018981859,70772.11640162277,-171739.6073070645,70767.81304474265,-171743.65567093433,70771.45539927248,-171739.11968569734,8,25.0
2024-02-08 14:21:13,-0.7695498136548936,70772.11640162277,-171739.6073070645,70767.81304474265,-171743.65567093433,70771.48757472965,-171739.14231681096,7,25.0
2024-02-08 14:21:14,-0.7060823293750669,70772.11640162277,-171739.6073070645,70767.81304474265,-171743.65567093433,70771.5161553879,-171739.20256760897,6,25.0
2024-02-08 14:21:14,-0.6281970940582879,70772.11640162277,-171739.6073070645,70767.81304474265,-171743.65567093433,70771.56123230098,-171739.2670945349,6,25.0
2024-02-08 14:21:15,-0.5725580929180805,70772.11640162277,-171739.6073070645,70767.81304474265,-171743.65567093433,70771.60233560696,-171739.30481656184,5,25.0
2024-02-08 14:21:15,-0.5725580929180805,70772.11640162277,-171739.6073070645,70767.81304474265,-171743.65567093433,70771.60233560696,-171739.30481656184,5,25.0
2024-02-08 14:21:16,-0.4924150952019053,70772.11640162277,-171739.6073070645,70767.81304474265,-171743.65567093433,70771.64676458079,-171739.3730528373,4,25.0
2024-02-08 14:21:16,-0.51204566537258,70772.11640162277,-171739.6073070645,70767.81304474265,-171743.65567093433,70771.61919565928,-171739.37203631137,5,25.0
2024-02-08 14:21:17,-0.526933489138072,70772.11640162277,-171739.6073070645,70767.81304474265,-171743.65567093433,70771.55923293064,-171739.40800568738,5,25.0
2024-02-08 14:21:17,-0.5297992581257799,70772.11640162277,-171739.6073070645,70767.81304474265,-171743.65567093433,70771.53610530023,-171739.4258283345,5,25.0
2024-02-08 14:21:18,-0.5572383511331732,70772.11640162277,-171739.6073070645,70767.81304474265,-171743.65567093433,70771.50815711221,-171739.4144478605,5,25.0
2024-02-08 14:21:19,-0.5561308876178342,70772.11640162277,-171739.6073070645,70767.81304474265,-171743.65567093433,70771.500838504,-171739.42285330495,5,25.0
2024-02-08 14:21:19,-0.5705591611986293,70772.11640162277,-171739.6073070645,70767.81304474265,-171743.65567093433,70771.48651510988,-171739.41651862094,5,25.0
2024-02-08 14:21:20,-0.5525217397868228,70772.11640162277,-171739.6073070645,70767.81304474265,-171743.65567093433,70771.47413319506,-171739.45293139902,5,25.0
2024-02-08 14:21:20,-0.5217537188226539,70772.11640162277,-171739.6073070645,70767.81304474265,-171743.65567093433,70771.48053308873,-171739.48915379954,5,25.0
2024-02-08 14:21:21,-0.40463424433909856,70772.11640162277,-171739.6073070645,70767.81304474265,-171743.65567093433,70771.40364798196,-171739.7222827527,3,25.0
2024-02-08 14:21:21,0.03370436909317532,70772.11640162277,-171739.6073070645,70767.81304474265,-171743.65567093433,70771.32698074378,-171740.39622579233,-1,25.0
2024-02-08 14:21:22,0.4158018171263367,70772.11640162277,-171739.6073070645,70767.81304474265,-171743.65567093433,70771.31595052208,-171740.93120457712,-5,25.0
2024-02-08 14:21:22,1.036796423419257,70772.11640162277,-171739.6073070645,70767.81304474265,-171743.65567093433,70771.30305265977,-171741.7959351037,-11,25.0
2024-02-08 14:21:23,1.6841462249210262,70772.11640162277,-171739.6073070645,70767.81304474265,-171743.65567093433,70771.27313408894,-171742.71286225226,-18,25.0
2024-02-08 14:21:23,2.104393661609439,70772.11640162277,-171739.6073070645,70767.81304474265,-171743.65567093433,70771.21115679221,-171743.34814744443,-22,25.0
2024-02-08 14:21:24,2.6329708266847662,70772.11640162277,-171739.6073070645,70767.81304474265,-171743.65567093433,70771.05315937844,-171744.22249485014,-27,25.0
2024-02-08 14:21:25,3.089678383960722,70772.11640162277,-171739.6073070645,70767.81304474265,-171743.65567093433,70770.78674341571,-171745.10016287127,-32,25.0
2024-02-08 14:21:25,3.338686933254813,70772.11640162277,-171739.6073070645,70767.81304474265,-171743.65567093433,70770.54693559298,-171745.66763825543,-34,25.0
2024-02-08 14:21:26,3.5470517116502878,70772.11640162277,-171739.6073070645,70767.81304474265,-171743.65567093433,70770.00166805206,-171746.466671492,-36,25.0
2024-02-08 14:21:26,3.536452443163427,70772.11640162277,-171739.6073070645,70767.81304474265,-171743.65567093433,70769.36890652688,-171747.04738677992,-36,25.0
2024-02-08 14:21:27,3.351369204451554,70772.11640162277,-171739.6073070645,70767.81304474265,-171743.65567093433,70768.6275341646,-171747.49071879612,-34,25.0
2024-02-08 14:21:27,3.081872747396852,70772.11640162277,-171739.6073070645,70767.81304474265,-171743.65567093433,70768.08749488342,-171747.6287521596,-31,25.0
2024-02-08 14:21:28,2.4625620839793796,70772.11640162277,-171739.6073070645,70767.81304474265,-171743.65567093433,70767.15013481991,-171747.6602845316,-25,25.0
2024-02-08 14:21:28,1.6362584877914166,70772.11640162277,-171739.6073070645,70767.81304474265,-171743.65567093433,70766.2183419195,-171747.40238788087,-16,25.0
2024-02-08 14:21:29,1.0452943377554713,70772.11640162277,-171739.6073070645,70767.81304474265,-171743.65567093433,70765.67672354192,-171747.10054647364,-10,25.0
2024-02-08 14:21:29,0.09345603802703631,70772.11640162277,-171739.6073070645,70767.81304474265,-171743.65567093433,70764.9731314063,-171746.45561761572,0,25.0
2024-02-08 14:21:30,-0.752443146216272,70772.11640162277,-171739.6073070645,70767.81304474265,-171743.65567093433,70764.41767740928,-171745.81677797574,8,25.0
2024-02-08 14:21:30,-1.4324638663171174,70772.11640162277,-171739.6073070645,70767.81304474265,-171743.65567093433,70764.07352574276,-171745.2069000787,15,25.0
2024-02-08 14:21:31,-1.4560421432463824,70772.11640162277,-171739.6073070645,70767.81304474265,-171743.65567093433,70764.11095668406,-171745.13931520146,14,25.0
2024-02-08 14:21:31,-1.656034815482889,70772.11640162277,-171739.6073070645,70767.81304474265,-171743.65567093433,70764.09760664047,-171744.8772934914,16,25.0
2024-02-08 14:21:32,-2.2274135476547174,70772.11640162277,-171739.6073070645,70767.81304474265,-171743.65567093433,70763.95133773179,-171744.23041870174,22,25.0
2024-02-08 14:21:33,-2.649545755680883,70772.11640162277,-171739.6073070645,70767.81304474265,-171743.65567093433,70763.87027892932,-171743.72710638054,26,25.0
2024-02-08 14:21:33,-3.221950174760824,70772.11640162277,-171739.6073070645,70767.81304474265,-171743.65567093433,70763.76188766734,-171743.04319014226,32,25.0
2024-02-08 14:21:34,-3.781174398542021,70772.11640162277,-171739.6073070645,70767.81304474265,-171743.65567093433,70763.58998194555,-171742.43712064947,38,25.0
2024-02-08 14:21:34,-4.208103963579816,70772.11640162277,-171739.6073070645,70767.81304474265,-171743.65567093433,70763.41908487666,-171742.0117367287,42,25.0
2024-02-08 14:21:35,-4.844748977310071,70772.11640162277,-171739.6073070645,70767.81304474265,-171743.65567093433,70763.10092831343,-171741.43695689566,49,25.0
2024-02-08 14:21:35,-4.9694912803085,70772.11640162277,-171739.6073070645,70767.81304474265,-171743.65567093433,70763.14090341087,-171741.2280850783,49,25.0
2024-02-08 14:21:36,-4.516571097692624,70772.11640162277,-171739.6073070645,70767.81304474265,-171743.65567093433,70763.4333035982,-171741.57484939796,44,25.0
2024-02-08 14:21:36,-4.092083835846278,70772.11640162277,-171739.6073070645,70767.81304474265,-171743.65567093433,70763.71499014027,-171741.89265544445,40,25.0
2024-02-08 14:21:37,-3.484129152517355,70772.11640162277,-171739.6073070645,70767.81304474265,-171743.65567093433,70764.17046536849,-171742.29886285448,34,25.0
2024-02-08 14:21:37,-2.835739886000991,70772.11640162277,-171739.6073070645,70767.81304474265,-171743.65567093433,70764.59865639587,-171742.78625257086,27,25.0
2024-02-08 14:21:38,-2.2395670368470744,70772.11640162277,-171739.6073070645,70767.81304474265,-171743.65567093433,70764.98701368147,-171743.239424973,21,25.0
2024-02-08 14:21:39,-1.9338681012935433,70772.11640162277,-171739.6073070645,70767.81304474265,-171743.65567093433,70765.08588886113,-171743.56611910975,19,25.0
2024-02-08 14:21:39,-1.579981998714125,70772.11640162277,-171739.6073070645,70767.81304474265,-171743.65567093433,70765.14305470155,-171743.99820987738,15,25.0
2024-02-08 14:21:40,-1.2885008944073133,70772.11640162277,-171739.6073070645,70767.81304474265,-171743.65567093433,70765.1841493356,-171744.35974037994,12,25.0
2024-02-08 14:21:40,-1.1070209566182845,70772.11640162277,-171739.6073070645,70767.81304474265,-171743.65567093433,70765.27642304786,-171744.52209786972,10,25.0
2024-02-08 14:21:41,-1.047180404755389,70772.11640162277,-171739.6073070645,70767.81304474265,-171743.65567093433,70765.31079362585,-171744.57192221572,10,25.0
2024-02-08 14:21:41,-1.0554632937145743,70772.11640162277,-171739.6073070645,70767.81304474265,-171743.65567093433,70765.33458249127,-171744.53817092217,10,25.0
2024-02-08 14:21:42,-1.0532606896771024,70772.11640162277,-171739.6073070645,70767.81304474265,-171743.65567093433,70765.34181092583,-171744.53439487808,10,25.0
2024-02-08 14:21:42,-1.1192360192074586,70772.11640162277,-171739.6073070645,70767.81304474265,-171743.65567093433,70765.31808498755,-171744.46613386812,11,25.0
2024-02-08 14:21:43,-1.1192360192074586,70772.11640162277,-171739.6073070645,70767.81304474265,-171743.65567093433,70765.31808498755,-171744.46613386812,11,25.0
2024-02-08 14:21:44,-1.0864085007300073,70772.11640162277,-171739.6073070645,70767.81304474265,-171743.65567093433,70765.29449863307,-171744.5333932934,10,25.0
2024-02-08 14:21:44,-1.1399008527506893,70772.11640162277,-171739.6073070645,70767.81304474265,-171743.65567093433,70765.24581941111,-171744.5057455259,11,25.0
