timestamp,直線との距離:,startx:,starty:,goalx:,goaly:,x:,y:,操作量,sp
2024-02-09 11:47:16,0.0,70786.1942702902,-171737.85666066274,70772.9149468953,-171738.43357661384,70786.1942702902,-171737.85666066274,0,20.0
timestamp,直線との距離:,startx:,starty:,goalx:,goaly:,x:,y:,操作量,sp
2024-02-09 11:47:16,0.0,70786.1942702902,-171737.85666066274,70772.9149468953,-171738.43357661384,70786.1942702902,-171737.85666066274,0,20.0
2024-02-09 11:47:16,-0.021832099754657906,70786.1942702902,-171737.85666066274,70772.9149468953,-171738.43357661384,70786.17184719589,-171737.83578213348,0,20.0
2024-02-09 11:47:17,-0.008065369614919686,70786.1942702902,-171737.85666066274,70772.9149468953,-171738.43357661384,70785.86294546773,-171737.86298198605,-1,20.0
2024-02-09 11:47:17,-0.010161463577513108,70786.1942702902,-171737.85666066274,70772.9149468953,-171738.43357661384,70785.19961589412,-171737.88970205572,0,20.0
2024-02-09 11:47:18,0.0091036953368836,70786.1942702902,-171737.85666066274,70772.9149468953,-171738.43357661384,70784.65573403053,-171737.93261416032,-1,20.0
2024-02-09 11:47:18,0.0091036953368836,70786.1942702902,-171737.85666066274,70772.9149468953,-171738.43357661384,70784.65573403053,-171737.93261416032,-1,20.0
2024-02-09 11:47:19,-0.04115657386324589,70786.1942702902,-171737.85666066274,70772.9149468953,-171738.43357661384,70782.92294795855,-171737.9575868177,0,20.0
2024-02-09 11:47:20,-0.04115657386324589,70786.1942702902,-171737.85666066274,70772.9149468953,-171738.43357661384,70782.92294795855,-171737.9575868177,0,20.0
2024-02-09 11:47:20,-0.05218970791851528,70786.1942702902,-171737.85666066274,70772.9149468953,-171738.43357661384,70782.31900620087,-171737.97278133256,0,20.0
2024-02-09 11:47:21,-0.12146748521058881,70786.1942702902,-171737.85666066274,70772.9149468953,-171738.43357661384,70781.43215649671,-171737.94196710858,1,20.0
2024-02-09 11:47:21,-0.1871296360179036,70786.1942702902,-171737.85666066274,70772.9149468953,-171738.43357661384,70779.94247295574,-171737.94096184452,2,20.0
2024-02-09 11:47:22,-0.22781244597146283,70786.1942702902,-171737.85666066274,70772.9149468953,-171738.43357661384,70779.32575918682,-171737.92703359164,2,20.0
2024-02-09 11:47:22,-0.26922884509264955,70786.1942702902,-171737.85666066274,70772.9149468953,-171738.43357661384,70778.7147939621,-171737.91212131392,2,20.0
2024-02-09 11:47:23,-0.33854907131681977,70786.1942702902,-171737.85666066274,70772.9149468953,-171738.43357661384,70777.7988898623,-171737.88252685987,3,20.0
2024-02-09 11:47:23,-0.403161624411015,70786.1942702902,-171737.85666066274,70772.9149468953,-171738.43357661384,70776.88550037217,-171737.85753527316,4,20.0
2024-02-09 11:47:24,-0.43686895049472246,70786.1942702902,-171737.85666066274,70772.9149468953,-171738.43357661384,70776.27831362443,-171737.85017518554,4,20.0
2024-02-09 11:47:24,-0.49486433134941515,70786.1942702902,-171737.85666066274,70772.9149468953,-171738.43357661384,70775.3692397233,-171737.83161952352,5,20.0
2024-02-09 11:47:25,-0.5421541471524843,70786.1942702902,-171737.85666066274,70772.9149468953,-171738.43357661384,70774.47617187609,-171737.82308414695,5,20.0
2024-02-09 11:47:25,-0.596468105575901,70786.1942702902,-171737.85666066274,70772.9149468953,-171738.43357661384,70773.62771017714,-171737.80558010223,6,20.0
timestamp,直線との距離:,startx:,starty:,goalx:,goaly:,x:,y:,操作量,sp
2024-02-09 11:47:26,0.0,70773.06280451718,-171737.8033453224,70767.81304474265,-171743.65567093433,70773.06280451718,-171737.8033453224,-5,20.0
2024-02-09 11:47:27,-0.6202381665724334,70773.06280451718,-171737.8033453224,70767.81304474265,-171743.65567093433,70772.22797501307,-171737.8051425329,14,20.0
2024-02-09 11:47:27,-1.1903855667123358,70773.06280451718,-171737.8033453224,70767.81304474265,-171743.65567093433,70771.41965674215,-171737.85240028682,24,20.0
2024-02-09 11:47:27,-1.639287183875362,70773.06280451718,-171737.8033453224,70767.81304474265,-171743.65567093433,70770.85163580961,-171737.81335421713,31,20.0
2024-02-09 11:47:28,-2.213491536312062,70773.06280451718,-171737.8033453224,70767.81304474265,-171743.65567093433,70770.04854408508,-171737.84870992898,41,20.0
2024-02-09 11:47:29,-2.6774538134976806,70773.06280451718,-171737.8033453224,70767.81304474265,-171743.65567093433,70769.28764417444,-171738.00212694562,48,20.0
2024-02-09 11:47:29,-3.013231533843403,70773.06280451718,-171737.8033453224,70767.81304474265,-171743.65567093433,70768.56812074625,-171738.3013844112,53,20.0
2024-02-09 11:47:30,-3.100613482462051,70773.06280451718,-171737.8033453224,70767.81304474265,-171743.65567093433,70767.98925696254,-171738.81582889866,53,20.0
2024-02-09 11:47:30,-2.923413305056086,70773.06280451718,-171737.8033453224,70767.81304474265,-171743.65567093433,70767.66802639792,-171739.43930093703,48,20.0
2024-02-09 11:47:31,-2.6757171948504683,70773.06280451718,-171737.8033453224,70767.81304474265,-171743.65567093433,70767.58985647469,-171739.89738692183,43,20.0
2024-02-09 11:47:31,-2.323547460235119,70773.06280451718,-171737.8033453224,70767.81304474265,-171743.65567093433,70767.63974674554,-171740.36917119124,37,20.0
2024-02-09 11:47:32,-1.6548806215405822,70773.06280451718,-171737.8033453224,70767.81304474265,-171743.65567093433,70767.91591816439,-171741.06268028732,23,20.0
2024-02-09 11:47:32,-1.1419990199320489,70773.06280451718,-171737.8033453224,70767.81304474265,-171743.65567093433,70768.24167686205,-171741.46761026484,15,20.0
2024-02-09 11:47:33,-0.358204916684943,70773.06280451718,-171737.8033453224,70767.81304474265,-171743.65567093433,70768.85309262147,-171741.95980760083,0,20.0
2024-02-09 11:47:33,0.43876011486514627,70773.06280451718,-171737.8033453224,70767.81304474265,-171743.65567093433,70769.55527071907,-171742.37054939065,-14,20.0
2024-02-09 11:47:34,1.0109050927808019,70773.06280451718,-171737.8033453224,70767.81304474265,-171743.65567093433,70770.10182287087,-171742.6180947162,-22,20.0
2024-02-09 11:47:35,1.8560135947816625,70773.06280451718,-171737.8033453224,70767.81304474265,-171743.65567093433,70770.90681223024,-171742.986323103,-38,20.0
2024-02-09 11:47:35,2.7434669135121195,70773.06280451718,-171737.8033453224,70767.81304474265,-171743.65567093433,70771.66579925388,-171743.46924853948,-53,20.0
2024-02-09 11:47:36,3.354597310080081,70773.06280451718,-171737.8033453224,70767.81304474265,-171743.65567093433,70772.13782783783,-171743.85825485145,-62,20.0
2024-02-09 11:47:36,4.265966953296229,70773.06280451718,-171737.8033453224,70767.81304474265,-171743.65567093433,70772.71956992193,-171744.5745858607,-79,20.0
2024-02-09 11:47:37,5.0144000453866315,70773.06280451718,-171737.8033453224,70767.81304474265,-171743.65567093433,70772.97985679982,-171745.40525874452,-91,20.0
2024-02-09 11:47:37,5.4161285594042194,70773.06280451718,-171737.8033453224,70767.81304474265,-171743.65567093433,70772.59027708048,-171746.44117327343,-95,20.0
2024-02-09 11:47:38,5.251538810776339,70773.06280451718,-171737.8033453224,70767.81304474265,-171743.65567093433,70772.2441220958,-171746.58057417072,-89,20.0
2024-02-09 11:47:38,4.942066405906951,70773.06280451718,-171737.8033453224,70767.81304474265,-171743.65567093433,70771.87803194344,-171746.5252256043,-82,20.0
2024-02-09 11:47:39,4.389413678287329,70773.06280451718,-171737.8033453224,70767.81304474265,-171743.65567093433,70771.47656688384,-171746.14513125957,-71,20.0
2024-02-09 11:47:39,3.896420243834894,70773.06280451718,-171737.8033453224,70767.81304474265,-171743.65567093433,70771.36531594761,-171745.53085642584,-63,20.0
2024-02-09 11:47:40,3.896420243834894,70773.06280451718,-171737.8033453224,70767.81304474265,-171743.65567093433,70771.36531594761,-171745.53085642584,-67,20.0
2024-02-09 11:47:40,3.6490055836524897,70773.06280451718,-171737.8033453224,70767.81304474265,-171743.65567093433,70771.9215298151,-171744.54027825038,-61,20.0
2024-02-09 11:47:41,3.929497786124804,70773.06280451718,-171737.8033453224,70767.81304474265,-171743.65567093433,70772.55738716811,-171744.25149576392,-69,20.0
2024-02-09 11:47:42,4.318318392464056,70773.06280451718,-171737.8033453224,70767.81304474265,-171743.65567093433,70773.09088401898,-171744.2390527011,-77,20.0
2024-02-09 11:47:42,4.821478532241735,70773.06280451718,-171737.8033453224,70767.81304474265,-171743.65567093433,70773.62067416035,-171744.40197394,-86,20.0
2024-02-09 11:47:43,5.596419245440308,70773.06280451718,-171737.8033453224,70767.81304474265,-171743.65567093433,70774.17081304609,-171744.94922286653,-90,20.0
2024-02-09 11:47:43,6.005395042003669,70773.06280451718,-171737.8033453224,70767.81304474265,-171743.65567093433,70774.32201804573,-171745.39313492633,-90,20.0
2024-02-09 11:47:44,6.340726560508163,70773.06280451718,-171737.8033453224,70767.81304474265,-171743.65567093433,70774.19689901292,-171746.03479950654,-90,20.0
2024-02-09 11:47:44,6.226686818863792,70773.06280451718,-171737.8033453224,70767.81304474265,-171743.65567093433,70773.7263665192,-171746.3885564012,-90,20.0
2024-02-09 11:47:45,6.226686818863792,70773.06280451718,-171737.8033453224,70767.81304474265,-171743.65567093433,70773.7263665192,-171746.3885564012,-90,20.0
2024-02-09 11:47:45,5.2707648188025455,70773.06280451718,-171737.8033453224,70767.81304474265,-171743.65567093433,70772.8036604603,-171745.98560456967,-83,20.0
2024-02-09 11:47:46,4.778905203827427,70773.06280451718,-171737.8033453224,70767.81304474265,-171743.65567093433,70772.70869551062,-171745.3548724296,-78,20.0
2024-02-09 11:47:46,4.562092336385937,70773.06280451718,-171737.8033453224,70767.81304474265,-171743.65567093433,70772.95828966725,-171744.7519361919,-77,20.0
2024-02-09 11:47:47,4.618817323683992,70773.06280451718,-171737.8033453224,70767.81304474265,-171743.65567093433,70773.24737498882,-171744.51461972226,-79,20.0
2024-02-09 11:47:47,4.58453220430798,70773.06280451718,-171737.8033453224,70767.81304474265,-171743.65567093433,70773.35843911055,-171744.33946312353,-78,20.0
2024-02-09 11:47:48,4.565695688546951,70773.06280451718,-171737.8033453224,70767.81304474265,-171743.65567093433,70773.4359767836,-171744.22481658653,-78,20.0
2024-02-09 11:47:48,4.60892013095582,70773.06280451718,-171737.8033453224,70767.81304474265,-171743.65567093433,70773.6276516881,-171744.0758731806,-79,20.0
2024-02-09 11:47:49,4.8146086469838885,70773.06280451718,-171737.8033453224,70767.81304474265,-171743.65567093433,70774.01645189033,-171743.95048078694,-84,20.0
2024-02-09 11:47:49,4.835177693517082,70773.06280451718,-171737.8033453224,70767.81304474265,-171743.65567093433,70774.2590342826,-171743.71085857088,-83,20.0
2024-02-09 11:47:50,4.890463699999096,70773.06280451718,-171737.8033453224,70767.81304474265,-171743.65567093433,70774.51298383856,-171743.51055575634,-84,20.0
2024-02-09 11:47:51,4.617349165090613,70773.06280451718,-171737.8033453224,70767.81304474265,-171743.65567093433,70774.37602005967,-171743.2542304329,-77,20.0
2024-02-09 11:47:51,4.403089480934658,70773.06280451718,-171737.8033453224,70767.81304474265,-171743.65567093433,70774.14571470597,-171743.19010001194,-74,20.0
2024-02-09 11:47:52,4.574700076475743,70773.06280451718,-171737.8033453224,70767.81304474265,-171743.65567093433,70774.39110663197,-171743.17354197832,-79,20.0
2024-02-09 11:47:52,4.749506072449765,70773.06280451718,-171737.8033453224,70767.81304474265,-171743.65567093433,70774.68155762115,-171743.11153837078,-82,20.0
2024-02-09 11:47:53,4.832485426340072,70773.06280451718,-171737.8033453224,70767.81304474265,-171743.65567093433,70774.97740897538,-171742.90599717374,-83,20.0
2024-02-09 11:47:53,4.883547983770931,70773.06280451718,-171737.8033453224,70767.81304474265,-171743.65567093433,70775.16160923622,-171742.7771245215,-84,20.0
2024-02-09 11:47:54,4.872541864251911,70773.06280451718,-171737.8033453224,70767.81304474265,-171743.65567093433,70775.35233443248,-171742.5480254449,-83,20.0
