timestamp,直線との距離:,startx:,starty:,goalx:,goaly:,x:,y:,操作量,sp
2024-02-09 11:48:51,-0.0,70786.91047731391,-171738.62328108135,70772.9149468953,-171738.43357661384,70786.91047731391,-171738.62328108135,0,20.0
timestamp,直線との距離:,startx:,starty:,goalx:,goaly:,x:,y:,操作量,sp
2024-02-09 11:48:51,-0.0,70786.91047731391,-171738.62328108135,70772.9149468953,-171738.43357661384,70786.91047731391,-171738.62328108135,0,20.0
2024-02-09 11:48:52,-0.005968161299191836,70786.91047731391,-171738.62328108135,70772.9149468953,-171738.43357661384,70786.94360137783,-171738.61776135679,0,20.0
2024-02-09 11:48:52,-0.006180931703830249,70786.91047731391,-171738.62328108135,70772.9149468953,-171738.43357661384,70786.71034722387,-171738.61438688924,0,20.0
2024-02-09 11:48:53,0.011304725137844725,70786.91047731391,-171738.62328108135,70772.9149468953,-171738.43357661384,70786.10511150844,-171738.62367039613,-1,20.0
2024-02-09 11:48:53,0.01966871027055937,70786.91047731391,-171738.62328108135,70772.9149468953,-171738.43357661384,70785.63485279493,-171738.62566095896,-1,20.0
2024-02-09 11:48:54,0.06238428417070363,70786.91047731391,-171738.62328108135,70772.9149468953,-171738.43357661384,70784.8710805619,-171738.65802779407,-1,20.0
2024-02-09 11:48:54,0.07704935540755786,70786.91047731391,-171738.62328108135,70772.9149468953,-171738.43357661384,70784.07233090494,-171738.66186744318,-1,20.0
2024-02-09 11:48:55,0.10752561608222062,70786.91047731391,-171738.62328108135,70772.9149468953,-171738.43357661384,70783.52043195862,-171738.6848657083,-2,20.0
2024-02-09 11:48:55,0.13377582020769624,70786.91047731391,-171738.62328108135,70772.9149468953,-171738.43357661384,70782.70932127767,-171738.7001240052,-2,20.0
2024-02-09 11:48:56,0.12174421689931994,70786.91047731391,-171738.62328108135,70772.9149468953,-171738.43357661384,70781.87313966242,-171738.67675715045,-2,20.0
2024-02-09 11:48:57,0.09295331240852228,70786.91047731391,-171738.62328108135,70772.9149468953,-171738.43357661384,70781.30678997783,-171738.64028693145,-1,20.0
2024-02-09 11:48:57,0.029629085013431762,70786.91047731391,-171738.62328108135,70772.9149468953,-171738.43357661384,70780.46336908614,-171738.56552461506,0,20.0
2024-02-09 11:48:58,-0.053553768142917645,70786.91047731391,-171738.62328108135,70772.9149468953,-171738.43357661384,70779.62207799913,-171738.47093071742,1,20.0
2024-02-09 11:48:58,-0.1168895120590693,70786.91047731391,-171738.62328108135,70772.9149468953,-171738.43357661384,70779.06826795664,-171738.40008245612,1,20.0
2024-02-09 11:48:59,-0.2347697466501941,70786.91047731391,-171738.62328108135,70772.9149468953,-171738.43357661384,70778.23032751014,-171738.2708334065,3,20.0
2024-02-09 11:48:59,-0.3615727465115494,70786.91047731391,-171738.62328108135,70772.9149468953,-171738.43357661384,70777.38612593894,-171738.13257590466,4,20.0
2024-02-09 11:49:00,-0.445127561812789,70786.91047731391,-171738.62328108135,70772.9149468953,-171738.43357661384,70776.82621450772,-171738.04142401248,5,20.0
2024-02-09 11:49:00,-0.5003980529673918,70786.91047731391,-171738.62328108135,70772.9149468953,-171738.43357661384,70776.275777342,-171737.97868746298,5,20.0
2024-02-09 11:49:01,-0.5719912640108079,70786.91047731391,-171738.62328108135,70772.9149468953,-171738.43357661384,70775.75013168789,-171737.89996273434,6,20.0
2024-02-09 11:49:01,-0.6790273165050489,70786.91047731391,-171738.62328108135,70772.9149468953,-171738.43357661384,70774.97798485708,-171737.78245067218,7,20.0
2024-02-09 11:49:02,-0.7938593005615251,70786.91047731391,-171738.62328108135,70772.9149468953,-171738.43357661384,70774.1754540843,-171737.6567301187,8,20.0
timestamp,直線との距離:,startx:,starty:,goalx:,goaly:,x:,y:,操作量,sp
2024-02-09 11:49:03,-0.4457004895720803,70773.37868833057,-171737.5857522227,70767.81304474265,-171743.65567093433,70772.84713646623,-171737.5059763087,2,20.0
2024-02-09 11:49:03,-0.4457004895720803,70773.37868833057,-171737.5857522227,70767.81304474265,-171743.65567093433,70772.84713646623,-171737.5059763087,4,20.0
2024-02-09 11:49:04,-1.082351482599268,70773.37868833057,-171737.5857522227,70767.81304474265,-171743.65567093433,70772.02838115625,-171737.45688243757,15,20.0
2024-02-09 11:49:04,-1.701867209283042,70773.37868833057,-171737.5857522227,70767.81304474265,-171743.65567093433,70771.24988453138,-171737.38923675942,21,20.0
2024-02-09 11:49:05,-2.2725088691501134,70773.37868833057,-171737.5857522227,70767.81304474265,-171743.65567093433,70770.46926515581,-171737.39622358733,26,20.0
2024-02-09 11:49:05,-2.623951887044913,70773.37868833057,-171737.5857522227,70767.81304474265,-171743.65567093433,70769.96175817624,-171737.42969402604,28,20.0
2024-02-09 11:49:06,-3.1214664831342533,70773.37868833057,-171737.5857522227,70767.81304474265,-171743.65567093433,70769.2088028153,-171737.5147141638,34,20.0
2024-02-09 11:49:06,-3.528556379113566,70773.37868833057,-171737.5857522227,70767.81304474265,-171743.65567093433,70768.48458168628,-171737.7021951969,38,20.0
2024-02-09 11:49:07,-3.7435060036396166,70773.37868833057,-171737.5857522227,70767.81304474265,-171743.65567093433,70768.0096112859,-171737.9021460724,38,20.0
2024-02-09 11:49:07,-3.977934415261294,70773.37868833057,-171737.5857522227,70767.81304474265,-171743.65567093433,70767.3763680105,-171738.24588798606,41,20.0
2024-02-09 11:49:08,-4.03908317946271,70773.37868833057,-171737.5857522227,70767.81304474265,-171743.65567093433,70766.5643863899,-171739.04095929116,40,20.0
2024-02-09 11:49:08,-3.932870651051915,70773.37868833057,-171737.5857522227,70767.81304474265,-171743.65567093433,70766.36268466404,-171739.41809554803,38,20.0
2024-02-09 11:49:09,-3.932870651051915,70773.37868833057,-171737.5857522227,70767.81304474265,-171743.65567093433,70766.36268466404,-171739.41809554803,39,20.0
2024-02-09 11:49:09,-3.437146132863174,70773.37868833057,-171737.5857522227,70767.81304474265,-171743.65567093433,70766.07617412397,-171740.46407339457,30,20.0
2024-02-09 11:49:10,-2.9506885826953697,70773.37868833057,-171737.5857522227,70767.81304474265,-171743.65567093433,70766.14726150972,-171741.10634111424,26,20.0
2024-02-09 11:49:11,-2.366021288077996,70773.37868833057,-171737.5857522227,70767.81304474265,-171743.65567093433,70766.35541428291,-171741.74444251557,19,20.0
2024-02-09 11:49:11,-1.9261851642394279,70773.37868833057,-171737.5857522227,70767.81304474265,-171743.65567093433,70766.595863341,-171742.13301928682,16,20.0
2024-02-09 11:49:12,-1.211017783992476,70773.37868833057,-171737.5857522227,70767.81304474265,-171743.65567093433,70767.03824948205,-171742.7087614898,7,20.0
timestamp,直線との距離:,startx:,starty:,goalx:,goaly:,x:,y:,操作量,sp
2024-02-09 11:49:12,0.0,70767.5306185485,-171743.27844288023,70767.4504649894,-171758.08261034725,70767.5306185485,-171743.27844288023,-9,20.0
2024-02-09 11:49:13,0.3828874969312639,70767.5306185485,-171743.27844288023,70767.4504649894,-171758.08261034725,70767.91161900177,-171743.62801177258,-7,20.0
2024-02-09 11:49:13,0.3828874969312639,70767.5306185485,-171743.27844288023,70767.4504649894,-171758.08261034725,70767.91161900177,-171743.62801177258,-4,20.0
2024-02-09 11:49:14,1.6147582104676927,70767.5306185485,-171743.27844288023,70767.4504649894,-171758.08261034725,70769.13716674234,-171744.79918431333,-25,20.0
2024-02-09 11:49:14,2.0131727838121853,70767.5306185485,-171743.27844288023,70767.4504649894,-171758.08261034725,70769.53334850598,-171745.2126573859,-23,20.0
2024-02-09 11:49:15,2.3624675169888527,70767.5306185485,-171743.27844288023,70767.4504649894,-171758.08261034725,70769.87994488628,-171745.7119821801,-27,20.0
2024-02-09 11:49:15,2.6639562920182907,70767.5306185485,-171743.27844288023,70767.4504649894,-171758.08261034725,70770.1787670697,-171746.2053113296,-29,20.0
2024-02-09 11:49:16,2.930949613775074,70767.5306185485,-171743.27844288023,70767.4504649894,-171758.08261034725,70770.44140328236,-171747.0107815658,-32,20.0
2024-02-09 11:49:16,3.0770154569861754,70767.5306185485,-171743.27844288023,70767.4504649894,-171758.08261034725,70770.5828239248,-171747.86913426922,-32,20.0
2024-02-09 11:49:17,3.0585788994569016,70767.5306185485,-171743.27844288023,70767.4504649894,-171758.08261034725,70770.55992219408,-171748.69379098856,-31,20.0
2024-02-09 11:49:18,2.9363699777302563,70767.5306185485,-171743.27844288023,70767.4504649894,-171758.08261034725,70770.43486384254,-171749.2197429137,-29,20.0
2024-02-09 11:49:18,2.576212711898146,70767.5306185485,-171743.27844288023,70767.4504649894,-171758.08261034725,70770.07078001232,-171749.94399482454,-24,20.0
2024-02-09 11:49:19,2.0645527861101085,70767.5306185485,-171743.27844288023,70767.4504649894,-171758.08261034725,70769.55576440536,-171750.56239585765,-18,20.0
2024-02-09 11:49:19,1.684414450699544,70767.5306185485,-171743.27844288023,70767.4504649894,-171758.08261034725,70769.17388244571,-171750.88340993976,-15,20.0
2024-02-09 11:49:20,1.0430141873393601,70767.5306185485,-171743.27844288023,70767.4504649894,-171758.08261034725,70768.5305700235,-171751.234844688,-6,20.0
2024-02-09 11:49:20,0.35595645332444,70767.5306185485,-171743.27844288023,70767.4504649894,-171758.08261034725,70767.84222047731,-171751.4715793183,1,20.0
2024-02-09 11:49:21,-0.09314199544188313,70767.5306185485,-171743.27844288023,70767.4504649894,-171758.08261034725,70767.39242617755,-171751.59888554626,4,20.0
2024-02-09 11:49:21,-0.8502160849270728,70767.5306185485,-171743.27844288023,70767.4504649894,-171758.08261034725,70766.63471200972,-171751.71505697802,13,20.0
2024-02-09 11:49:22,-1.6829502368402465,70767.5306185485,-171743.27844288023,70767.4504649894,-171758.08261034725,70765.80137662638,-171751.82384866066,22,20.0
2024-02-09 11:49:22,-2.2515584492285154,70767.5306185485,-171743.27844288023,70767.4504649894,-171758.08261034725,70765.23210234639,-171751.94533044213,26,20.0
2024-02-09 11:49:23,-3.624994331574305,70767.5306185485,-171743.27844288023,70767.4504649894,-171758.08261034725,70763.85670540968,-171752.30381437636,45,20.0
2024-02-09 11:49:23,-4.1568136513092595,70767.5306185485,-171743.27844288023,70767.4504649894,-171758.08261034725,70763.32363214077,-171752.53397604532,45,20.0
2024-02-09 11:49:24,-4.581702641453188,70767.5306185485,-171743.27844288023,70767.4504649894,-171758.08261034725,70762.89716081768,-171752.82507887314,48,20.0
2024-02-09 11:49:24,-4.650048617920363,70767.5306185485,-171743.27844288023,70767.4504649894,-171758.08261034725,70762.8278347091,-171753.00592186983,46,20.0
2024-02-09 11:49:25,-4.698589372942255,70767.5306185485,-171743.27844288023,70767.4504649894,-171758.08261034725,70762.77910412393,-171753.04085163464,47,20.0
2024-02-09 11:49:26,-4.4760016813006365,70767.5306185485,-171743.27844288023,70767.4504649894,-171758.08261034725,70763.00157697512,-171753.0626649535,43,20.0
2024-02-09 11:49:26,-4.100527539658668,70767.5306185485,-171743.27844288023,70767.4504649894,-171758.08261034725,70763.37387842081,-171753.6496706307,38,20.0
2024-02-09 11:49:27,-3.852329494756775,70767.5306185485,-171743.27844288023,70767.4504649894,-171758.08261034725,70763.6210170974,-171753.84600528234,36,20.0
2024-02-09 11:49:27,-3.5171696995999278,70767.5306185485,-171743.27844288023,70767.4504649894,-171758.08261034725,70763.95567892611,-171753.93888578488,32,20.0
2024-02-09 11:49:28,-2.8700853735063947,70767.5306185485,-171743.27844288023,70767.4504649894,-171758.08261034725,70764.6025055089,-171753.98824207578,24,20.0
2024-02-09 11:49:28,-2.2232274668713043,70767.5306185485,-171743.27844288023,70767.4504649894,-171758.08261034725,70765.25028252811,-171753.82023533227,17,20.0
2024-02-09 11:49:29,-1.5828558073508854,70767.5306185485,-171743.27844288023,70767.4504649894,-171758.08261034725,70765.89235174988,-171753.50843326998,11,20.0
2024-02-09 11:49:29,-1.5828558073508854,70767.5306185485,-171743.27844288023,70767.4504649894,-171758.08261034725,70765.89235174988,-171753.50843326998,15,20.0
2024-02-09 11:49:30,-0.7374971391383234,70767.5306185485,-171743.27844288023,70767.4504649894,-171758.08261034725,70766.74117250521,-171752.87128267513,1,20.0
2024-02-09 11:49:30,-0.22068830631573305,70767.5306185485,-171743.27844288023,70767.4504649894,-171758.08261034725,70767.26073791347,-171752.3635489497,-2,20.0
2024-02-09 11:49:31,0.14911489769680364,70767.5306185485,-171743.27844288023,70767.4504649894,-171758.08261034725,70767.63239830126,-171752.02153272048,-5,20.0
2024-02-09 11:49:31,0.5346989286155717,70767.5306185485,-171743.27844288023,70767.4504649894,-171758.08261034725,70768.01988271617,-171751.67158023632,-9,20.0
2024-02-09 11:49:32,0.9425520959955046,70767.5306185485,-171743.27844288023,70767.4504649894,-171758.08261034725,70768.42956864745,-171751.33417730138,-13,20.0
2024-02-09 11:49:33,1.5914709979384234,70767.5306185485,-171743.27844288023,70767.4504649894,-171758.08261034725,70769.08107587948,-171750.85787572202,-21,20.0
2024-02-09 11:49:33,2.29449067860345,70767.5306185485,-171743.27844288023,70767.4504649894,-171758.08261034725,70769.78613129533,-171750.48378353455,-28,20.0
2024-02-09 11:49:34,3.0771091169777507,70767.5306185485,-171743.27844288023,70767.4504649894,-171758.08261034725,70770.57047322928,-171750.16757672434,-37,20.0
2024-02-09 11:49:34,3.919157085643449,70767.5306185485,-171743.27844288023,70767.4504649894,-171758.08261034725,70771.41345990199,-171749.99647988603,-46,20.0
2024-02-09 11:49:35,4.753283647016432,70767.5306185485,-171743.27844288023,70767.4504649894,-171758.08261034725,70772.24722544733,-171750.0654167412,-54,20.0
2024-02-09 11:49:35,5.515658795621207,70767.5306185485,-171743.27844288023,70767.4504649894,-171758.08261034725,70773.00782214454,-171750.39595621964,-61,20.0
2024-02-09 11:49:36,5.515658795621207,70767.5306185485,-171743.27844288023,70767.4504649894,-171758.08261034725,70773.00782214454,-171750.39595621964,-56,20.0
2024-02-09 11:49:36,6.06269697513264,70767.5306185485,-171743.27844288023,70767.4504649894,-171758.08261034725,70773.54895386289,-171751.48834612704,-65,20.0
2024-02-09 11:49:37,5.847852309759481,70767.5306185485,-171743.27844288023,70767.4504649894,-171758.08261034725,70773.33043031728,-171752.1672447541,-57,20.0
2024-02-09 11:49:37,5.477532700362278,70767.5306185485,-171743.27844288023,70767.4504649894,-171758.08261034725,70772.95824245962,-171752.5113031699,-53,20.0
2024-02-09 11:49:38,4.775094549009159,70767.5306185485,-171743.27844288023,70767.4504649894,-171758.08261034725,70772.25456856354,-171752.73764063936,-43,20.0
2024-02-09 11:49:38,4.0173181074187365,70767.5306185485,-171743.27844288023,70767.4504649894,-171758.08261034725,70771.49739903447,-171752.6234939901,-35,20.0
2024-02-09 11:49:39,3.3388292880787276,70767.5306185485,-171743.27844288023,70767.4504649894,-171758.08261034725,70770.82084085801,-171752.26507220292,-29,20.0
2024-02-09 11:49:39,3.3388292880787276,70767.5306185485,-171743.27844288023,70767.4504649894,-171758.08261034725,70770.82084085801,-171752.26507220292,-34,20.0
2024-02-09 11:49:40,2.9409917667863557,70767.5306185485,-171743.27844288023,70767.4504649894,-171758.08261034725,70770.42508281197,-171751.87992119085,-27,20.0
2024-02-09 11:49:40,2.2051005424542662,70767.5306185485,-171743.27844288023,70767.4504649894,-171758.08261034725,70769.69559315726,-171750.695574708,-17,20.0
2024-02-09 11:49:41,2.032232482144432,70767.5306185485,-171743.27844288023,70767.4504649894,-171758.08261034725,70769.52734537773,-171749.84175211086,-20,20.0
2024-02-09 11:49:42,2.080753141372931,70767.5306185485,-171743.27844288023,70767.4504649894,-171758.08261034725,70769.58059794782,-171748.96791103034,-22,20.0
2024-02-09 11:49:42,2.1851594651689403,70767.5306185485,-171743.27844288023,70767.4504649894,-171758.08261034725,70769.68818026314,-171748.38159575933,-23,20.0
2024-02-09 11:49:43,2.443551562717085,70767.5306185485,-171743.27844288023,70767.4504649894,-171758.08261034725,70769.95112940374,-171747.54062048323,-27,20.0
2024-02-09 11:49:43,2.8291526533625206,70767.5306185485,-171743.27844288023,70767.4504649894,-171758.08261034725,70770.34101168907,-171746.75093809888,-31,20.0
2024-02-09 11:49:44,3.370838898627789,70767.5306185485,-171743.27844288023,70767.4504649894,-171758.08261034725,70770.88657898063,-171746.03558468833,-38,20.0
2024-02-09 11:49:44,3.812232812605027,70767.5306185485,-171743.27844288023,70767.4504649894,-171758.08261034725,70771.33025307789,-171745.61563528105,-42,20.0
2024-02-09 11:49:45,3.812232812605027,70767.5306185485,-171743.27844288023,70767.4504649894,-171758.08261034725,70771.33025307789,-171745.61563528105,-39,20.0
2024-02-09 11:49:45,4.565086591912158,70767.5306185485,-171743.27844288023,70767.4504649894,-171758.08261034725,70772.08569339466,-171745.1399461585,-51,20.0
2024-02-09 11:49:46,5.398597569203105,70767.5306185485,-171743.27844288023,70767.4504649894,-171758.08261034725,70772.92039409727,-171744.92246319057,-60,20.0
2024-02-09 11:49:46,6.8079095436925865,70767.5306185485,-171743.27844288023,70767.4504649894,-171758.08261034725,70774.32819816115,-171745.2047857734,-78,20.0
2024-02-09 11:49:47,7.415867307428263,70767.5306185485,-171743.27844288023,70767.4504649894,-171758.08261034725,70774.93300340968,-171745.7886934738,-79,20.0
2024-02-09 11:49:48,7.619375195091499,70767.5306185485,-171743.27844288023,70767.4504649894,-171758.08261034725,70775.13373063116,-171746.3028266744,-78,20.0
2024-02-09 11:49:48,7.507937360979762,70767.5306185485,-171743.27844288023,70767.4504649894,-171758.08261034725,70775.0182712542,-171747.04529418473,-75,20.0
2024-02-09 11:49:49,7.0046399541162145,70767.5306185485,-171743.27844288023,70767.4504649894,-171758.08261034725,70774.51238260936,-171747.522527057,-67,20.0
2024-02-09 11:49:49,6.368370264912055,70767.5306185485,-171743.27844288023,70767.4504649894,-171758.08261034725,70773.87542209435,-171747.64839845398,-60,20.0
2024-02-09 11:49:50,5.962924194220745,70767.5306185485,-171743.27844288023,70767.4504649894,-171758.08261034725,70773.4706946499,-171747.51457234717,-57,20.0
2024-02-09 11:49:50,5.533775421178979,70767.5306185485,-171743.27844288023,70767.4504649894,-171758.08261034725,70773.04383368748,-171747.09085753665,-53,20.0
2024-02-09 11:49:51,5.332922470594644,70767.5306185485,-171743.27844288023,70767.4504649894,-171758.08261034725,70772.84631694297,-171746.47412465428,-52,20.0
2024-02-09 11:49:51,5.375767137595466,70767.5306185485,-171743.27844288023,70767.4504649894,-171758.08261034725,70772.8916686991,-171746.01118737546,-55,20.0
2024-02-09 11:49:52,5.375767137595466,70767.5306185485,-171743.27844288023,70767.4504649894,-171758.08261034725,70772.8916686991,-171746.01118737546,-54,20.0
2024-02-09 11:49:52,6.324058000668463,70767.5306185485,-171743.27844288023,70767.4504649894,-171758.08261034725,70773.84615546493,-171744.86938632865,-70,20.0
2024-02-09 11:49:53,6.844176539282412,70767.5306185485,-171743.27844288023,70767.4504649894,-171758.08261034725,70774.3671141358,-171744.71562395984,-73,20.0
2024-02-09 11:49:53,7.649875800325021,70767.5306185485,-171743.27844288023,70767.4504649894,-171758.08261034725,70775.17227698272,-171744.81687946,-83,20.0
2024-02-09 11:49:54,8.293180161163495,70767.5306185485,-171743.27844288023,70767.4504649894,-171758.08261034725,70775.81310693538,-171745.2756381276,-88,20.0
2024-02-09 11:49:55,8.525166209096138,70767.5306185485,-171743.27844288023,70767.4504649894,-171758.08261034725,70776.04261302661,-171745.73430811154,-87,20.0
2024-02-09 11:49:55,8.494146801720106,70767.5306185485,-171743.27844288023,70767.4504649894,-171758.08261034725,70776.00764282794,-171746.46392568297,-85,20.0
2024-02-09 11:49:56,8.030300248333809,70767.5306185485,-171743.27844288023,70767.4504649894,-171758.08261034725,70775.54112257187,-171746.95649638626,-78,20.0
2024-02-09 11:49:56,8.030300248333809,70767.5306185485,-171743.27844288023,70767.4504649894,-171758.08261034725,70775.54112257187,-171746.95649638626,-81,20.0
2024-02-09 11:49:57,7.0197399492437595,70767.5306185485,-171743.27844288023,70767.4504649894,-171758.08261034725,70774.53096113911,-171746.88009104945,-64,20.0
2024-02-09 11:49:57,6.648508492067918,70767.5306185485,-171743.27844288023,70767.4504649894,-171758.08261034725,70774.16242751048,-171746.3808037117,-64,20.0
2024-02-09 11:49:58,6.58406946152262,70767.5306185485,-171743.27844288023,70767.4504649894,-171758.08261034725,70774.10166297476,-171745.70195900978,-66,20.0
2024-02-09 11:49:58,6.702465034057699,70767.5306185485,-171743.27844288023,70767.4504649894,-171758.08261034725,70774.22242152611,-171745.2658430781,-68,20.0
2024-02-09 11:49:59,7.163109964940278,70767.5306185485,-171743.27844288023,70767.4504649894,-171758.08261034725,70774.68599556024,-171744.7260918465,-75,20.0
2024-02-09 11:49:59,7.846123792032196,70767.5306185485,-171743.27844288023,70767.4504649894,-171758.08261034725,70775.37013351361,-171744.52031744795,-84,20.0
2024-02-09 11:50:00,8.556672059766814,70767.5306185485,-171743.27844288023,70767.4504649894,-171758.08261034725,70776.07990518071,-171744.66567722813,-91,20.0
2024-02-09 11:50:00,8.91535979105682,70767.5306185485,-171743.27844288023,70767.4504649894,-171758.08261034725,70776.43692071614,-171744.97549874528,-92,20.0
2024-02-09 11:50:01,8.91535979105682,70767.5306185485,-171743.27844288023,70767.4504649894,-171758.08261034725,70776.43692071614,-171744.97549874528,-90,20.0
2024-02-09 11:50:02,9.142126304620351,70767.5306185485,-171743.27844288023,70767.4504649894,-171758.08261034725,70776.66016035668,-171745.6275174973,-94,20.0
2024-02-09 11:50:02,8.796996778619693,70767.5306185485,-171743.27844288023,70767.4504649894,-171758.08261034725,70776.31064618933,-171746.43641578913,-86,20.0
2024-02-09 11:50:03,8.209744934766366,70767.5306185485,-171743.27844288023,70767.4504649894,-171758.08261034725,70775.72201123029,-171746.69028404684,-78,20.0
2024-02-09 11:50:03,7.642923502128411,70767.5306185485,-171743.27844288023,70767.4504649894,-171758.08261034725,70775.15609768979,-171746.52106413085,-73,20.0
2024-02-09 11:50:04,7.674164278176655,70767.5306185485,-171743.27844288023,70767.4504649894,-171758.08261034725,70775.18734565066,-171746.5198216821,-77,20.0
2024-02-09 11:50:04,7.731493112496182,70767.5306185485,-171743.27844288023,70767.4504649894,-171758.08261034725,70775.24471656482,-171746.51220483537,-78,20.0
2024-02-09 11:50:05,7.731493112496182,70767.5306185485,-171743.27844288023,70767.4504649894,-171758.08261034725,70775.24471656482,-171746.51220483537,-78,20.0
2024-02-09 11:50:05,7.663717785200077,70767.5306185485,-171743.27844288023,70767.4504649894,-171758.08261034725,70775.17700368802,-171746.50048690542,-77,20.0
