timestamp,直線との距離:,startx:,starty:,goalx:,goaly:,x:,y:,操作量,sp
2024-02-09 14:15:34,-0.0,70787.0260612671,-171740.27336532,70772.9149468953,-171738.43357661384,70787.0260612671,-171740.27336532,0,20.0
timestamp,直線との距離:,startx:,starty:,goalx:,goaly:,x:,y:,操作量,sp
2024-02-09 14:15:34,-0.0,70787.0260612671,-171740.27336532,70772.9149468953,-171738.43357661384,70787.0260612671,-171740.27336532,0,20.0
2024-02-09 14:15:34,-0.015320552117864313,70787.0260612671,-171740.27336532,70772.9149468953,-171738.43357661384,70787.06091312648,-171740.2624590426,0,20.0
2024-02-09 14:15:35,0.03065893356745186,70787.0260612671,-171740.27336532,70772.9149468953,-171738.43357661384,70786.81261608456,-171740.27645503025,-1,20.0
2024-02-09 14:15:35,0.15742844132302689,70787.0260612671,-171740.27336532,70772.9149468953,-171738.43357661384,70786.18609106564,-171740.32261193445,-3,20.0
2024-02-09 14:15:36,0.3092956918743722,70787.0260612671,-171740.27336532,70772.9149468953,-171738.43357661384,70785.43873403438,-171740.3783250755,-5,20.0
2024-02-09 14:15:37,0.46902414411769927,70787.0260612671,-171740.27336532,70772.9149468953,-171738.43357661384,70784.66262677233,-171740.4382175338,-6,20.0
2024-02-09 14:15:37,0.5661747625120465,70787.0260612671,-171740.27336532,70772.9149468953,-171738.43357661384,70784.13272458034,-171740.46710242782,-7,20.0
2024-02-09 14:15:38,0.6684255039926311,70787.0260612671,-171740.27336532,70772.9149468953,-171738.43357661384,70783.30797771736,-171740.4626891457,-8,20.0
2024-02-09 14:15:38,0.7063331728073905,70787.0260612671,-171740.27336532,70772.9149468953,-171738.43357661384,70782.485180658,-171740.39364243703,-8,20.0
2024-02-09 14:15:39,0.6838347220551243,70787.0260612671,-171740.27336532,70772.9149468953,-171738.43357661384,70781.94307048043,-171740.3002739523,-7,20.0
2024-02-09 14:15:39,0.6404481995944805,70787.0260612671,-171740.27336532,70772.9149468953,-171738.43357661384,70781.15033128062,-171740.15316392458,-7,20.0
2024-02-09 14:15:40,0.5537888764166845,70787.0260612671,-171740.27336532,70772.9149468953,-171738.43357661384,70780.37170177666,-171739.9642544611,-5,20.0
2024-02-09 14:15:40,0.40593805838568325,70787.0260612671,-171740.27336532,70772.9149468953,-171738.43357661384,70779.57899158866,-171739.7117997881,-4,20.0
2024-02-09 14:15:41,0.26937313948662117,70787.0260612671,-171740.27336532,70772.9149468953,-171738.43357661384,70779.04916816977,-171739.50500136678,-2,20.0
2024-02-09 14:15:41,0.025151098210039587,70787.0260612671,-171740.27336532,70772.9149468953,-171738.43357661384,70778.25505970769,-171739.1551775288,1,20.0
2024-02-09 14:15:42,-0.2496139971175899,70787.0260612671,-171740.27336532,70772.9149468953,-171738.43357661384,70777.47066077181,-171738.7758180514,4,20.0
2024-02-09 14:15:42,-0.2496139971175899,70787.0260612671,-171740.27336532,70772.9149468953,-171738.43357661384,70777.47066077181,-171738.7758180514,2,20.0
2024-02-09 14:15:43,-0.7393262992139933,70787.0260612671,-171740.27336532,70772.9149468953,-171738.43357661384,70776.14451594128,-171738.10906004044,10,20.0
2024-02-09 14:15:44,-0.7393262992139933,70787.0260612671,-171740.27336532,70772.9149468953,-171738.43357661384,70776.14451594128,-171738.10906004044,7,20.0
2024-02-09 14:15:44,-1.2823994240088838,70787.0260612671,-171740.27336532,70772.9149468953,-171738.43357661384,70774.59129837743,-171737.35888414105,16,20.0
2024-02-09 14:15:45,-1.4325962906533303,70787.0260612671,-171740.27336532,70772.9149468953,-171738.43357661384,70774.07630025699,-171737.14027130124,15,20.0
2024-02-09 14:15:45,-1.6197749906551786,70787.0260612671,-171740.27336532,70772.9149468953,-171738.43357661384,70773.29046439711,-171736.84905216118,17,20.0
2024-02-09 14:15:46,-1.7235742328971493,70787.0260612671,-171740.27336532,70772.9149468953,-171738.43357661384,70772.46882590836,-171736.63725025978,17,20.0
2024-02-09 14:15:46,-1.727144307949464,70787.0260612671,-171740.27336532,70772.9149468953,-171738.43357661384,70771.9937696375,-171736.57171275181,17,20.0
2024-02-09 14:15:47,-1.7171095429423786,70787.0260612671,-171740.27336532,70772.9149468953,-171738.43357661384,70771.86509532908,-171736.56505605724,17,20.0
2024-02-09 14:15:47,-1.7334469690946983,70787.0260612671,-171740.27336532,70772.9149468953,-171738.43357661384,70771.92437421365,-171736.55630906322,17,20.0
2024-02-09 14:15:48,-1.5527597918461262,70787.0260612671,-171740.27336532,70772.9149468953,-171738.43357661384,70771.87007249438,-171736.73144569664,14,20.0
2024-02-09 14:15:48,-1.1628290963732701,70787.0260612671,-171740.27336532,70772.9149468953,-171738.43357661384,70771.76601729704,-171737.11110998443,8,20.0
2024-02-09 14:15:49,-0.7222828369106308,70787.0260612671,-171740.27336532,70772.9149468953,-171738.43357661384,70771.59383568811,-171737.5329359876,4,20.0
2024-02-09 14:15:50,-0.3026522837316649,70787.0260612671,-171740.27336532,70772.9149468953,-171738.43357661384,70771.45713511057,-171737.93829523536,0,20.0
2024-02-09 14:15:50,0.25658926275746025,70787.0260612671,-171740.27336532,70772.9149468953,-171738.43357661384,70771.08792310294,-171738.4541325349,-7,20.0
2024-02-09 14:15:51,0.8179490191122702,70787.0260612671,-171740.27336532,70772.9149468953,-171738.43357661384,70770.84448942846,-171738.98850478698,-13,20.0
2024-02-09 14:15:51,1.2352529941959842,70787.0260612671,-171740.27336532,70772.9149468953,-171738.43357661384,70770.63225601467,-171739.38166989287,-16,20.0
2024-02-09 14:15:52,1.9491368613984077,70787.0260612671,-171740.27336532,70772.9149468953,-171738.43357661384,70770.42333278757,-171740.07435656877,-25,20.0
2024-02-09 14:15:52,2.392205396821129,70787.0260612671,-171740.27336532,70772.9149468953,-171738.43357661384,70770.213285071,-171740.49378926138,-28,20.0
2024-02-09 14:15:53,2.3904851130015077,70787.0260612671,-171740.27336532,70772.9149468953,-171738.43357661384,70770.25198296401,-171740.49709979884,-24,20.0
2024-02-09 14:15:53,2.271179997786371,70787.0260612671,-171740.27336532,70772.9149468953,-171738.43357661384,70770.23730750197,-171740.3748715787,-22,20.0
2024-02-09 14:15:54,1.8517826643388837,70787.0260612671,-171740.27336532,70772.9149468953,-171738.43357661384,70770.36838174696,-171739.96901397064,-16,20.0
2024-02-09 14:15:54,1.6014484641921074,70787.0260612671,-171740.27336532,70772.9149468953,-171738.43357661384,70770.4943219622,-171739.73298099142,-15,20.0
2024-02-09 14:15:55,1.586232026089112,70787.0260612671,-171740.27336532,70772.9149468953,-171738.43357661384,70770.50734595761,-171739.71933382074,-16,20.0
2024-02-09 14:15:56,1.6190692652640695,70787.0260612671,-171740.27336532,70772.9149468953,-171738.43357661384,70770.5233330097,-171739.7545333485,-17,20.0
2024-02-09 14:15:56,1.4126984710289776,70787.0260612671,-171740.27336532,70772.9149468953,-171738.43357661384,70770.5577395782,-171739.5509018213,-13,20.0
2024-02-09 14:15:57,1.0622483728024188,70787.0260612671,-171740.27336532,70772.9149468953,-171738.43357661384,70770.72892143173,-171739.21980416024,-9,20.0
2024-02-09 14:15:57,0.867145610907811,70787.0260612671,-171740.27336532,70772.9149468953,-171738.43357661384,70771.00658211339,-171739.05925118655,-8,20.0
2024-02-09 14:15:58,0.668221433069636,70787.0260612671,-171740.27336532,70772.9149468953,-171738.43357661384,70771.42629776464,-171738.91336539626,-6,20.0
2024-02-09 14:15:58,0.587100776773138,70787.0260612671,-171740.27336532,70772.9149468953,-171738.43357661384,70771.69359282429,-171738.86640775797,-6,20.0
timestamp,直線との距離:,startx:,starty:,goalx:,goaly:,x:,y:,操作量,sp
2024-02-09 14:15:59,0.0,70771.87634781633,-171738.18916769876,70767.81304474265,-171743.65567093433,70771.87634781633,-171738.18916769876,4,20.0
2024-02-09 14:16:00,-0.058356789094453354,70771.87634781633,-171738.18916769876,70767.81304474265,-171743.65567093433,70771.96545473379,-171737.97146654344,0,20.0
timestamp,直線との距離:,startx:,starty:,goalx:,goaly:,x:,y:,操作量,sp
2024-02-09 14:16:00,0.0,70771.96545473379,-171737.97146654344,70767.81304474265,-171743.65567093433,70771.96545473379,-171737.97146654344,-1,20.0
2024-02-09 14:16:01,0.0023072830851925533,70771.96545473379,-171737.97146654344,70767.81304474265,-171743.65567093433,70772.02229090742,-171737.89757532947,-1,20.0
2024-02-09 14:16:01,0.0015430332370708507,70771.96545473379,-171737.97146654344,70767.81304474265,-171743.65567093433,70772.03850568758,-171737.8740834392,-1,20.0
2024-02-09 14:16:02,-0.01142973697630908,70771.96545473379,-171737.97146654344,70767.81304474265,-171743.65567093433,70772.04139613271,-171737.84813465952,0,20.0
2024-02-09 14:16:02,-0.038682945097319545,70771.96545473379,-171737.97146654344,70767.81304474265,-171743.65567093433,70772.02578834821,-171737.82329908264,0,20.0
2024-02-09 14:16:03,-0.038682945097319545,70771.96545473379,-171737.97146654344,70767.81304474265,-171743.65567093433,70772.02578834821,-171737.82329908264,0,20.0
2024-02-09 14:16:03,-0.04121363025106763,70771.96545473379,-171737.97146654344,70767.81304474265,-171743.65567093433,70772.04116180562,-171737.79796432616,0,20.0
2024-02-09 14:16:04,-0.030582608199277512,70771.96545473379,-171737.97146654344,70767.81304474265,-171743.65567093433,70772.05892202741,-171737.79167471014,0,20.0
2024-02-09 14:16:04,-0.030582608199277512,70771.96545473379,-171737.97146654344,70767.81304474265,-171743.65567093433,70772.05892202741,-171737.79167471014,0,20.0
2024-02-09 14:16:05,-0.050648530565389226,70771.96545473379,-171737.97146654344,70767.81304474265,-171743.65567093433,70772.04492359853,-171737.77682033362,0,20.0
2024-02-09 14:16:05,0.018681907375157375,70771.96545473379,-171737.97146654344,70767.81304474265,-171743.65567093433,70772.09626938876,-171737.8240657727,-1,20.0
2024-02-09 14:16:06,0.3336748704464719,70771.96545473379,-171737.97146654344,70767.81304474265,-171743.65567093433,70772.31567890543,-171738.05770901733,-6,20.0
2024-02-09 14:16:07,0.7220232399258941,70771.96545473379,-171737.97146654344,70767.81304474265,-171743.65567093433,70772.56216085267,-171738.37864865173,-10,20.0
2024-02-09 14:16:07,0.7693084585888472,70771.96545473379,-171737.97146654344,70767.81304474265,-171743.65567093433,70772.54335376387,-171738.48455373995,-9,20.0
2024-02-09 14:16:08,0.7906821319477824,70771.96545473379,-171737.97146654344,70767.81304474265,-171743.65567093433,70772.5607551375,-171738.4969668127,-9,20.0
2024-02-09 14:16:08,0.8159664816427804,70771.96545473379,-171737.97146654344,70767.81304474265,-171743.65567093433,70772.60837932938,-171738.47463765368,-9,20.0
2024-02-09 14:16:09,0.8688111975556942,70771.96545473379,-171737.97146654344,70767.81304474265,-171743.65567093433,70772.67567345225,-171738.47210413768,-10,20.0
2024-02-09 14:16:09,0.8954916749391585,70771.96545473379,-171737.97146654344,70767.81304474265,-171743.65567093433,70772.69438184754,-171738.49172438966,-10,20.0
2024-02-09 14:16:10,0.8811146811782791,70771.96545473379,-171737.97146654344,70767.81304474265,-171743.65567093433,70772.67358304975,-171738.49582313755,-9,20.0
2024-02-09 14:16:10,0.9103748373883656,70771.96545473379,-171737.97146654344,70767.81304474265,-171743.65567093433,70772.70491166075,-171738.50254086318,-10,20.0
2024-02-09 14:16:11,0.9363527099192853,70771.96545473379,-171737.97146654344,70767.81304474265,-171743.65567093433,70772.72982878251,-171738.51247094394,-10,20.0
2024-02-09 14:16:11,0.9570479345997918,70771.96545473379,-171737.97146654344,70767.81304474265,-171743.65567093433,70772.74951758563,-171738.52060263167,-10,20.0
2024-02-09 14:16:12,0.969402155087851,70771.96545473379,-171737.97146654344,70767.81304474265,-171743.65567093433,70772.757164684,-171738.53107804773,-10,20.0
