timestamp,直線との距離:,startx:,starty:,goalx:,goaly:,x:,y:,操作量,sp
timestamp,直線との距離:,startx:,starty:,goalx:,goaly:,x:,y:,操作量,sp
2024-01-26 17:00:55,-0.0,70782.58780908803,-171743.7006682945,70774.48352805714,-171732.16460188924,70782.58780908803,-171743.7006682945,0,15.0
2024-01-26 17:00:55,-0.0,70782.58780908803,-171743.7006682945,70774.48352805714,-171732.16460188924,70782.58780908803,-171743.7006682945,0,15.0
2024-01-26 17:00:55,-0.0917800017361228,70782.58780908803,-171743.7006682945,70774.48352805714,-171732.16460188924,70782.52328670443,-171743.44916289556,0,15.0
2024-01-26 17:00:56,0.06532236407862506,70782.58780908803,-171743.7006682945,70774.48352805714,-171732.16460188924,70782.48478069647,-171743.66764717913,-1,15.0
2024-01-26 17:00:56,0.2757837175702788,70782.58780908803,-171743.7006682945,70774.48352805714,-171732.16460188924,70782.37558517227,-171743.87833170054,-1,15.0
2024-01-26 17:00:57,0.3156444783138082,70782.58780908803,-171743.7006682945,70774.48352805714,-171732.16460188924,70782.16178283379,-171743.64333594477,-1,15.0
2024-01-26 17:00:58,0.2213208826790424,70782.58780908803,-171743.7006682945,70774.48352805714,-171732.16460188924,70782.14451410813,-171743.4546690817,-1,15.0
2024-01-26 17:00:58,-0.2029344398094093,70782.58780908803,-171743.7006682945,70774.48352805714,-171732.16460188924,70781.99669441479,-171742.50621868376,-1,15.0
2024-01-26 17:00:58,-0.7146600724402647,70782.58780908803,-171743.7006682945,70774.48352805714,-171732.16460188924,70781.92479669767,-171741.51367604235,0,15.0
2024-01-26 17:00:59,-1.248980615219687,70782.58780908803,-171743.7006682945,70774.48352805714,-171732.16460188924,70781.91454002094,-171740.56957036967,2,15.0
2024-01-26 17:00:59,-1.3392983146112598,70782.58780908803,-171743.7006682945,70774.48352805714,-171732.16460188924,70781.72943106267,-171740.14895942673,3,15.0
2024-01-26 17:01:00,-0.8913333782703498,70782.58780908803,-171743.7006682945,70774.48352805714,-171732.16460188924,70781.03255073549,-171739.9362640288,4,15.0
2024-01-26 17:01:00,-0.37827212785888426,70782.58780908803,-171743.7006682945,70774.48352805714,-171732.16460188924,70780.30678640801,-171739.79569536416,4,15.0
2024-01-26 17:01:01,-0.42464414149262686,70782.58780908803,-171743.7006682945,70774.48352805714,-171732.16460188924,70780.00532905529,-171739.2859159626,4,15.0
2024-01-26 17:01:02,-0.1515521521401787,70782.58780908803,-171743.7006682945,70774.48352805714,-171732.16460188924,70779.48255233598,-171739.01683938463,4,15.0
2024-01-26 17:01:02,0.3668934729079776,70782.58780908803,-171743.7006682945,70774.48352805714,-171732.16460188924,70778.88960018271,-171739.07468933702,4,15.0
2024-01-26 17:01:03,1.0325880832291046,70782.58780908803,-171743.7006682945,70774.48352805714,-171732.16460188924,70778.19661589913,-171739.24630303163,2,15.0
2024-01-26 17:01:03,1.4300394070994462,70782.58780908803,-171743.7006682945,70774.48352805714,-171732.16460188924,70777.76662824168,-171739.32564326626,1,15.0
2024-01-26 17:01:04,1.6884356294529164,70782.58780908803,-171743.7006682945,70774.48352805714,-171732.16460188924,70777.48703982394,-171739.377169099,-1,15.0
2024-01-26 17:01:04,2.0468738068235512,70782.58780908803,-171743.7006682945,70774.48352805714,-171732.16460188924,70777.12118166762,-171739.47992729238,-4,15.0
2024-01-26 17:01:05,2.4199202890192217,70782.58780908803,-171743.7006682945,70774.48352805714,-171732.16460188924,70776.76587938334,-171739.6231239328,-6,15.0
2024-01-26 17:01:05,2.677819660269749,70782.58780908803,-171743.7006682945,70774.48352805714,-171732.16460188924,70776.54526679046,-171739.75773478026,-9,15.0
2024-01-26 17:01:06,3.4393479668119182,70782.58780908803,-171743.7006682945,70774.48352805714,-171732.16460188924,70776.08687547025,-171740.42999323944,-13,15.0
2024-01-26 17:01:06,3.9638478456348536,70782.58780908803,-171743.7006682945,70774.48352805714,-171732.16460188924,70775.77560011047,-171740.89932898156,-17,15.0
2024-01-26 17:01:07,4.5256491042276705,70782.58780908803,-171743.7006682945,70774.48352805714,-171732.16460188924,70775.33227647182,-171741.24558975466,-22,15.0
2024-01-26 17:01:07,5.222773856020768,70782.58780908803,-171743.7006682945,70774.48352805714,-171732.16460188924,70774.83322397707,-171741.7479322912,-27,15.0
2024-01-26 17:01:08,5.730819992555656,70782.58780908803,-171743.7006682945,70774.48352805714,-171732.16460188924,70774.53946079078,-171742.21357281215,-33,15.0
2024-01-26 17:01:08,6.464212500344529,70782.58780908803,-171743.7006682945,70774.48352805714,-171732.16460188924,70773.87564943184,-171742.54448029038,-40,15.0
2024-01-26 17:01:09,7.032662151859275,70782.58780908803,-171743.7006682945,70774.48352805714,-171732.16460188924,70773.42994047533,-171742.89891124083,-47,15.0
2024-01-26 17:01:09,7.840468344827299,70782.58780908803,-171743.7006682945,70774.48352805714,-171732.16460188924,70772.7791460292,-171743.37779797908,-56,15.0
2024-01-26 17:01:10,8.549922658102394,70782.58780908803,-171743.7006682945,70774.48352805714,-171732.16460188924,70772.196427508,-171743.78249437126,-65,15.0
2024-01-26 17:01:10,8.973278057011727,70782.58780908803,-171743.7006682945,70774.48352805714,-171732.16460188924,70771.81016769593,-171743.9691419702,-74,15.0
2024-01-26 17:01:11,9.605882591907923,70782.58780908803,-171743.7006682945,70774.48352805714,-171732.16460188924,70771.21299734061,-171744.21957872307,-84,15.0
2024-01-26 17:01:12,10.040615160289446,70782.58780908803,-171743.7006682945,70774.48352805714,-171732.16460188924,70770.8188723641,-171744.41482238832,-94,15.0
2024-01-26 17:01:12,10.372927731360631,70782.58780908803,-171743.7006682945,70774.48352805714,-171732.16460188924,70770.38966652479,-171744.3819599163,-90,15.0
2024-01-26 17:01:13,10.838180667414006,70782.58780908803,-171743.7006682945,70774.48352805714,-171732.16460188924,70769.8447306177,-171744.41562458116,-90,15.0
2024-01-26 17:01:13,10.871867253769796,70782.58780908803,-171743.7006682945,70774.48352805714,-171732.16460188924,70769.78913090692,-171744.39508227998,-90,15.0
2024-01-26 17:01:14,10.741777937071978,70782.58780908803,-171743.7006682945,70774.48352805714,-171732.16460188924,70769.8901658186,-171744.3125969661,-90,15.0
2024-01-26 17:01:14,10.657100225017153,70782.58780908803,-171743.7006682945,70774.48352805714,-171732.16460188924,70769.73618101787,-171743.9461011516,-90,15.0
2024-01-26 17:01:15,10.749824711423207,70782.58780908803,-171743.7006682945,70774.48352805714,-171732.16460188924,70769.57549294508,-171743.87867298882,-90,15.0
2024-01-26 17:01:15,10.77747924009999,70782.58780908803,-171743.7006682945,70774.48352805714,-171732.16460188924,70769.65764810031,-171744.04372493297,-90,15.0
2024-01-26 17:01:16,10.949090936245877,70782.58780908803,-171743.7006682945,70774.48352805714,-171732.16460188924,70769.71608606864,-171744.4254449281,-90,15.0
2024-01-26 17:01:16,11.058417426073731,70782.58780908803,-171743.7006682945,70774.48352805714,-171732.16460188924,70769.82363016333,-171744.76871365638,-90,15.0
2024-01-26 17:01:17,11.316119566227362,70782.58780908803,-171743.7006682945,70774.48352805714,-171732.16460188924,70769.73252965443,-171745.08733581653,-90,15.0
2024-01-26 17:01:17,11.666344588427958,70782.58780908803,-171743.7006682945,70774.48352805714,-171732.16460188924,70769.63014676317,-171745.55085114064,-90,15.0
2024-01-26 17:01:18,12.062114945672825,70782.58780908803,-171743.7006682945,70774.48352805714,-171732.16460188924,70769.47585416946,-171746.01970623664,-90,15.0
2024-01-26 17:01:18,12.144374543738225,70782.58780908803,-171743.7006682945,70774.48352805714,-171732.16460188924,70769.50737465789,-171746.20767325012,-90,15.0
2024-01-26 17:01:19,12.532660585610019,70782.58780908803,-171743.7006682945,70774.48352805714,-171732.16460188924,70769.22927503573,-171746.48727507066,-90,15.0
2024-01-26 17:01:19,12.674407409070913,70782.58780908803,-171743.7006682945,70774.48352805714,-171732.16460188924,70769.27952737485,-171746.80539017342,-90,15.0
2024-01-26 17:01:20,12.193922387520884,70782.58780908803,-171743.7006682945,70774.48352805714,-171732.16460188924,70769.86244754994,-171746.7992965581,-90,15.0
2024-01-26 17:01:20,11.975283786612566,70782.58780908803,-171743.7006682945,70774.48352805714,-171732.16460188924,70770.06693000656,-171746.71002337837,-90,15.0
2024-01-26 17:01:21,11.678878911943364,70782.58780908803,-171743.7006682945,70774.48352805714,-171732.16460188924,70770.50331681136,-171746.81557276673,-90,15.0
2024-01-26 17:01:21,11.295187930650307,70782.58780908803,-171743.7006682945,70774.48352805714,-171732.16460188924,70770.90976254828,-171746.72665924238,-90,15.0
2024-01-26 17:01:22,10.762583292051389,70782.58780908803,-171743.7006682945,70774.48352805714,-171732.16460188924,70771.65201062728,-171746.85669401693,-90,15.0
2024-01-26 17:01:22,10.463673741443298,70782.58780908803,-171743.7006682945,70774.48352805714,-171732.16460188924,70772.03048084282,-171746.87544469678,-90,15.0
2024-01-26 17:01:23,9.578104822770117,70782.58780908803,-171743.7006682945,70774.48352805714,-171732.16460188924,70772.89509521532,-171746.56564436713,-90,15.0
2024-01-26 17:01:23,9.130995285983166,70782.58780908803,-171743.7006682945,70774.48352805714,-171732.16460188924,70773.3682943474,-171746.46142806276,-90,15.0
2024-01-26 17:01:24,9.130995285983166,70782.58780908803,-171743.7006682945,70774.48352805714,-171732.16460188924,70773.3682943474,-171746.46142806276,-90,15.0
2024-01-26 17:01:24,8.486593849218021,70782.58780908803,-171743.7006682945,70774.48352805714,-171732.16460188924,70774.08503176371,-171746.3606675204,-90,15.0
2024-01-26 17:01:25,7.549664558415068,70782.58780908803,-171743.7006682945,70774.48352805714,-171732.16460188924,70775.29053263678,-171746.44675656766,-90,15.0
2024-01-26 17:01:25,7.549664558415068,70782.58780908803,-171743.7006682945,70774.48352805714,-171732.16460188924,70775.29053263678,-171746.44675656766,-90,15.0
2024-01-26 17:01:26,7.302354039076924,70782.58780908803,-171743.7006682945,70774.48352805714,-171732.16460188924,70775.78886943412,-171746.72589358548,-90,15.0
2024-01-26 17:01:26,7.302354039076924,70782.58780908803,-171743.7006682945,70774.48352805714,-171732.16460188924,70775.78886943412,-171746.72589358548,-90,15.0
2024-01-26 17:01:27,6.901203434223159,70782.58780908803,-171743.7006682945,70774.48352805714,-171732.16460188924,70776.49674328977,-171747.03567612372,-90,15.0
