timestamp,直線との距離:,startx:,starty:,goalx:,goaly:,x:,y:,操作量,sp
2024-02-09 13:50:59,0.0,70790.24042773792,-171736.44801497614,70772.9149468953,-171738.43357661384,70790.24042773792,-171736.44801497614,0,20.0
2024-02-09 13:50:59,0.0,70790.24042773792,-171736.44801497614,70772.9149468953,-171738.43357661384,70790.24042773792,-171736.44801497614,0,20.0
2024-02-09 13:50:59,0.008472472052111867,70790.24042773792,-171736.44801497614,70772.9149468953,-171738.43357661384,70790.18559780082,-171736.46282661083,-1,20.0
2024-02-09 13:50:59,-0.002827322840533311,70790.24042773792,-171736.44801497614,70772.9149468953,-171738.43357661384,70789.98101868432,-171736.4748983457,0,20.0
2024-02-09 13:51:00,-0.002827322840533311,70790.24042773792,-171736.44801497614,70772.9149468953,-171738.43357661384,70789.98101868432,-171736.4748983457,0,20.0
2024-02-09 13:51:00,-0.2950891185626562,70790.24042773792,-171736.44801497614,70772.9149468953,-171738.43357661384,70788.61293808195,-171736.33751042737,4,20.0
2024-02-09 13:51:01,-0.5399508591514959,70790.24042773792,-171736.44801497614,70772.9149468953,-171738.43357661384,70787.5633348362,-171736.21133418812,7,20.0
2024-02-09 13:51:01,-0.7040547475464737,70790.24042773792,-171736.44801497614,70772.9149468953,-171738.43357661384,70786.83638349232,-171736.12946735293,8,20.0
2024-02-09 13:51:02,-0.8860422429571996,70790.24042773792,-171736.44801497614,70772.9149468953,-171738.43357661384,70785.75989456403,-171736.069658101,10,20.0
2024-02-09 13:51:03,-1.0456070865412117,70790.24042773792,-171736.44801497614,70772.9149468953,-171738.43357661384,70784.65665537317,-171736.03548394496,11,20.0
2024-02-09 13:51:03,-1.105853608514597,70790.24042773792,-171736.44801497614,70772.9149468953,-171738.43357661384,70783.91843731204,-171736.05944548713,11,20.0
2024-02-09 13:51:04,-1.105853608514597,70790.24042773792,-171736.44801497614,70772.9149468953,-171738.43357661384,70783.91843731204,-171736.05944548713,11,20.0
2024-02-09 13:51:04,-1.044228274216415,70790.24042773792,-171736.44801497614,70772.9149468953,-171738.43357661384,70781.78294446798,-171736.36620925838,10,20.0
2024-02-09 13:51:05,-0.9569995513308049,70790.24042773792,-171736.44801497614,70772.9149468953,-171738.43357661384,70781.04965317727,-171736.5380467288,8,20.0
2024-02-09 13:51:05,-0.7557658685531297,70790.24042773792,-171736.44801497614,70772.9149468953,-171738.43357661384,70779.92790558857,-171736.86915385735,6,20.0
2024-02-09 13:51:06,-0.4509917870679368,70790.24042773792,-171736.44801497614,70772.9149468953,-171738.43357661384,70778.87335925501,-171737.29677761247,2,20.0
2024-02-09 13:51:06,-0.4509917870679368,70790.24042773792,-171736.44801497614,70772.9149468953,-171738.43357661384,70778.87335925501,-171737.29677761247,4,20.0
2024-02-09 13:51:07,0.15451086041211412,70790.24042773792,-171736.44801497614,70772.9149468953,-171738.43357661384,70777.13645082785,-171738.10529949135,-6,20.0
2024-02-09 13:51:07,0.5293000525823308,70790.24042773792,-171736.44801497614,70772.9149468953,-171738.43357661384,70776.15040718441,-171738.59554599403,-8,20.0
2024-02-09 13:51:08,0.7583284693840914,70790.24042773792,-171736.44801497614,70772.9149468953,-171738.43357661384,70775.49141725092,-171738.90159611803,-10,20.0
2024-02-09 13:51:08,1.0038346153951687,70790.24042773792,-171736.44801497614,70772.9149468953,-171738.43357661384,70774.45420659188,-171739.2675772657,-12,20.0
2024-02-09 13:51:09,1.1490885371472992,70790.24042773792,-171736.44801497614,70772.9149468953,-171738.43357661384,70773.41515245973,-171739.53286125025,-13,20.0
timestamp,直線との距離:,startx:,starty:,goalx:,goaly:,x:,y:,操作量,sp
2024-02-09 13:51:10,-0.6243495129577518,70772.73503084526,-171739.6478765773,70767.81304474265,-171743.65567093433,70771.67781065528,-171739.70358179172,18,20.0
2024-02-09 13:51:10,-0.6243495129577518,70772.73503084526,-171739.6478765773,70767.81304474265,-171743.65567093433,70771.67781065528,-171739.70358179172,6,20.0
2024-02-09 13:51:11,-1.0285903341544989,70772.73503084526,-171739.6478765773,70767.81304474265,-171743.65567093433,70770.73712767531,-171739.94824350261,13,20.0
2024-02-09 13:51:11,-1.0490506090834344,70772.73503084526,-171739.6478765773,70767.81304474265,-171743.65567093433,70770.24269214232,-171740.32445915273,10,20.0
2024-02-09 13:51:12,-1.0673168589370852,70772.73503084526,-171739.6478765773,70767.81304474265,-171743.65567093433,70769.46720350855,-171740.9323555041,10,20.0
2024-02-09 13:51:12,-1.0363963327857568,70772.73503084526,-171739.6478765773,70767.81304474265,-171743.65567093433,70768.9734339471,-171741.3742887048,10,20.0
2024-02-09 13:51:13,-0.8797281972304478,70772.73503084526,-171739.6478765773,70767.81304474265,-171743.65567093433,70768.03390291994,-171742.34135128936,7,20.0
timestamp,直線との距離:,startx:,starty:,goalx:,goaly:,x:,y:,操作量,sp
2024-02-09 13:51:13,0.0,70767.61845975746,-171742.8682099096,70767.4504649894,-171758.08261034725,70767.61845975746,-171742.8682099096,-7,20.0
2024-02-09 13:51:14,-0.38925590673061766,70767.61845975746,-171742.8682099096,70767.4504649894,-171758.08261034725,70767.22347736586,-171743.38467847,6,20.0
2024-02-09 13:51:14,-1.0481977913189346,70767.61845975746,-171742.8682099096,70767.4504649894,-171758.08261034725,70766.55615358379,-171744.14014488336,15,20.0
2024-02-09 13:51:15,-1.0481977913189346,70767.61845975746,-171742.8682099096,70767.4504649894,-171758.08261034725,70766.55615358379,-171744.14014488336,10,20.0
2024-02-09 13:51:15,-2.3838981613087897,70767.61845975746,-171742.8682099096,70767.4504649894,-171758.08261034725,70765.20211207338,-171745.79383121186,33,20.0
2024-02-09 13:51:16,-2.7496906143796567,70767.61845975746,-171742.8682099096,70767.4504649894,-171758.08261034725,70764.82986935064,-171746.3759786824,30,20.0
2024-02-09 13:51:16,-3.1890160231336644,70767.61845975746,-171742.8682099096,70767.4504649894,-171758.08261034725,70764.38025364971,-171747.3054907881,34,20.0
2024-02-09 13:51:17,-3.3436148632709783,70767.61845975746,-171742.8682099096,70767.4504649894,-171758.08261034725,70764.2148249272,-171748.28544263678,34,20.0
2024-02-09 13:51:17,-3.3436148632709783,70767.61845975746,-171742.8682099096,70767.4504649894,-171758.08261034725,70764.2148249272,-171748.28544263678,33,20.0
2024-02-09 13:51:18,-3.32526942750587,70767.61845975746,-171742.8682099096,70767.4504649894,-171758.08261034725,70764.22596461716,-171748.93813032424,33,20.0
2024-02-09 13:51:19,-3.072923651561825,70767.61845975746,-171742.8682099096,70767.4504649894,-171758.08261034725,70764.46777371822,-171749.89377455346,28,20.0
2024-02-09 13:51:19,-2.1903308968583226,70767.61845975746,-171742.8682099096,70767.4504649894,-171758.08261034725,70765.33622185573,-171751.1796505276,15,20.0
2024-02-09 13:51:20,-1.4290236934142386,70767.61845975746,-171742.8682099096,70767.4504649894,-171758.08261034725,70766.09093017933,-171751.78147926705,8,20.0
2024-02-09 13:51:20,-0.5869139723597036,70767.61845975746,-171742.8682099096,70767.4504649894,-171758.08261034725,70766.92770622752,-171752.26917097133,-1,20.0
2024-02-09 13:51:21,-0.012760773820586399,70767.61845975746,-171742.8682099096,70767.4504649894,-171758.08261034725,70767.49875904676,-171752.55312573124,-4,20.0
2024-02-09 13:51:21,0.8375449478891718,70767.61845975746,-171742.8682099096,70767.4504649894,-171758.08261034725,70768.34424772924,-171752.99407389943,-15,20.0
2024-02-09 13:51:22,1.3897649118278805,70767.61845975746,-171742.8682099096,70767.4504649894,-171758.08261034725,70768.89243531857,-171753.36231347374,-18,20.0
2024-02-09 13:51:22,2.0055221666838317,70767.61845975746,-171742.8682099096,70767.4504649894,-171758.08261034725,70769.50449012722,-171753.70102394526,-25,20.0
2024-02-09 13:51:23,2.550587712343479,70767.61845975746,-171742.8682099096,70767.4504649894,-171758.08261034725,70770.04525014336,-171754.09396222196,-30,20.0
2024-02-09 13:51:23,3.3242177755212077,70767.61845975746,-171742.8682099096,70767.4504649894,-171758.08261034725,70770.81150450713,-171754.7662114452,-39,20.0
2024-02-09 13:51:24,3.951797045495196,70767.61845975746,-171742.8682099096,70767.4504649894,-171758.08261034725,70771.43007584687,-171755.58547689993,-44,20.0
2024-02-09 13:51:24,4.243116085089468,70767.61845975746,-171742.8682099096,70767.4504649894,-171758.08261034725,70771.71434469685,-171756.2255837005,-45,20.0
2024-02-09 13:51:25,4.4016696126221255,70767.61845975746,-171742.8682099096,70767.4504649894,-171758.08261034725,70771.86150708908,-171757.2580941017,-46,20.0
2024-02-09 13:51:25,4.172548502095747,70767.61845975746,-171742.8682099096,70767.4504649894,-171758.08261034725,70771.62152071964,-171758.24083839872,-41,20.0
2024-02-09 13:51:26,3.5633113944568984,70767.61845975746,-171742.8682099096,70767.4504649894,-171758.08261034725,70771.00379376758,-171759.00635540488,-32,20.0
2024-02-09 13:51:27,2.9954862008431116,70767.61845975746,-171742.8682099096,70767.4504649894,-171758.08261034725,70770.43298151439,-171759.2737428251,-26,20.0
2024-02-09 13:51:27,2.0857038564465644,70767.61845975746,-171742.8682099096,70767.4504649894,-171758.08261034725,70769.52135106594,-171759.43609318914,-15,20.0
2024-02-09 13:51:28,1.1840960429458678,70767.61845975746,-171742.8682099096,70767.4504649894,-171758.08261034725,70768.62135381762,-171759.2852552444,-6,20.0
2024-02-09 13:51:28,0.6477514477762406,70767.61845975746,-171742.8682099096,70767.4504649894,-171758.08261034725,70768.08741282877,-171759.06461227086,-3,20.0
timestamp,直線との距離:,startx:,starty:,goalx:,goaly:,x:,y:,操作量,sp
2024-02-09 13:51:29,0.13494615168288118,70767.29584248034,-171758.64070578341,70776.22406187186,-171762.44386814098,70766.49402271012,-171758.1524746715,-1,20.0
2024-02-09 13:51:29,0.13494615168288118,70767.29584248034,-171758.64070578341,70776.22406187186,-171762.44386814098,70766.49402271012,-171758.1524746715,-2,20.0
2024-02-09 13:51:30,0.13494615168288118,70767.29584248034,-171758.64070578341,70776.22406187186,-171762.44386814098,70766.49402271012,-171758.1524746715,-2,20.0
2024-02-09 13:51:30,-0.04687081780467605,70767.29584248034,-171758.64070578341,70776.22406187186,-171762.44386814098,70764.93242330452,-171757.68490384342,0,20.0
2024-02-09 13:51:31,-0.22152930616348165,70767.29584248034,-171758.64070578341,70776.22406187186,-171762.44386814098,70764.8672946967,-171757.84700526518,2,20.0
2024-02-09 13:51:31,-0.2535188732996716,70767.29584248034,-171758.64070578341,70776.22406187186,-171762.44386814098,70765.32798785146,-171758.07801810664,2,20.0
2024-02-09 13:51:32,-0.5236522839785077,70767.29584248034,-171758.64070578341,70776.22406187186,-171762.44386814098,70765.46895454226,-171758.43168621493,5,20.0
2024-02-09 13:51:32,-0.8145930071865267,70767.29584248034,-171758.64070578341,70776.22406187186,-171762.44386814098,70765.70282521778,-171758.84754514656,8,20.0
2024-02-09 13:51:33,-1.151329913663477,70767.29584248034,-171758.64070578341,70776.22406187186,-171762.44386814098,70765.91255388541,-171759.30289825465,11,20.0
2024-02-09 13:51:33,-1.7328508408963998,70767.29584248034,-171758.64070578341,70776.22406187186,-171762.44386814098,70766.26062792978,-171760.08324945325,17,20.0
2024-02-09 13:51:34,-2.2369167336892186,70767.29584248034,-171758.64070578341,70776.22406187186,-171762.44386814098,70766.68840100174,-171760.8133606966,22,20.0
2024-02-09 13:51:35,-2.5728832727943827,70767.29584248034,-171758.64070578341,70776.22406187186,-171762.44386814098,70766.99217208209,-171761.30793579575,26,20.0
2024-02-09 13:51:35,-3.0332639952163705,70767.29584248034,-171758.64070578341,70776.22406187186,-171762.44386814098,70767.4766084911,-171762.01470056176,30,20.0
2024-02-09 13:51:36,-3.37154370770467,70767.29584248034,-171758.64070578341,70776.22406187186,-171762.44386814098,70768.06668885799,-171762.63374940224,34,20.0
2024-02-09 13:51:36,-3.5745165930367047,70767.29584248034,-171758.64070578341,70776.22406187186,-171762.44386814098,70768.79490257506,-171763.1645678473,35,20.0
2024-02-09 13:51:37,-3.598289314253058,70767.29584248034,-171758.64070578341,70776.22406187186,-171762.44386814098,70769.32022550088,-171763.41417982907,36,20.0
2024-02-09 13:51:37,-3.433109626462045,70767.29584248034,-171758.64070578341,70776.22406187186,-171762.44386814098,70770.15177377679,-171763.58885388676,34,20.0
2024-02-09 13:51:38,-3.040037345420917,70767.29584248034,-171758.64070578341,70776.22406187186,-171762.44386814098,70771.0592908926,-171763.5481815577,30,20.0
2024-02-09 13:51:38,-2.642372830073219,70767.29584248034,-171758.64070578341,70776.22406187186,-171762.44386814098,70771.61740570667,-171763.353682478,26,20.0
2024-02-09 13:51:39,-1.8678513772282785,70767.29584248034,-171758.64070578341,70776.22406187186,-171762.44386814098,70772.38630415319,-171762.83934802533,17,20.0
2024-02-09 13:51:39,-0.9554878857376031,70767.29584248034,-171758.64070578341,70776.22406187186,-171762.44386814098,70773.04833470956,-171762.12966412134,8,20.0
2024-02-09 13:51:40,-0.0017439961954165246,70767.29584248034,-171758.64070578341,70776.22406187186,-171762.44386814098,70773.5201530921,-171761.2939770996,-1,20.0
2024-02-09 13:51:41,0.6443388928741296,70767.29584248034,-171758.64070578341,70776.22406187186,-171762.44386814098,70773.769405941,-171760.69789446637,-8,20.0
2024-02-09 13:51:41,1.6076280972252575,70767.29584248034,-171758.64070578341,70776.22406187186,-171762.44386814098,70774.12916634008,-171759.80409875535,-18,20.0
2024-02-09 13:51:42,2.5879868705885607,70767.29584248034,-171758.64070578341,70776.22406187186,-171762.44386814098,70774.52467811451,-171758.90697839553,-27,20.0
2024-02-09 13:51:42,3.546264968843584,70767.29584248034,-171758.64070578341,70776.22406187186,-171762.44386814098,70774.93902396692,-171758.0418813045,-37,20.0
2024-02-09 13:51:43,4.16061181142518,70767.29584248034,-171758.64070578341,70776.22406187186,-171762.44386814098,70775.31889433098,-171757.53593330606,-43,20.0
2024-02-09 13:51:43,5.067242932867515,70767.29584248034,-171758.64070578341,70776.22406187186,-171762.44386814098,70776.003570724,-171756.84212664713,-52,20.0
2024-02-09 13:51:44,5.835510040440213,70767.29584248034,-171758.64070578341,70776.22406187186,-171762.44386814098,70776.88848284072,-171756.3840087858,-60,20.0
2024-02-09 13:51:44,6.31727738702704,70767.29584248034,-171758.64070578341,70776.22406187186,-171762.44386814098,70778.16309628615,-171756.40330210657,-64,20.0
2024-02-09 13:51:45,6.180214327729781,70767.29584248034,-171758.64070578341,70776.22406187186,-171762.44386814098,70778.9469011196,-171756.8861603422,-62,20.0
2024-02-09 13:51:46,5.828097163094988,70767.29584248034,-171758.64070578341,70776.22406187186,-171762.44386814098,70779.24437963741,-171757.39560984765,-58,20.0
2024-02-09 13:51:46,5.357668877995738,70767.29584248034,-171758.64070578341,70776.22406187186,-171762.44386814098,70779.34377419433,-171757.9492791154,-54,20.0
2024-02-09 13:51:47,4.825851674354286,70767.29584248034,-171758.64070578341,70776.22406187186,-171762.44386814098,70779.23412712503,-171758.48062914697,-48,20.0
2024-02-09 13:51:47,4.064049288689098,70767.29584248034,-171758.64070578341,70776.22406187186,-171762.44386814098,70778.74145795756,-171759.09880431887,-40,20.0
2024-02-09 13:51:48,3.5163536179347403,70767.29584248034,-171758.64070578341,70776.22406187186,-171762.44386814098,70777.99153185221,-171759.37467309638,-35,20.0
2024-02-09 13:51:48,3.268096165112803,70767.29584248034,-171758.64070578341,70776.22406187186,-171762.44386814098,70777.19532884657,-171759.30535612977,-33,20.0
2024-02-09 13:51:49,3.294096740541421,70767.29584248034,-171758.64070578341,70776.22406187186,-171762.44386814098,70776.68829570856,-171759.06111350993,-33,20.0
2024-02-09 13:51:49,3.56515580533086,70767.29584248034,-171758.64070578341,70776.22406187186,-171762.44386814098,70776.03850729701,-171758.48969597905,-36,20.0
2024-02-09 13:51:50,4.121532864022735,70767.29584248034,-171758.64070578341,70776.22406187186,-171762.44386814098,70775.60781354233,-171757.70148120506,-42,20.0
2024-02-09 13:51:50,4.624747296456009,70767.29584248034,-171758.64070578341,70776.22406187186,-171762.44386814098,70775.47211612112,-171757.09671120398,-47,20.0
2024-02-09 13:51:51,5.539078488800192,70767.29584248034,-171758.64070578341,70776.22406187186,-171762.44386814098,70775.56169478114,-171756.14104062083,-57,20.0
2024-02-09 13:51:52,6.479054567929279,70767.29584248034,-171758.64070578341,70776.22406187186,-171762.44386814098,70775.94952858174,-171755.2845434688,-66,20.0
2024-02-09 13:51:52,7.323272809524058,70767.29584248034,-171758.64070578341,70776.22406187186,-171762.44386814098,70776.6459115493,-171754.66356289145,-75,20.0
2024-02-09 13:51:53,7.881966083221365,70767.29584248034,-171758.64070578341,70776.22406187186,-171762.44386814098,70777.53617200234,-171754.43551867464,-80,20.0
2024-02-09 13:51:53,7.906185661985259,70767.29584248034,-171758.64070578341,70776.22406187186,-171762.44386814098,70778.34752237945,-171754.75480501878,-80,20.0
2024-02-09 13:51:54,7.632789886583926,70767.29584248034,-171758.64070578341,70776.22406187186,-171762.44386814098,70778.66629970305,-171755.18776131026,-77,20.0
2024-02-09 13:51:54,6.940089603938334,70767.29584248034,-171758.64070578341,70776.22406187186,-171762.44386814098,70778.71816794419,-171755.96278337145,-69,20.0
2024-02-09 13:51:55,6.20213112404374,70767.29584248034,-171758.64070578341,70776.22406187186,-171762.44386814098,70778.26709661701,-171756.57276098174,-62,20.0
