timestamp,直線との距離:,startx:,starty:,goalx:,goaly:,x:,y:,操作量,sp
timestamp,直線との距離:,startx:,starty:,goalx:,goaly:,x:,y:,操作量,sp
2024-01-26 17:02:54,0.09400518734125687,70784.64046359732,-171744.59481611734,70774.48352805714,-171732.16460188924,70784.61713812216,-171744.71483762385,-1,15.0
2024-01-26 17:02:54,-0.0,70784.64046359732,-171744.59481611734,70774.48352805714,-171732.16460188924,70784.64046359732,-171744.59481611734,0,15.0
2024-01-26 17:02:54,0.09400518734125687,70784.64046359732,-171744.59481611734,70774.48352805714,-171732.16460188924,70784.61713812216,-171744.71483762385,-1,15.0
2024-01-26 17:02:54,0.15873301603535678,70784.64046359732,-171744.59481611734,70774.48352805714,-171732.16460188924,70784.56529396308,-171744.75368703215,-1,15.0
2024-01-26 17:02:55,0.12412531508263605,70784.64046359732,-171744.59481611734,70774.48352805714,-171732.16460188924,70784.46963383225,-171744.58192202248,-1,15.0
2024-01-26 17:02:55,0.15818960647094343,70784.64046359732,-171744.59481611734,70774.48352805714,-171732.16460188924,70784.24430981948,-171744.3600028762,-2,15.0
2024-01-26 17:02:56,0.30570364433293024,70784.64046359732,-171744.59481611734,70774.48352805714,-171732.16460188924,70783.87533240988,-171744.141576622,-2,15.0
2024-01-26 17:02:56,0.3496833552376723,70784.64046359732,-171744.59481611734,70774.48352805714,-171732.16460188924,70783.5864462678,-171743.85753967962,-3,15.0
2024-01-26 17:02:57,0.5813220669165011,70784.64046359732,-171744.59481611734,70774.48352805714,-171732.16460188924,70783.0278034725,-171743.53995023505,-4,15.0
2024-01-26 17:02:58,0.8370971770088241,70784.64046359732,-171744.59481611734,70774.48352805714,-171732.16460188924,70782.48190818037,-171743.27610700348,-6,15.0
2024-01-26 17:02:58,1.175918628048558,70784.64046359732,-171744.59481611734,70774.48352805714,-171732.16460188924,70781.99664064778,-171743.21770897185,-8,15.0
2024-01-26 17:02:59,1.6974343295027245,70784.64046359732,-171744.59481611734,70774.48352805714,-171732.16460188924,70781.3755069369,-171743.28176927875,-11,15.0
2024-01-26 17:02:59,2.379204485118873,70784.64046359732,-171744.59481611734,70774.48352805714,-171732.16460188924,70780.65534942239,-171743.47791191004,-16,15.0
2024-01-26 17:03:00,2.7979587275776914,70784.64046359732,-171744.59481611734,70774.48352805714,-171732.16460188924,70780.19178664495,-171743.57240379302,-21,15.0
2024-01-26 17:03:00,3.5331742238108825,70784.64046359732,-171744.59481611734,70774.48352805714,-171732.16460188924,70779.54871377569,-171743.94734983178,-27,15.0
2024-01-26 17:03:01,4.381059438048041,70784.64046359732,-171744.59481611734,70774.48352805714,-171732.16460188924,70778.82750253347,-171744.40473428663,-35,15.0
2024-01-26 17:03:01,4.953846411763933,70784.64046359732,-171744.59481611734,70774.48352805714,-171732.16460188924,70778.39531509213,-171744.78106004163,-43,15.0
2024-01-26 17:03:02,5.797578870935191,70784.64046359732,-171744.59481611734,70774.48352805714,-171732.16460188924,70777.69652678054,-171745.25932293155,-53,15.0
2024-01-26 17:03:02,6.58344463363969,70784.64046359732,-171744.59481611734,70774.48352805714,-171732.16460188924,70777.04469600526,-171745.70359955254,-65,15.0
2024-01-26 17:03:03,6.993218124272477,70784.64046359732,-171744.59481611734,70774.48352805714,-171732.16460188924,70776.65415075488,-171745.87325805964,-76,15.0
2024-01-26 17:03:03,7.570534363611902,70784.64046359732,-171744.59481611734,70774.48352805714,-171732.16460188924,70776.02531449746,-171746.0160801006,-89,15.0
2024-01-26 17:03:04,8.09753156970789,70784.64046359732,-171744.59481611734,70774.48352805714,-171732.16460188924,70775.28418150201,-171745.9419465079,-90,15.0
2024-01-26 17:03:05,8.09753156970789,70784.64046359732,-171744.59481611734,70774.48352805714,-171732.16460188924,70775.28418150201,-171745.9419465079,-90,15.0
2024-01-26 17:03:05,8.170297980785778,70784.64046359732,-171744.59481611734,70774.48352805714,-171732.16460188924,70775.05309938506,-171745.77414606957,-90,15.0
2024-01-26 17:03:06,8.170297980785778,70784.64046359732,-171744.59481611734,70774.48352805714,-171732.16460188924,70775.05309938506,-171745.77414606957,-90,15.0
2024-01-26 17:03:06,7.974044252132374,70784.64046359732,-171744.59481611734,70774.48352805714,-171732.16460188924,70775.0917036474,-171745.51122744277,-90,15.0
