timestamp,直線との距離:,startx:,starty:,goalx:,goaly:,x:,y:,操作量,sp
timestamp,直線との距離:,startx:,starty:,goalx:,goaly:,x:,y:,操作量,sp
2024-01-26 16:10:28,-0.0,70773.76530609927,-171747.38957930086,70774.48352805714,-171732.16460188924,70773.76530609927,-171747.38957930086,0,15.0
2024-01-26 16:10:28,-0.0,70773.76530609927,-171747.38957930086,70774.48352805714,-171732.16460188924,70773.76530609927,-171747.38957930086,0,15.0
2024-01-26 16:10:28,0.02271982601598397,70773.76530609927,-171747.38957930086,70774.48352805714,-171732.16460188924,70773.74503169452,-171747.33720529804,-1,15.0
2024-01-26 16:10:29,0.06617560414575575,70773.76530609927,-171747.38957930086,70774.48352805714,-171732.16460188924,70773.71126703252,-171747.1307471361,-1,15.0
2024-01-26 16:10:29,0.10123140778676473,70773.76530609927,-171747.38957930086,70774.48352805714,-171732.16460188924,70773.69422546994,-171746.7480521361,-2,15.0
2024-01-26 16:10:30,0.25352830425188133,70773.76530609927,-171747.38957930086,70774.48352805714,-171732.16460188924,70773.5747155987,-171746.0494376041,-3,15.0
2024-01-26 16:10:31,0.5113910390589336,70773.76530609927,-171747.38957930086,70774.48352805714,-171732.16460188924,70773.34047187665,-171745.54267938985,-6,15.0
2024-01-26 16:10:31,0.8729981090556086,70773.76530609927,-171747.38957930086,70774.48352805714,-171732.16460188924,70773.00806831173,-171744.91509461126,-9,15.0
2024-01-26 16:10:32,1.4658598008627217,70773.76530609927,-171747.38957930086,70774.48352805714,-171732.16460188924,70772.43168678126,-171744.5517696294,-15,15.0
2024-01-26 16:10:32,1.9220656812944379,70773.76530609927,-171747.38957930086,70774.48352805714,-171732.16460188924,70771.9826541532,-171744.38895541226,-20,15.0
2024-01-26 16:10:33,2.70820480343796,70773.76530609927,-171747.38957930086,70774.48352805714,-171732.16460188924,70771.20174781847,-171744.25949766542,-28,15.0
2024-01-26 16:10:33,3.215498396511376,70773.76530609927,-171747.38957930086,70774.48352805714,-171732.16460188924,70770.69502771413,-171744.23538189926,-33,15.0
2024-01-26 16:10:34,3.9986955647149656,70773.76530609927,-171747.38957930086,70774.48352805714,-171732.16460188924,70769.9111437122,-171744.23147852754,-40,15.0
2024-01-26 16:10:34,4.736834145740532,70773.76530609927,-171747.38957930086,70774.48352805714,-171732.16460188924,70769.17304533291,-171744.213225553,-48,15.0
2024-01-26 16:10:35,5.231476297104592,70773.76530609927,-171747.38957930086,70774.48352805714,-171732.16460188924,70768.68357547453,-171744.0919218838,-53,15.0
2024-01-26 16:10:35,5.845310342117627,70773.76530609927,-171747.38957930086,70774.48352805714,-171732.16460188924,70768.08203772984,-171743.8167926196,-59,15.0
2024-01-26 16:10:36,6.3166253671962584,70773.76530609927,-171747.38957930086,70774.48352805714,-171732.16460188924,70767.63134580152,-171743.36851039127,-64,15.0
2024-01-26 16:10:36,6.56115286628849,70773.76530609927,-171747.38957930086,70774.48352805714,-171732.16460188924,70767.40442937668,-171742.9894237267,-66,15.0
2024-01-26 16:10:37,6.670101135812605,70773.76530609927,-171747.38957930086,70774.48352805714,-171732.16460188924,70767.33096721671,-171742.2346154925,-67,15.0
2024-01-26 16:10:37,6.595725590972863,70773.76530609927,-171747.38957930086,70774.48352805714,-171732.16460188924,70767.43510010879,-171741.6055680745,-66,15.0
2024-01-26 16:10:38,6.2723923700761155,70773.76530609927,-171747.38957930086,70774.48352805714,-171732.16460188924,70767.77223811782,-171741.32055430385,-63,15.0
2024-01-26 16:10:38,5.6203020041513865,70773.76530609927,-171747.38957930086,70774.48352805714,-171732.16460188924,70768.43562426078,-171741.09647700223,-57,15.0
2024-01-26 16:10:39,4.981824061661365,70773.76530609927,-171747.38957930086,70774.48352805714,-171732.16460188924,70769.07041701037,-171741.1896476636,-50,15.0
2024-01-26 16:10:40,4.604912594629381,70773.76530609927,-171747.38957930086,70774.48352805714,-171732.16460188924,70769.43746884998,-171741.4075387893,-47,15.0
2024-01-26 16:10:40,4.268568879726034,70773.76530609927,-171747.38957930086,70774.48352805714,-171732.16460188924,70769.7450843956,-171742.0244517737,-43,15.0
2024-01-26 16:10:41,4.236467771847765,70773.76530609927,-171747.38957930086,70774.48352805714,-171732.16460188924,70769.74252956493,-171742.75985033388,-43,15.0
2024-01-26 16:10:41,4.32787354086858,70773.76530609927,-171747.38957930086,70774.48352805714,-171732.16460188924,70769.62736851547,-171743.26126356592,-44,15.0
2024-01-26 16:10:42,4.5818093752692155,70773.76530609927,-171747.38957930086,70774.48352805714,-171732.16460188924,70769.3394226394,-171743.97622731325,-46,15.0
2024-01-26 16:10:42,4.687658415158413,70773.76530609927,-171747.38957930086,70774.48352805714,-171732.16460188924,70769.21888277533,-171744.2851503509,-47,15.0
2024-01-26 16:10:43,5.2638232432988925,70773.76530609927,-171747.38957930086,70774.48352805714,-171732.16460188924,70768.62593321971,-171744.62737310978,-53,15.0
2024-01-26 16:10:43,5.680331430015174,70773.76530609927,-171747.38957930086,70774.48352805714,-171732.16460188924,70768.20142252595,-171744.78719275765,-57,15.0
2024-01-26 16:10:44,6.096310917045365,70773.76530609927,-171747.38957930086,70774.48352805714,-171732.16460188924,70767.78118120314,-171744.86772955518,-61,15.0
2024-01-26 16:10:44,6.962903482768944,70773.76530609927,-171747.38957930086,70774.48352805714,-171732.16460188924,70766.92802068379,-171744.56256608237,-70,15.0
2024-01-26 16:10:45,7.325036494521491,70773.76530609927,-171747.38957930086,70774.48352805714,-171732.16460188924,70766.58435145303,-171744.16263119655,-74,15.0
2024-01-26 16:10:45,7.325036494521491,70773.76530609927,-171747.38957930086,70774.48352805714,-171732.16460188924,70766.58435145303,-171744.16263119655,-74,15.0
2024-01-26 16:10:46,7.403494553843031,70773.76530609927,-171747.38957930086,70774.48352805714,-171732.16460188924,70766.52012496867,-171743.85909856463,-75,15.0
2024-01-26 16:10:46,7.3518088976591,70773.76530609927,-171747.38957930086,70774.48352805714,-171732.16460188924,70766.59349298793,-171743.40069099132,-74,15.0
2024-01-26 16:10:47,7.182640065351113,70773.76530609927,-171747.38957930086,70774.48352805714,-171732.16460188924,70766.77625628724,-171743.11650139056,-72,15.0
2024-01-26 16:10:47,6.7685430566733045,70773.76530609927,-171747.38957930086,70774.48352805714,-171732.16460188924,70767.20372578243,-171742.8427912669,-68,15.0
2024-01-26 16:10:48,6.417848975472192,70773.76530609927,-171747.38957930086,70774.48352805714,-171732.16460188924,70767.5580098658,-171742.7749570707,-65,15.0
2024-01-26 16:10:48,5.942958633274042,70773.76530609927,-171747.38957930086,70774.48352805714,-171732.16460188924,70768.02897222279,-171742.8694180898,-60,15.0
2024-01-26 16:10:49,5.922757482872279,70773.76530609927,-171747.38957930086,70774.48352805714,-171732.16460188924,70768.04834919678,-171742.88736532486,-60,15.0
2024-01-26 16:10:49,5.883703889860968,70773.76530609927,-171747.38957930086,70774.48352805714,-171732.16460188924,70768.08991154021,-171742.83510509852,-59,15.0
2024-01-26 16:10:50,5.77733387022142,70773.76530609927,-171747.38957930086,70774.48352805714,-171732.16460188924,70768.1982420654,-171742.79605355792,-58,15.0
2024-01-26 16:10:50,5.45137335428282,70773.76530609927,-171747.38957930086,70774.48352805714,-171732.16460188924,70768.49566760022,-171743.40862653815,-55,15.0
2024-01-26 16:10:51,5.262515049463851,70773.76530609927,-171747.38957930086,70774.48352805714,-171732.16460188924,70768.67525835455,-171743.6095335897,-53,15.0
