timestamp,直線との距離:,startx:,starty:,goalx:,goaly:,x:,y:,操作量,sp
2024-02-07 15:53:32,-0.0,70787.21287628675,-171737.26499661122,70768.38454047502,-171732.03906230596,70787.21287628675,-171737.26499661122,0,20.0
2024-02-07 15:53:32,-0.0,70787.21287628675,-171737.26499661122,70768.38454047502,-171732.03906230596,70787.21287628675,-171737.26499661122,0,20.0
2024-02-07 15:53:32,-0.0017544534684564566,70787.21287628675,-171737.26499661122,70768.38454047502,-171732.03906230596,70787.21148283023,-171737.26278906837,0,20.0
2024-02-07 15:53:33,-0.0017544534684564566,70787.21287628675,-171737.26499661122,70768.38454047502,-171732.03906230596,70787.21148283023,-171737.26278906837,0,20.0
2024-02-07 15:53:33,-0.01321558259446809,70787.21287628675,-171737.26499661122,70768.38454047502,-171732.03906230596,70786.88151274923,-171737.1593091899,0,20.0
2024-02-07 15:53:34,-0.04343674727694186,70787.21287628675,-171737.26499661122,70768.38454047502,-171732.03906230596,70786.43323701783,-171737.00352351714,0,20.0
2024-02-07 15:53:34,-0.13018234544403234,70787.21287628675,-171737.26499661122,70768.38454047502,-171732.03906230596,70785.37608960166,-171736.6200800122,2,20.0
2024-02-07 15:53:35,-0.2109324856024834,70787.21287628675,-171737.26499661122,70768.38454047502,-171732.03906230596,70784.50517298369,-171736.2945482604,3,20.0
2024-02-07 15:53:35,-0.2968916334332473,70787.21287628675,-171737.26499661122,70768.38454047502,-171732.03906230596,70783.61893961135,-171735.95935930722,4,20.0
2024-02-07 15:53:36,-0.35419283515296685,70787.21287628675,-171737.26499661122,70768.38454047502,-171732.03906230596,70783.02380930872,-171735.73470935688,6,20.0
2024-02-07 15:53:36,-0.43352813736491563,70787.21287628675,-171737.26499661122,70768.38454047502,-171732.03906230596,70782.14328323948,-171735.40797876066,7,20.0
2024-02-07 15:53:37,-0.49823670203764014,70787.21287628675,-171737.26499661122,70768.38454047502,-171732.03906230596,70781.2666239242,-171735.0975011002,9,20.0
2024-02-07 15:53:37,-0.5576887353004661,70787.21287628675,-171737.26499661122,70768.38454047502,-171732.03906230596,70780.69855746768,-171734.8781307645,11,20.0
2024-02-07 15:53:38,-0.6020903441186675,70787.21287628675,-171737.26499661122,70768.38454047502,-171732.03906230596,70779.78017676539,-171734.57714769235,12,20.0
2024-02-07 15:53:38,-0.6233209688571744,70787.21287628675,-171737.26499661122,70768.38454047502,-171732.03906230596,70778.87345263628,-171734.30344693,13,20.0
2024-02-07 15:53:39,-0.6047895461882912,70787.21287628675,-171737.26499661122,70768.38454047502,-171732.03906230596,70778.24158673729,-171734.14730018773,14,20.0
2024-02-07 15:53:40,-0.5506002799270157,70787.21287628675,-171737.26499661122,70768.38454047502,-171732.03906230596,70777.32149649833,-171733.9481606589,14,20.0
2024-02-07 15:53:40,-0.5506002799270157,70787.21287628675,-171737.26499661122,70768.38454047502,-171732.03906230596,70777.32149649833,-171733.9481606589,16,20.0
2024-02-07 15:53:41,-0.23673067568737255,70787.21287628675,-171737.26499661122,70768.38454047502,-171732.03906230596,70775.18085913388,-171733.67974724664,11,20.0
2024-02-07 15:53:41,-0.0992491594172751,70787.21287628675,-171737.26499661122,70768.38454047502,-171732.03906230596,70774.5851718172,-171733.65708904125,11,20.0
2024-02-07 15:53:42,-0.0992491594172751,70787.21287628675,-171737.26499661122,70768.38454047502,-171732.03906230596,70774.5851718172,-171733.65708904125,12,20.0
2024-02-07 15:53:42,0.17904426714054955,70787.21287628675,-171737.26499661122,70768.38454047502,-171732.03906230596,70773.6926074072,-171733.69816576372,7,20.0
2024-02-07 15:53:43,0.5093318961070966,70787.21287628675,-171737.26499661122,70768.38454047502,-171732.03906230596,70772.80554129076,-171733.7947283838,3,20.0
2024-02-07 15:53:43,1.0184142417627366,70787.21287628675,-171737.26499661122,70768.38454047502,-171732.03906230596,70771.67699643002,-171734.00982084603,-6,20.0
2024-02-07 15:53:44,1.4368903547081657,70787.21287628675,-171737.26499661122,70768.38454047502,-171732.03906230596,70770.82317171815,-171734.2071322374,-12,20.0
2024-02-07 15:53:44,1.8475743693715205,70787.21287628675,-171737.26499661122,70768.38454047502,-171732.03906230596,70770.01161299938,-171734.40808817302,-20,20.0
2024-02-07 15:53:45,2.119235042242331,70787.21287628675,-171737.26499661122,70768.38454047502,-171732.03906230596,70769.46216422322,-171734.53751550274,-26,20.0
2024-02-07 15:53:46,2.4519689812568446,70787.21287628675,-171737.26499661122,70768.38454047502,-171732.03906230596,70768.66215763905,-171734.66078088686,-35,20.0
2024-02-07 15:53:46,2.68559045742512,70787.21287628675,-171737.26499661122,70768.38454047502,-171732.03906230596,70767.816832373,-171734.6686084156,-42,20.0
2024-02-07 15:53:47,2.776443503076996,70787.21287628675,-171737.26499661122,70768.38454047502,-171732.03906230596,70767.26836366089,-171734.61066483054,-47,20.0
2024-02-07 15:53:47,2.6744459673990635,70787.21287628675,-171737.26499661122,70768.38454047502,-171732.03906230596,70766.62917688822,-171734.32740065455,-50,20.0
2024-02-07 15:53:48,2.5176758450749346,70787.21287628675,-171737.26499661122,70768.38454047502,-171732.03906230596,70766.02089858708,-171733.9958721102,-53,20.0
2024-02-07 15:53:48,2.2839922509686286,70787.21287628675,-171737.26499661122,70768.38454047502,-171732.03906230596,70765.71388387175,-171733.66814021536,-55,20.0
2024-02-07 15:53:49,1.7916616689290268,70787.21287628675,-171737.26499661122,70768.38454047502,-171732.03906230596,70765.39905361891,-171733.06981410034,-52,20.0
2024-02-07 15:53:49,1.2283885496093665,70787.21287628675,-171737.26499661122,70768.38454047502,-171732.03906230596,70765.29122884512,-171732.45531930967,-48,20.0
2024-02-07 15:53:50,0.8029906210574892,70787.21287628675,-171737.26499661122,70768.38454047502,-171732.03906230596,70765.39907439715,-171732.04377277353,-46,20.0
2024-02-07 15:53:50,0.4383519377894701,70787.21287628675,-171737.26499661122,70768.38454047502,-171732.03906230596,70765.58826993278,-171731.7178616935,-44,20.0
2024-02-07 15:53:51,0.161111369259003,70787.21287628675,-171737.26499661122,70768.38454047502,-171732.03906230596,70765.80712364597,-171731.49088458685,-42,20.0
2024-02-07 15:53:51,0.01662812377989949,70787.21287628675,-171737.26499661122,70768.38454047502,-171732.03906230596,70765.97952973659,-171731.38879174725,-42,20.0
2024-02-07 15:53:52,-0.21848301917340746,70787.21287628675,-171737.26499661122,70768.38454047502,-171732.03906230596,70766.33728447328,-171731.24408967674,-38,20.0
2024-02-07 15:53:52,-0.35692743586366504,70787.21287628675,-171737.26499661122,70768.38454047502,-171732.03906230596,70766.63913628567,-171731.18419251157,-37,20.0
2024-02-07 15:53:53,-0.447771038009766,70787.21287628675,-171737.26499661122,70768.38454047502,-171732.03906230596,70767.07430960411,-171731.2106999802,-35,20.0
timestamp,直線との距離:,startx:,starty:,goalx:,goaly:,x:,y:,操作量,sp
2024-02-07 15:53:54,0.0,70767.44293365681,-171731.32674873664,70771.25829337153,-171738.1511842335,70767.44293365681,-171731.32674873664,-1,25.0
2024-02-07 15:53:54,0.11024866341989711,70767.44293365681,-171731.32674873664,70771.25829337153,-171738.1511842335,70767.72085690997,-171731.59793770371,-2,25.0
2024-02-07 15:53:55,0.13580479522827615,70767.44293365681,-171731.32674873664,70771.25829337153,-171738.1511842335,70767.87224353067,-171731.8163485812,-2,25.0
2024-02-07 15:53:55,0.28834203640584893,70767.44293365681,-171731.32674873664,70771.25829337153,-171738.1511842335,70768.30105986443,-171732.27077696487,-4,25.0
2024-02-07 15:53:56,0.28834203640584893,70767.44293365681,-171731.32674873664,70771.25829337153,-171738.1511842335,70768.30105986443,-171732.27077696487,-3,25.0
2024-02-07 15:53:56,0.5053000785674991,70767.44293365681,-171731.32674873664,70771.25829337153,-171738.1511842335,70769.01868345572,-171733.10977421608,-6,25.0
2024-02-07 15:53:57,0.7235419046312572,70767.44293365681,-171731.32674873664,70771.25829337153,-171738.1511842335,70769.91613525835,-171734.26779477767,-8,25.0
2024-02-07 15:53:57,0.7558569039920255,70767.44293365681,-171731.32674873664,70771.25829337153,-171738.1511842335,70770.3888283586,-171735.04706777274,-8,25.0
2024-02-07 15:53:58,0.740753682010939,70767.44293365681,-171731.32674873664,70771.25829337153,-171738.1511842335,70770.67792168203,-171735.59511156174,-8,25.0
2024-02-07 15:53:58,0.686682652493664,70767.44293365681,-171731.32674873664,70771.25829337153,-171738.1511842335,70770.93404672945,-171736.16403995844,-7,25.0
2024-02-07 15:53:59,0.6276315861466903,70767.44293365681,-171731.32674873664,70771.25829337153,-171738.1511842335,70771.19139428393,-171736.74536027721,-7,25.0
timestamp,直線との距離:,startx:,starty:,goalx:,goaly:,x:,y:,操作量,sp
2024-02-07 15:53:59,0.0,70771.48984067937,-171737.675066141,70771.38505203897,-171747.93783546993,70771.48984067937,-171737.675066141,4,35.0
2024-02-07 15:54:00,0.3138721656209581,70771.48984067937,-171737.675066141,70771.38505203897,-171747.93783546993,70771.79063168519,-171738.9578085697,-6,35.0
2024-02-07 15:54:00,0.4436414277049573,70771.48984067937,-171737.675066141,70771.38505203897,-171747.93783546993,70771.91342225327,-171739.6419490271,-6,35.0
2024-02-07 15:54:01,0.6228118344410312,70771.48984067937,-171737.675066141,70771.38505203897,-171747.93783546993,70772.08518115198,-171740.36873053949,-8,35.0
2024-02-07 15:54:01,0.7895140804755928,70771.48984067937,-171737.675066141,70771.38505203897,-171747.93783546993,70772.24419203562,-171741.12285672186,-10,35.0
2024-02-07 15:54:02,0.9853171900486811,70771.48984067937,-171737.675066141,70771.38505203897,-171747.93783546993,70772.42809044976,-171742.28977605424,-12,35.0
2024-02-07 15:54:03,1.1249329784815545,70771.48984067937,-171737.675066141,70771.38505203897,-171747.93783546993,70772.5553050306,-171743.5050358519,-13,35.0
2024-02-07 15:54:03,1.2308290361779075,70771.48984067937,-171737.675066141,70771.38505203897,-171747.93783546993,70772.64879463258,-171744.7206374966,-14,35.0
2024-02-07 15:54:04,1.2036112305352478,70771.48984067937,-171737.675066141,70771.38505203897,-171747.93783546993,70772.60558025648,-171746.28716752888,-12,35.0
2024-02-07 15:54:04,1.110066913945773,70771.48984067937,-171737.675066141,70771.38505203897,-171747.93783546993,70772.50413959294,-171747.06004085054,-11,35.0
timestamp,直線との距離:,startx:,starty:,goalx:,goaly:,x:,y:,操作量,sp
2024-02-07 15:54:05,-0.5408974345016334,70772.50413959294,-171747.06004085054,70774.49079386587,-171755.1314091396,70772.21490241504,-171748.14807317333,7,25.0
2024-02-07 15:54:05,-0.5408974345016334,70772.50413959294,-171747.06004085054,70774.49079386587,-171755.1314091396,70772.21490241504,-171748.14807317333,5,25.0
2024-02-07 15:54:06,-1.2225777530294781,70772.50413959294,-171747.06004085054,70774.49079386587,-171755.1314091396,70771.76458628563,-171749.17071785725,12,25.0
2024-02-07 15:54:06,-2.2420767899393224,70772.50413959294,-171747.06004085054,70774.49079386587,-171755.1314091396,70771.09655699924,-171750.72229014515,23,25.0
2024-02-07 15:54:07,-2.7934005721409974,70772.50413959294,-171747.06004085054,70774.49079386587,-171755.1314091396,70770.7570168166,-171751.64957608317,28,25.0
2024-02-07 15:54:07,-2.7934005721409974,70772.50413959294,-171747.06004085054,70774.49079386587,-171755.1314091396,70770.7570168166,-171751.64957608317,27,25.0
2024-02-07 15:54:08,-3.430885877034838,70772.50413959294,-171747.06004085054,70774.49079386587,-171755.1314091396,70770.4879239801,-171753.22357950368,34,25.0
2024-02-07 15:54:08,-3.5821211989081507,70772.50413959294,-171747.06004085054,70774.49079386587,-171755.1314091396,70770.57011553682,-171754.19028353115,35,25.0
2024-02-07 15:54:09,-3.5758254711834745,70772.50413959294,-171747.06004085054,70774.49079386587,-171755.1314091396,70770.7339971573,-171754.82975923797,35,25.0
2024-02-07 15:54:09,-3.3721301979025173,70772.50413959294,-171747.06004085054,70774.49079386587,-171755.1314091396,70771.154120253,-171755.68436125637,33,25.0
2024-02-07 15:54:10,-3.066677338955963,70772.50413959294,-171747.06004085054,70774.49079386587,-171755.1314091396,70771.5890470519,-171756.1733485414,30,25.0
2024-02-07 15:54:11,-2.6703112108258376,70772.50413959294,-171747.06004085054,70774.49079386587,-171755.1314091396,70772.09845781313,-171756.58456292466,26,25.0
2024-02-07 15:54:11,-2.2055526313561162,70772.50413959294,-171747.06004085054,70774.49079386587,-171755.1314091396,70772.65503532662,-171756.9012484889,21,25.0
2024-02-07 15:54:12,-1.3591595679022195,70772.50413959294,-171747.06004085054,70774.49079386587,-171755.1314091396,70773.59197727135,-171757.16649768228,12,25.0
2024-02-07 15:54:12,-0.4112742045325635,70772.50413959294,-171747.06004085054,70774.49079386587,-171755.1314091396,70774.57290585253,-171757.18580637622,3,25.0
2024-02-07 15:54:13,0.24985286931838158,70772.50413959294,-171747.06004085054,70774.49079386587,-171755.1314091396,70775.24034280045,-171757.13127485185,-4,25.0
2024-02-07 15:54:13,1.2629745797226475,70772.50413959294,-171747.06004085054,70774.49079386587,-171755.1314091396,70776.2358312975,-171756.93678515535,-14,25.0
2024-02-07 15:54:14,2.2932524535054584,70772.50413959294,-171747.06004085054,70774.49079386587,-171755.1314091396,70777.2368526993,-171756.69299221644,-24,25.0
2024-02-07 15:54:14,2.9870586307123714,70772.50413959294,-171747.06004085054,70774.49079386587,-171755.1314091396,70777.91199581008,-171756.5330381463,-31,25.0
2024-02-07 15:54:15,4.0239075528695825,70772.50413959294,-171747.06004085054,70774.49079386587,-171755.1314091396,70778.95576861915,-171756.43544177964,-42,25.0
2024-02-07 15:54:15,4.997432824906625,70772.50413959294,-171747.06004085054,70774.49079386587,-171755.1314091396,70779.98203705427,-171756.5316782495,-51,25.0
2024-02-07 15:54:16,5.567963348234949,70772.50413959294,-171747.06004085054,70774.49079386587,-171755.1314091396,70780.61758935377,-171756.7266667227,-57,25.0
2024-02-07 15:54:16,6.20989323254969,70772.50413959294,-171747.06004085054,70774.49079386587,-171755.1314091396,70781.39026371701,-171757.1800152629,-63,25.0
2024-02-07 15:54:17,6.486226284647322,70772.50413959294,-171747.06004085054,70774.49079386587,-171755.1314091396,70781.85250517057,-171757.9018151972,-66,25.0
2024-02-07 15:54:17,6.458872593864079,70772.50413959294,-171747.06004085054,70774.49079386587,-171755.1314091396,70781.95881853747,-171758.44819386615,-65,25.0
2024-02-07 15:54:18,6.06994929660541,70772.50413959294,-171747.06004085054,70774.49079386587,-171755.1314091396,70781.74465384652,-171759.20536242903,-61,25.0
2024-02-07 15:54:19,5.403919113327468,70772.50413959294,-171747.06004085054,70774.49079386587,-171755.1314091396,70781.18668379389,-171759.72515033657,-54,25.0
2024-02-07 15:54:19,4.686500256142569,70772.50413959294,-171747.06004085054,70774.49079386587,-171755.1314091396,70780.4766926152,-171759.84232057014,-47,25.0
2024-02-07 15:54:20,4.266965729892956,70772.50413959294,-171747.06004085054,70774.49079386587,-171755.1314091396,70780.01034725801,-171759.70300988609,-43,25.0
2024-02-07 15:54:20,3.7988682347781406,70772.50413959294,-171747.06004085054,70774.49079386587,-171755.1314091396,70779.40715668812,-171759.2109152474,-38,25.0
2024-02-07 15:54:21,3.649924518563447,70772.50413959294,-171747.06004085054,70774.49079386587,-171755.1314091396,70779.06468881336,-171758.44272702222,-37,25.0
2024-02-07 15:54:21,3.745964222619007,70772.50413959294,-171747.06004085054,70774.49079386587,-171755.1314091396,70779.02211700179,-171757.86793127644,-38,25.0
2024-02-07 15:54:22,4.214161296694322,70772.50413959294,-171747.06004085054,70774.49079386587,-171755.1314091396,70779.28639912898,-171756.9826938743,-43,25.0
2024-02-07 15:54:22,4.214161296694322,70772.50413959294,-171747.06004085054,70774.49079386587,-171755.1314091396,70779.28639912898,-171756.9826938743,-43,25.0
2024-02-07 15:54:23,6.093611120553186,70772.50413959294,-171747.06004085054,70774.49079386587,-171755.1314091396,70780.91979800031,-171755.75514020876,-63,25.0
2024-02-07 15:54:23,6.69134810624311,70772.50413959294,-171747.06004085054,70774.49079386587,-171755.1314091396,70781.52897910756,-171755.7291546616,-68,25.0
2024-02-07 15:54:24,7.444877956601095,70772.50413959294,-171747.06004085054,70774.49079386587,-171755.1314091396,70782.37879697673,-171756.0289812417,-76,25.0
2024-02-07 15:54:24,7.444877956601095,70772.50413959294,-171747.06004085054,70774.49079386587,-171755.1314091396,70782.37879697673,-171756.0289812417,-75,25.0
2024-02-07 15:54:25,7.786130915565523,70772.50413959294,-171747.06004085054,70774.49079386587,-171755.1314091396,70782.88850163211,-171756.67198608123,-79,25.0
2024-02-07 15:54:25,7.25142386200756,70772.50413959294,-171747.06004085054,70774.49079386587,-171755.1314091396,70782.63517022142,-171757.87999527942,-72,25.0
2024-02-07 15:54:26,6.56172209205914,70772.50413959294,-171747.06004085054,70774.49079386587,-171755.1314091396,70782.00960867967,-171758.22421602358,-65,25.0
2024-02-07 15:54:26,6.56172209205914,70772.50413959294,-171747.06004085054,70774.49079386587,-171755.1314091396,70782.00960867967,-171758.22421602358,-66,25.0
2024-02-07 15:54:27,5.6154806837485,70772.50413959294,-171747.06004085054,70774.49079386587,-171755.1314091396,70780.9420936398,-171757.846245936,-56,25.0
2024-02-07 15:54:28,5.463372974590956,70772.50413959294,-171747.06004085054,70774.49079386587,-171755.1314091396,70780.62664915308,-171757.2010865008,-55,25.0
2024-02-07 15:54:28,5.5692112342266595,70772.50413959294,-171747.06004085054,70774.49079386587,-171755.1314091396,70780.61009828039,-171756.69101080886,-56,25.0
2024-02-07 15:54:29,6.033100619737965,70772.50413959294,-171747.06004085054,70774.49079386587,-171755.1314091396,70780.910320091,-171755.9698125567,-61,25.0
2024-02-07 15:54:29,6.033100619737965,70772.50413959294,-171747.06004085054,70774.49079386587,-171755.1314091396,70780.910320091,-171755.9698125567,-61,25.0
2024-02-07 15:54:30,7.339745544478044,70772.50413959294,-171747.06004085054,70774.49079386587,-171755.1314091396,70782.10474556296,-171755.35544622454,-75,25.0
2024-02-07 15:54:30,7.339745544478044,70772.50413959294,-171747.06004085054,70774.49079386587,-171755.1314091396,70782.10474556296,-171755.35544622454,-74,25.0
2024-02-07 15:54:31,8.530895320136175,70772.50413959294,-171747.06004085054,70774.49079386587,-171755.1314091396,70783.53121770822,-171756.16707570135,-87,25.0
2024-02-07 15:54:31,8.514117194964694,70772.50413959294,-171747.06004085054,70774.49079386587,-171755.1314091396,70783.64421321511,-171756.69635380481,-86,25.0
2024-02-07 15:54:32,8.295904719700735,70772.50413959294,-171747.06004085054,70774.49079386587,-171755.1314091396,70783.53732374981,-171757.175096438,-83,25.0
2024-02-07 15:54:32,7.894013201366492,70772.50413959294,-171747.06004085054,70774.49079386587,-171755.1314091396,70783.21519769133,-171757.54789986313,-79,25.0
2024-02-07 15:54:33,7.164235619088736,70772.50413959294,-171747.06004085054,70774.49079386587,-171755.1314091396,70782.50346555165,-171757.7097064915,-71,25.0
2024-02-07 15:54:33,6.638156940484411,70772.50413959294,-171747.06004085054,70774.49079386587,-171755.1314091396,70781.87953137456,-171757.37593118602,-66,25.0
2024-02-07 15:54:34,6.499223865654963,70772.50413959294,-171747.06004085054,70774.49079386587,-171755.1314091396,70781.5768027649,-171756.7273103784,-65,25.0
2024-02-07 15:54:35,6.660985903021996,70772.50413959294,-171747.06004085054,70774.49079386587,-171755.1314091396,70781.62570167752,-171756.249155668,-67,25.0
2024-02-07 15:54:35,7.197303060995532,70772.50413959294,-171747.06004085054,70774.49079386587,-171755.1314091396,70782.0269644819,-171755.6354245777,-73,25.0
2024-02-07 15:54:36,7.993029831241788,70772.50413959294,-171747.06004085054,70774.49079386587,-171755.1314091396,70782.77167126627,-171755.33165225576,-81,25.0
2024-02-07 15:54:36,8.518672345411797,70772.50413959294,-171747.06004085054,70774.49079386587,-171755.1314091396,70783.32770068341,-171755.39136940308,-86,25.0
2024-02-07 15:54:37,9.038000775050643,70772.50413959294,-171747.06004085054,70774.49079386587,-171755.1314091396,70783.98711084384,-171755.8975197427,-91,25.0
2024-02-07 15:54:37,9.039859565851014,70772.50413959294,-171747.06004085054,70774.49079386587,-171755.1314091396,70784.176071704,-171756.65745162914,-91,25.0
2024-02-07 15:54:38,8.781057109542559,70772.50413959294,-171747.06004085054,70774.49079386587,-171755.1314091396,70784.02507569025,-171757.12682904952,-88,25.0
2024-02-07 15:54:38,8.45050207371448,70772.50413959294,-171747.06004085054,70774.49079386587,-171755.1314091396,70783.80332413367,-171757.60895783204,-85,25.0
2024-02-07 15:54:39,8.636784414044826,70772.50413959294,-171747.06004085054,70774.49079386587,-171755.1314091396,70784.11096514751,-171758.07942488915,-87,25.0
2024-02-07 15:54:39,8.9039416299503,70772.50413959294,-171747.06004085054,70774.49079386587,-171755.1314091396,70784.45664063933,-171758.366033447,-90,25.0
2024-02-07 15:54:40,9.277298813978739,70772.50413959294,-171747.06004085054,70774.49079386587,-171755.1314091396,70784.86568479502,-171758.4657495686,-94,25.0
2024-02-07 15:54:40,9.659149604382021,70772.50413959294,-171747.06004085054,70774.49079386587,-171755.1314091396,70785.3324103668,-171758.76427573717,-97,25.0
2024-02-07 15:54:41,9.821527533126966,70772.50413959294,-171747.06004085054,70774.49079386587,-171755.1314091396,70785.52885568624,-171758.8829948522,-99,25.0
2024-02-07 15:54:41,9.86698374085987,70772.50413959294,-171747.06004085054,70774.49079386587,-171755.1314091396,70785.57932490349,-171758.8978497308,-99,25.0
2024-02-07 15:54:42,9.838817301759692,70772.50413959294,-171747.06004085054,70774.49079386587,-171755.1314091396,70785.5619812849,-171758.94523604662,-99,25.0
2024-02-07 15:54:43,9.859593581716458,70772.50413959294,-171747.06004085054,70774.49079386587,-171755.1314091396,70785.5902337044,-171758.9730907665,-99,25.0
2024-02-07 15:54:43,10.035253010243927,70772.50413959294,-171747.06004085054,70774.49079386587,-171755.1314091396,70785.77636757567,-171758.99434608544,-90,25.0
2024-02-07 15:54:44,10.068844046380747,70772.50413959294,-171747.06004085054,70774.49079386587,-171755.1314091396,70785.78060138148,-171758.87100049097,-90,25.0
2024-02-07 15:54:44,9.902513062051307,70772.50413959294,-171747.06004085054,70774.49079386587,-171755.1314091396,70785.47336452351,-171758.31869790374,-99,25.0
2024-02-07 15:54:45,9.902513062051307,70772.50413959294,-171747.06004085054,70774.49079386587,-171755.1314091396,70785.47336452351,-171758.31869790374,-90,25.0
2024-02-07 15:54:45,9.626314269875751,70772.50413959294,-171747.06004085054,70774.49079386587,-171755.1314091396,70784.93089487971,-171757.27038555915,-96,25.0
2024-02-07 15:54:46,9.5007785102445,70772.50413959294,-171747.06004085054,70774.49079386587,-171755.1314091396,70784.67347557952,-171756.7497920924,-95,25.0
2024-02-07 15:54:46,9.390013919395091,70772.50413959294,-171747.06004085054,70774.49079386587,-171755.1314091396,70784.47932286793,-171756.42443442726,-94,25.0
2024-02-07 15:54:47,9.285887416089311,70772.50413959294,-171747.06004085054,70774.49079386587,-171755.1314091396,70784.27357967534,-171756.02421290765,-93,25.0
2024-02-07 15:54:47,9.230268744390083,70772.50413959294,-171747.06004085054,70774.49079386587,-171755.1314091396,70784.1014399507,-171755.55755603497,-93,25.0
2024-02-07 15:54:48,9.125043062970327,70772.50413959294,-171747.06004085054,70774.49079386587,-171755.1314091396,70783.93406883578,-171755.31783140558,-92,25.0
2024-02-07 15:54:48,9.037236988006939,70772.50413959294,-171747.06004085054,70774.49079386587,-171755.1314091396,70783.78909272152,-171755.0962085065,-91,25.0
2024-02-07 15:54:49,8.966694272225848,70772.50413959294,-171747.06004085054,70774.49079386587,-171755.1314091396,70783.70212495464,-171755.0380307979,-90,25.0
2024-02-07 15:54:49,8.901645244736796,70772.50413959294,-171747.06004085054,70774.49079386587,-171755.1314091396,70783.62520998869,-171754.99770967147,-89,25.0
2024-02-07 15:54:50,8.83049721474528,70772.50413959294,-171747.06004085054,70774.49079386587,-171755.1314091396,70783.55271177807,-171755.000851465,-89,25.0
2024-02-07 15:54:51,8.848203876743971,70772.50413959294,-171747.06004085054,70774.49079386587,-171755.1314091396,70783.5434915691,-171754.8893060361,-89,25.0
2024-02-07 15:54:51,8.886453457450283,70772.50413959294,-171747.06004085054,70774.49079386587,-171755.1314091396,70783.55910213442,-171754.79269028117,-89,25.0
2024-02-07 15:54:52,8.883487446026738,70772.50413959294,-171747.06004085054,70774.49079386587,-171755.1314091396,70783.5563733941,-171754.7940139189,-89,25.0
2024-02-07 15:54:52,8.882058366726335,70772.50413959294,-171747.06004085054,70774.49079386587,-171755.1314091396,70783.55772359652,-171754.80547885763,-89,25.0
2024-02-07 15:54:53,8.833316365574868,70772.50413959294,-171747.06004085054,70774.49079386587,-171755.1314091396,70783.5265614713,-171754.8828126627,-89,25.0
2024-02-07 15:54:53,8.837833422874326,70772.50413959294,-171747.06004085054,70774.49079386587,-171755.1314091396,70783.52879259942,-171754.87297767051,-89,25.0
2024-02-07 15:54:54,8.855736406799439,70772.50413959294,-171747.06004085054,70774.49079386587,-171755.1314091396,70783.5427293382,-171754.85469274296,-89,25.0
2024-02-07 15:54:54,8.855736406799439,70772.50413959294,-171747.06004085054,70774.49079386587,-171755.1314091396,70783.5427293382,-171754.85469274296,-89,25.0
2024-02-07 15:54:55,8.879771143134983,70772.50413959294,-171747.06004085054,70774.49079386587,-171755.1314091396,70783.56182872047,-171754.83172699806,-89,25.0
2024-02-07 15:54:55,8.879029632634568,70772.50413959294,-171747.06004085054,70774.49079386587,-171755.1314091396,70783.55943056445,-171754.82508630195,-89,25.0
2024-02-07 15:54:56,8.880823724263294,70772.50413959294,-171747.06004085054,70774.49079386587,-171755.1314091396,70783.5596371884,-171754.81841919807,-89,25.0
2024-02-07 15:54:56,9.04236181110086,70772.50413959294,-171747.06004085054,70774.49079386587,-171755.1314091396,70783.73867378768,-171754.8699242016,-91,25.0
2024-02-07 15:54:57,9.35660318813929,70772.50413959294,-171747.06004085054,70774.49079386587,-171755.1314091396,70784.17335567079,-171755.321144818,-94,25.0
2024-02-07 15:54:58,9.44016164241336,70772.50413959294,-171747.06004085054,70774.49079386587,-171755.1314091396,70784.29192212613,-171755.45324296734,-95,25.0
2024-02-07 15:54:58,9.44016164241336,70772.50413959294,-171747.06004085054,70774.49079386587,-171755.1314091396,70784.29192212613,-171755.45324296734,-95,25.0
2024-02-07 15:54:59,9.97550609436195,70772.50413959294,-171747.06004085054,70774.49079386587,-171755.1314091396,70784.48545185513,-171753.9996049099,-90,25.0
2024-02-07 15:54:59,9.682280695084714,70772.50413959294,-171747.06004085054,70774.49079386587,-171755.1314091396,70784.11004233317,-171753.70126375704,-97,25.0
2024-02-07 15:55:00,9.349693152650355,70772.50413959294,-171747.06004085054,70774.49079386587,-171755.1314091396,70783.73551624558,-171753.57120511268,-94,25.0
2024-02-07 15:55:00,9.281232753555674,70772.50413959294,-171747.06004085054,70774.49079386587,-171755.1314091396,70783.66618809549,-171753.57598102072,-93,25.0
2024-02-07 15:55:01,9.321356069752333,70772.50413959294,-171747.06004085054,70774.49079386587,-171755.1314091396,70783.70345141273,-171753.55949614107,-94,25.0
2024-02-07 15:55:01,9.386071791040411,70772.50413959294,-171747.06004085054,70774.49079386587,-171755.1314091396,70783.7599324356,-171753.51819292436,-94,25.0
2024-02-07 15:55:02,9.385106683829044,70772.50413959294,-171747.06004085054,70774.49079386587,-171755.1314091396,70783.75825915813,-171753.51543280148,-94,25.0
2024-02-07 15:55:02,9.348347991566815,70772.50413959294,-171747.06004085054,70774.49079386587,-171755.1314091396,70783.72899785888,-171753.55035047166,-94,25.0
2024-02-07 15:55:03,9.342082787530082,70772.50413959294,-171747.06004085054,70774.49079386587,-171755.1314091396,70783.72369812308,-171753.55503267975,-94,25.0
2024-02-07 15:55:03,9.342082787530082,70772.50413959294,-171747.06004085054,70774.49079386587,-171755.1314091396,70783.72369812308,-171753.55503267975,-94,25.0
2024-02-07 15:55:04,9.34472182935663,70772.50413959294,-171747.06004085054,70774.49079386587,-171755.1314091396,70783.73359120966,-171753.58418436762,-94,25.0
2024-02-07 15:55:05,9.316733935699682,70772.50413959294,-171747.06004085054,70774.49079386587,-171755.1314091396,70783.71938564532,-171753.64357290973,-94,25.0
2024-02-07 15:55:05,9.276249231898118,70772.50413959294,-171747.06004085054,70774.49079386587,-171755.1314091396,70783.69829705836,-171753.72728446143,-93,25.0
2024-02-07 15:55:06,9.26604764879671,70772.50413959294,-171747.06004085054,70774.49079386587,-171755.1314091396,70783.69631741717,-171753.76192555093,-93,25.0
2024-02-07 15:55:06,9.27798152260503,70772.50413959294,-171747.06004085054,70774.49079386587,-171755.1314091396,70783.7108042218,-171753.77085050146,-93,25.0
2024-02-07 15:55:07,9.276571003584932,70772.50413959294,-171747.06004085054,70774.49079386587,-171755.1314091396,70783.71258259505,-171753.78397735316,-93,25.0
2024-02-07 15:55:07,9.158589320733064,70772.50413959294,-171747.06004085054,70774.49079386587,-171755.1314091396,70783.47842394527,-171753.32628047356,-92,25.0
2024-02-07 15:55:08,9.014609722910805,70772.50413959294,-171747.06004085054,70774.49079386587,-171755.1314091396,70783.1573289111,-171752.6241555753,-91,25.0
2024-02-07 15:55:08,8.852451018200005,70772.50413959294,-171747.06004085054,70774.49079386587,-171755.1314091396,70782.9208347818,-171752.34180912614,-89,25.0
2024-02-07 15:55:09,8.652468037577819,70772.50413959294,-171747.06004085054,70774.49079386587,-171755.1314091396,70782.71089558392,-171752.32560868727,-87,25.0
2024-02-07 15:55:09,8.575592193077613,70772.50413959294,-171747.06004085054,70774.49079386587,-171755.1314091396,70782.63764981294,-171752.34967877646,-86,25.0
2024-02-07 15:55:10,8.491124580909737,70772.50413959294,-171747.06004085054,70774.49079386587,-171755.1314091396,70782.55987798018,-171752.38712476508,-85,25.0
2024-02-07 15:55:10,8.455187800951597,70772.50413959294,-171747.06004085054,70774.49079386587,-171755.1314091396,70782.5280063616,-171752.40799831916,-85,25.0
2024-02-07 15:55:11,8.459209059022978,70772.50413959294,-171747.06004085054,70774.49079386587,-171755.1314091396,70782.53154640282,-171752.40555562248,-85,25.0
2024-02-07 15:55:11,8.459209059022978,70772.50413959294,-171747.06004085054,70774.49079386587,-171755.1314091396,70782.53154640282,-171752.40555562248,-85,25.0
2024-02-07 15:55:12,8.573600230702196,70772.50413959294,-171747.06004085054,70774.49079386587,-171755.1314091396,70782.6603315582,-171752.4501645254,-86,25.0
2024-02-07 15:55:13,8.596547061437212,70772.50413959294,-171747.06004085054,70774.49079386587,-171755.1314091396,70782.68963189426,-171752.4731950154,-86,25.0
2024-02-07 15:55:13,8.595541340491687,70772.50413959294,-171747.06004085054,70774.49079386587,-171755.1314091396,70782.69682626717,-171752.50663226473,-86,25.0
2024-02-07 15:55:14,8.602347464339706,70772.50413959294,-171747.06004085054,70774.49079386587,-171755.1314091396,70782.7106819337,-171752.5344478088,-87,25.0
2024-02-07 15:55:14,8.605059830973621,70772.50413959294,-171747.06004085054,70774.49079386587,-171755.1314091396,70782.71442287682,-171752.53829780634,-87,25.0
2024-02-07 15:55:15,8.596275807690144,70772.50413959294,-171747.06004085054,70774.49079386587,-171755.1314091396,70782.70494464193,-171752.53654250427,-86,25.0
2024-02-07 15:55:15,8.566820754307477,70772.50413959294,-171747.06004085054,70774.49079386587,-171755.1314091396,70782.6765042145,-171752.54423639536,-86,25.0
2024-02-07 15:55:16,8.566820754307477,70772.50413959294,-171747.06004085054,70774.49079386587,-171755.1314091396,70782.6765042145,-171752.54423639536,-86,25.0
2024-02-07 15:55:16,8.53494762376146,70772.50413959294,-171747.06004085054,70774.49079386587,-171755.1314091396,70782.64130687552,-171752.5345957058,-86,25.0
2024-02-07 15:55:17,8.523794131597096,70772.50413959294,-171747.06004085054,70774.49079386587,-171755.1314091396,70782.625212576,-171752.51587467545,-86,25.0
2024-02-07 15:55:17,8.516629216160398,70772.50413959294,-171747.06004085054,70774.49079386587,-171755.1314091396,70782.61680669445,-171752.5117016916,-86,25.0
2024-02-07 15:55:18,8.516629216160398,70772.50413959294,-171747.06004085054,70774.49079386587,-171755.1314091396,70782.61680669445,-171752.5117016916,-86,25.0
2024-02-07 15:55:18,8.504760771106595,70772.50413959294,-171747.06004085054,70774.49079386587,-171755.1314091396,70782.60775090917,-171752.52456809985,-86,25.0
2024-02-07 15:55:19,8.473817429274842,70772.50413959294,-171747.06004085054,70774.49079386587,-171755.1314091396,70782.58223627467,-171752.55037596455,-85,25.0
2024-02-07 15:55:20,8.480111793769463,70772.50413959294,-171747.06004085054,70774.49079386587,-171755.1314091396,70782.5862477437,-171752.5403377843,-85,25.0
2024-02-07 15:55:20,8.480111793769463,70772.50413959294,-171747.06004085054,70774.49079386587,-171755.1314091396,70782.5862477437,-171752.5403377843,-85,25.0
2024-02-07 15:55:21,8.504092618029734,70772.50413959294,-171747.06004085054,70774.49079386587,-171755.1314091396,70782.60606449538,-171752.5205121349,-86,25.0
2024-02-07 15:55:21,8.52196116866484,70772.50413959294,-171747.06004085054,70774.49079386587,-171755.1314091396,70782.62901160245,-171752.53897855384,-86,25.0
2024-02-07 15:55:22,8.537278222041358,70772.50413959294,-171747.06004085054,70774.49079386587,-171755.1314091396,70782.65192859148,-171752.56799820933,-86,25.0
2024-02-07 15:55:22,8.548725113920034,70772.50413959294,-171747.06004085054,70774.49079386587,-171755.1314091396,70782.66400597748,-171752.569171745,-86,25.0
2024-02-07 15:55:23,8.578032591343714,70772.50413959294,-171747.06004085054,70774.49079386587,-171755.1314091396,70782.69688585696,-171752.5801319015,-86,25.0
2024-02-07 15:55:23,8.585444995214157,70772.50413959294,-171747.06004085054,70774.49079386587,-171755.1314091396,70782.71100069648,-171752.60646370435,-86,25.0
2024-02-07 15:55:24,8.586262527509923,70772.50413959294,-171747.06004085054,70774.49079386587,-171755.1314091396,70782.71711342744,-171752.62787787625,-86,25.0
2024-02-07 15:55:24,8.589443309532875,70772.50413959294,-171747.06004085054,70774.49079386587,-171755.1314091396,70782.72283561293,-171752.6378173799,-86,25.0
2024-02-07 15:55:25,8.595419526076363,70772.50413959294,-171747.06004085054,70774.49079386587,-171755.1314091396,70782.73029309971,-171752.64311080988,-86,25.0
2024-02-07 15:55:25,8.607295077584686,70772.50413959294,-171747.06004085054,70774.49079386587,-171755.1314091396,70782.7473564387,-171752.66274771394,-87,25.0
2024-02-07 15:55:26,8.60419916799512,70772.50413959294,-171747.06004085054,70774.49079386587,-171755.1314091396,70782.74849438264,-171752.68032439644,-87,25.0
2024-02-07 15:55:27,8.603678619452058,70772.50413959294,-171747.06004085054,70774.49079386587,-171755.1314091396,70782.74923239955,-171752.68550081036,-87,25.0
2024-02-07 15:55:27,8.61098406586246,70772.50413959294,-171747.06004085054,70774.49079386587,-171755.1314091396,70782.7589190455,-171752.6942892879,-87,25.0
2024-02-07 15:55:28,8.61694793796834,70772.50413959294,-171747.06004085054,70774.49079386587,-171755.1314091396,70782.77295496849,-171752.72636120283,-87,25.0
2024-02-07 15:55:28,8.637063959176032,70772.50413959294,-171747.06004085054,70774.49079386587,-171755.1314091396,70782.79480166502,-171752.7309533436,-87,25.0
2024-02-07 15:55:29,8.679562928530423,70772.50413959294,-171747.06004085054,70774.49079386587,-171755.1314091396,70782.83882376843,-171752.73198816512,-87,25.0
2024-02-07 15:55:29,8.707495204777254,70772.50413959294,-171747.06004085054,70774.49079386587,-171755.1314091396,70782.86547259349,-171752.7233867419,-88,25.0
2024-02-07 15:55:30,8.723361935700169,70772.50413959294,-171747.06004085054,70774.49079386587,-171755.1314091396,70782.8794994124,-171752.71398758204,-88,25.0
2024-02-07 15:55:30,8.748044513310287,70772.50413959294,-171747.06004085054,70774.49079386587,-171755.1314091396,70782.90471902926,-171752.71317649103,-88,25.0
2024-02-07 15:55:31,8.756376904594905,70772.50413959294,-171747.06004085054,70774.49079386587,-171755.1314091396,70782.9106423037,-171752.70237837118,-88,25.0
2024-02-07 15:55:31,8.78268210988729,70772.50413959294,-171747.06004085054,70774.49079386587,-171755.1314091396,70782.93407416319,-171752.68751482878,-88,25.0
2024-02-07 15:55:32,8.819441721071833,70772.50413959294,-171747.06004085054,70774.49079386587,-171755.1314091396,70782.97120029178,-171752.68454650015,-89,25.0
2024-02-07 15:55:32,8.84539873175341,70772.50413959294,-171747.06004085054,70774.49079386587,-171755.1314091396,70782.99836549538,-171752.68630763286,-89,25.0
2024-02-07 15:55:33,8.888382901737284,70772.50413959294,-171747.06004085054,70774.49079386587,-171755.1314091396,70783.04279512506,-171752.6869680447,-89,25.0
2024-02-07 15:55:33,8.901599169547538,70772.50413959294,-171747.06004085054,70774.49079386587,-171755.1314091396,70783.06137212589,-171752.70714501778,-90,25.0
2024-02-07 15:55:34,8.908455648748234,70772.50413959294,-171747.06004085054,70774.49079386587,-171755.1314091396,70783.07050664346,-171752.71556881376,-90,25.0
2024-02-07 15:55:34,8.884579086636386,70772.50413959294,-171747.06004085054,70774.49079386587,-171755.1314091396,70783.04525136869,-171752.71286262237,-89,25.0
2024-02-07 15:55:35,8.931511155236965,70772.50413959294,-171747.06004085054,70774.49079386587,-171755.1314091396,70783.09250929476,-171752.70849560425,-90,25.0
2024-02-07 15:55:35,9.036803657751708,70772.50413959294,-171747.06004085054,70774.49079386587,-171755.1314091396,70783.20553824941,-171752.72715961433,-91,25.0
2024-02-07 15:55:36,9.036803657751708,70772.50413959294,-171747.06004085054,70774.49079386587,-171755.1314091396,70783.20553824941,-171752.72715961433,-91,25.0
2024-02-07 15:55:37,9.176513092605331,70772.50413959294,-171747.06004085054,70774.49079386587,-171755.1314091396,70783.40656114779,-171752.9593226739,-92,25.0
2024-02-07 15:55:37,9.227806507732465,70772.50413959294,-171747.06004085054,70774.49079386587,-171755.1314091396,70783.60148574797,-171753.5366469194,-93,25.0
2024-02-07 15:55:38,9.278010215932888,70772.50413959294,-171747.06004085054,70774.49079386587,-171755.1314091396,70783.79088167928,-171754.09606871035,-93,25.0
2024-02-07 15:55:38,9.289813848114001,70772.50413959294,-171747.06004085054,70774.49079386587,-171755.1314091396,70783.91119257874,-171754.5354801618,-93,25.0
2024-02-07 15:55:39,9.342934155152411,70772.50413959294,-171747.06004085054,70774.49079386587,-171755.1314091396,70784.10903939711,-171755.1170329669,-94,25.0
2024-02-07 15:55:39,9.405662211479108,70772.50413959294,-171747.06004085054,70774.49079386587,-171755.1314091396,70784.31575605676,-171755.6944227825,-95,25.0
2024-02-07 15:55:40,9.476684393116626,70772.50413959294,-171747.06004085054,70774.49079386587,-171755.1314091396,70784.47849146996,-171756.05842276616,-95,25.0
2024-02-07 15:55:40,9.550652551073922,70772.50413959294,-171747.06004085054,70774.49079386587,-171755.1314091396,70784.68957284355,-171756.60651633635,-96,25.0
2024-02-07 15:55:41,9.577238440566923,70772.50413959294,-171747.06004085054,70774.49079386587,-171755.1314091396,70784.79693204466,-171756.93145794826,-96,25.0
2024-02-07 15:55:41,9.71614946514223,70772.50413959294,-171747.06004085054,70774.49079386587,-171755.1314091396,70785.05404562397,-171757.39484651547,-98,25.0
2024-02-07 15:55:42,9.759112964650091,70772.50413959294,-171747.06004085054,70774.49079386587,-171755.1314091396,70785.17741105039,-171757.71629334392,-98,25.0
2024-02-07 15:55:42,9.816042866135822,70772.50413959294,-171747.06004085054,70774.49079386587,-171755.1314091396,70785.28371383679,-171757.9099820032,-99,25.0
2024-02-07 15:55:43,9.918333449169195,70772.50413959294,-171747.06004085054,70774.49079386587,-171755.1314091396,70785.42847824251,-171758.07014082355,-90,25.0
2024-02-07 15:55:43,9.892874039027966,70772.50413959294,-171747.06004085054,70774.49079386587,-171755.1314091396,70785.40886989386,-171758.09699965338,-99,25.0
2024-02-07 15:55:44,9.648070988885019,70772.50413959294,-171747.06004085054,70774.49079386587,-171755.1314091396,70785.14843314954,-171758.06316760418,-97,25.0
2024-02-07 15:55:44,9.442238147902307,70772.50413959294,-171747.06004085054,70774.49079386587,-171755.1314091396,70784.9574852957,-171758.14860122188,-95,25.0
2024-02-07 15:55:45,9.234043966091498,70772.50413959294,-171747.06004085054,70774.49079386587,-171755.1314091396,70784.78952156818,-171758.33729459965,-93,25.0
2024-02-07 15:55:45,9.230924331957103,70772.50413959294,-171747.06004085054,70774.49079386587,-171755.1314091396,70784.81168125817,-171758.44037758367,-93,25.0
2024-02-07 15:55:46,9.230924331957103,70772.50413959294,-171747.06004085054,70774.49079386587,-171755.1314091396,70784.81168125817,-171758.44037758367,-93,25.0
2024-02-07 15:55:46,9.230898692705017,70772.50413959294,-171747.06004085054,70774.49079386587,-171755.1314091396,70784.81010941596,-171758.43409878763,-93,25.0
2024-02-07 15:55:47,9.235689775383229,70772.50413959294,-171747.06004085054,70774.49079386587,-171755.1314091396,70784.82062229753,-171758.45676432204,-93,25.0
2024-02-07 15:55:47,9.235689775383229,70772.50413959294,-171747.06004085054,70774.49079386587,-171755.1314091396,70784.82062229753,-171758.45676432204,-93,25.0
2024-02-07 15:55:48,9.254523416132114,70772.50413959294,-171747.06004085054,70774.49079386587,-171755.1314091396,70784.83837881024,-171758.45010443387,-93,25.0
2024-02-07 15:55:49,9.254050588967187,70772.50413959294,-171747.06004085054,70774.49079386587,-171755.1314091396,70784.83825673102,-171758.45158678506,-93,25.0
2024-02-07 15:55:49,9.254050588967187,70772.50413959294,-171747.06004085054,70774.49079386587,-171755.1314091396,70784.83825673102,-171758.45158678506,-93,25.0
2024-02-07 15:55:50,9.297397054905321,70772.50413959294,-171747.06004085054,70774.49079386587,-171755.1314091396,70784.86751259342,-171758.38908343142,-94,25.0
2024-02-07 15:55:50,9.297397054905321,70772.50413959294,-171747.06004085054,70774.49079386587,-171755.1314091396,70784.86751259342,-171758.38908343142,-93,25.0
2024-02-07 15:55:51,9.331518487281107,70772.50413959294,-171747.06004085054,70774.49079386587,-171755.1314091396,70784.88888269878,-171758.3331398965,-94,25.0
2024-02-07 15:55:51,9.564558777221627,70772.50413959294,-171747.06004085054,70774.49079386587,-171755.1314091396,70785.21819286309,-171758.69600651873,-96,25.0
2024-02-07 15:55:52,10.063217867120084,70772.50413959294,-171747.06004085054,70774.49079386587,-171755.1314091396,70785.9076895266,-171759.41087375564,-90,25.0
2024-02-07 15:55:52,10.252779731271147,70772.50413959294,-171747.06004085054,70774.49079386587,-171755.1314091396,70786.1546975015,-171759.62127952668,-90,25.0
2024-02-07 15:55:53,10.532691462648883,70772.50413959294,-171747.06004085054,70774.49079386587,-171755.1314091396,70786.43574574149,-171759.591955264,-90,25.0
2024-02-07 15:55:54,10.550910013874473,70772.50413959294,-171747.06004085054,70774.49079386587,-171755.1314091396,70786.45696142034,-171759.60192282463,-90,25.0
2024-02-07 15:55:54,10.550910013874473,70772.50413959294,-171747.06004085054,70774.49079386587,-171755.1314091396,70786.45696142034,-171759.60192282463,-90,25.0
2024-02-07 15:55:54,10.437698872054918,70772.50413959294,-171747.06004085054,70774.49079386587,-171755.1314091396,70786.3740262737,-171759.73865578292,-90,25.0
2024-02-07 15:55:55,10.295690053663515,70772.50413959294,-171747.06004085054,70774.49079386587,-171755.1314091396,70786.24546181607,-171759.81049722925,-90,25.0
2024-02-07 15:55:55,10.295690053663515,70772.50413959294,-171747.06004085054,70774.49079386587,-171755.1314091396,70786.24546181607,-171759.81049722925,-90,25.0
2024-02-07 15:55:56,10.173477263136897,70772.50413959294,-171747.06004085054,70774.49079386587,-171755.1314091396,70786.1264604059,-171759.83836374208,-90,25.0
2024-02-07 15:55:57,10.178869284267266,70772.50413959294,-171747.06004085054,70774.49079386587,-171755.1314091396,70786.13122678359,-171759.83516805313,-90,25.0
2024-02-07 15:55:57,10.21490538387017,70772.50413959294,-171747.06004085054,70774.49079386587,-171755.1314091396,70786.08401611654,-171759.49258385584,-90,25.0
2024-02-07 15:55:58,10.360797648153966,70772.50413959294,-171747.06004085054,70774.49079386587,-171755.1314091396,70786.2247065908,-171759.45375938097,-90,25.0
2024-02-07 15:55:58,10.38541218909876,70772.50413959294,-171747.06004085054,70774.49079386587,-171755.1314091396,70786.24835626505,-171759.44685460452,-90,25.0
2024-02-07 15:55:59,10.38541218909876,70772.50413959294,-171747.06004085054,70774.49079386587,-171755.1314091396,70786.24835626505,-171759.44685460452,-90,25.0
2024-02-07 15:55:59,10.450898466614623,70772.50413959294,-171747.06004085054,70774.49079386587,-171755.1314091396,70786.28535549654,-171759.32317682248,-90,25.0
2024-02-07 15:56:00,9.837215833844947,70772.50413959294,-171747.06004085054,70774.49079386587,-171755.1314091396,70785.68288543988,-171759.44314542355,-98,25.0
2024-02-07 15:56:00,9.870290272991769,70772.50413959294,-171747.06004085054,70774.49079386587,-171755.1314091396,70785.74677226828,-171759.56431927747,-99,25.0
2024-02-07 15:56:01,9.920048017168934,70772.50413959294,-171747.06004085054,70774.49079386587,-171755.1314091396,70785.81606992376,-171759.63767237682,-90,25.0
2024-02-07 15:56:01,9.954776814957915,70772.50413959294,-171747.06004085054,70774.49079386587,-171755.1314091396,70785.86615575787,-171759.69585370104,-90,25.0
2024-02-07 15:56:02,9.954776814957915,70772.50413959294,-171747.06004085054,70774.49079386587,-171755.1314091396,70785.86615575787,-171759.69585370104,-90,25.0
2024-02-07 15:56:02,9.882936715229869,70772.50413959294,-171747.06004085054,70774.49079386587,-171755.1314091396,70785.79240112999,-171759.6967865858,-99,25.0
2024-02-07 15:56:03,9.854748100286882,70772.50413959294,-171747.06004085054,70774.49079386587,-171755.1314091396,70785.76376164846,-171759.69837291524,-99,25.0
2024-02-07 15:56:03,9.976643348011248,70772.50413959294,-171747.06004085054,70774.49079386587,-171755.1314091396,70785.84602661664,-171759.5225823995,-90,25.0
2024-02-07 15:56:04,10.775522999055049,70772.50413959294,-171747.06004085054,70774.49079386587,-171755.1314091396,70786.59874507932,-171759.2381680606,-90,25.0
2024-02-07 15:56:05,10.606001548943267,70772.50413959294,-171747.06004085054,70774.49079386587,-171755.1314091396,70786.42478047287,-171759.24067233782,-90,25.0
2024-02-07 15:56:05,10.204799541800728,70772.50413959294,-171747.06004085054,70774.49079386587,-171755.1314091396,70785.9989503914,-171759.18926266505,-90,25.0
2024-02-07 15:56:06,10.071447258041573,70772.50413959294,-171747.06004085054,70774.49079386587,-171755.1314091396,70785.84555030425,-171759.1239826491,-90,25.0
2024-02-07 15:56:06,10.4685938903646,70772.50413959294,-171747.06004085054,70774.49079386587,-171755.1314091396,70786.19548484129,-171758.88401221586,-90,25.0
2024-02-07 15:56:07,10.734363935627004,70772.50413959294,-171747.06004085054,70774.49079386587,-171755.1314091396,70786.45327802563,-171758.81937700344,-90,25.0
2024-02-07 15:56:07,10.734363935627004,70772.50413959294,-171747.06004085054,70774.49079386587,-171755.1314091396,70786.45327802563,-171758.81937700344,-90,25.0
2024-02-07 15:56:08,10.151268190336499,70772.50413959294,-171747.06004085054,70774.49079386587,-171755.1314091396,70785.9524133778,-171759.22417035224,-90,25.0
2024-02-07 15:56:08,10.01658948934711,70772.50413959294,-171747.06004085054,70774.49079386587,-171755.1314091396,70785.82037867377,-171759.2512432999,-90,25.0
2024-02-07 15:56:09,9.972224710236024,70772.50413959294,-171747.06004085054,70774.49079386587,-171755.1314091396,70785.76371224989,-171759.2066438482,-90,25.0
2024-02-07 15:56:09,9.929821977854944,70772.50413959294,-171747.06004085054,70774.49079386587,-171755.1314091396,70785.7121069528,-171759.17439740762,-90,25.0
2024-02-07 15:56:10,9.927573573488342,70772.50413959294,-171747.06004085054,70774.49079386587,-171755.1314091396,70785.70534252058,-171759.15632235204,-90,25.0
2024-02-07 15:56:10,9.925217359307291,70772.50413959294,-171747.06004085054,70774.49079386587,-171755.1314091396,70785.70001284019,-171759.14452748038,-90,25.0
2024-02-07 15:56:11,9.932840907439953,70772.50413959294,-171747.06004085054,70774.49079386587,-171755.1314091396,70785.69938956693,-171759.11009791913,-90,25.0
2024-02-07 15:56:11,9.942217859414736,70772.50413959294,-171747.06004085054,70774.49079386587,-171755.1314091396,70785.6941127859,-171759.04942577684,-90,25.0
2024-02-07 15:56:12,9.946139228550104,70772.50413959294,-171747.06004085054,70774.49079386587,-171755.1314091396,70785.69436829416,-171759.0340566379,-90,25.0
2024-02-07 15:56:12,9.925559215582108,70772.50413959294,-171747.06004085054,70774.49079386587,-171755.1314091396,70785.67554505986,-171759.04368956934,-90,25.0
2024-02-07 15:56:13,9.956962085827275,70772.50413959294,-171747.06004085054,70774.49079386587,-171755.1314091396,70785.69303148905,-171758.98334206402,-90,25.0
2024-02-07 15:56:14,9.949097176214192,70772.50413959294,-171747.06004085054,70774.49079386587,-171755.1314091396,70785.68122461399,-171758.9682803548,-90,25.0
2024-02-07 15:56:14,9.943374589539943,70772.50413959294,-171747.06004085054,70774.49079386587,-171755.1314091396,70785.67275490977,-171758.9578132924,-90,25.0
2024-02-07 15:56:15,9.95018598690176,70772.50413959294,-171747.06004085054,70774.49079386587,-171755.1314091396,70785.67888847619,-171758.954233465,-90,25.0
2024-02-07 15:56:15,9.95171228193239,70772.50413959294,-171747.06004085054,70774.49079386587,-171755.1314091396,70785.67781996584,-171758.94350622752,-90,25.0
2024-02-07 15:56:16,9.963857340061924,70772.50413959294,-171747.06004085054,70774.49079386587,-171755.1314091396,70785.68443255176,-171758.91955623822,-90,25.0
2024-02-07 15:56:16,9.947492129964887,70772.50413959294,-171747.06004085054,70774.49079386587,-171755.1314091396,70785.66871179953,-171758.92415895825,-90,25.0
2024-02-07 15:56:17,9.958216081987734,70772.50413959294,-171747.06004085054,70774.49079386587,-171755.1314091396,70785.67881920926,-171758.9203537037,-90,25.0
2024-02-07 15:56:17,9.943582198781955,70772.50413959294,-171747.06004085054,70774.49079386587,-171755.1314091396,70785.66087689326,-171758.9086867028,-90,25.0
2024-02-07 15:56:18,9.935951522944515,70772.50413959294,-171747.06004085054,70774.49079386587,-171755.1314091396,70785.65349259268,-171758.91061295883,-90,25.0
2024-02-07 15:56:18,9.939902046131392,70772.50413959294,-171747.06004085054,70774.49079386587,-171755.1314091396,70785.65245982674,-171758.8898878442,-90,25.0
2024-02-07 15:56:19,9.939902046131392,70772.50413959294,-171747.06004085054,70774.49079386587,-171755.1314091396,70785.65245982674,-171758.8898878442,-90,25.0
2024-02-07 15:56:19,9.967136844308756,70772.50413959294,-171747.06004085054,70774.49079386587,-171755.1314091396,70785.65125492366,-171758.7710407295,-90,25.0
2024-02-07 15:56:20,9.953209928598064,70772.50413959294,-171747.06004085054,70774.49079386587,-171755.1314091396,70785.62412945981,-171758.7191064954,-90,25.0
2024-02-07 15:56:20,9.97422648922841,70772.50413959294,-171747.06004085054,70774.49079386587,-171755.1314091396,70785.63635547535,-171758.68084388043,-90,25.0
2024-02-07 15:56:21,10.015537689017922,70772.50413959294,-171747.06004085054,70774.49079386587,-171755.1314091396,70785.6804301674,-171758.68706204972,-90,25.0
2024-02-07 15:56:21,10.0137357222875,70772.50413959294,-171747.06004085054,70774.49079386587,-171755.1314091396,70785.69180672785,-171758.7408222027,-90,25.0
2024-02-07 15:56:22,10.03193364434813,70772.50413959294,-171747.06004085054,70774.49079386587,-171755.1314091396,70785.6694089326,-171758.57368348903,-90,25.0
2024-02-07 15:56:23,9.93965998284994,70772.50413959294,-171747.06004085054,70774.49079386587,-171755.1314091396,70785.53707116851,-171758.42210023012,-90,25.0
2024-02-07 15:56:23,9.828275939622149,70772.50413959294,-171747.06004085054,70774.49079386587,-171755.1314091396,70785.36882840122,-171758.20460116884,-99,25.0
2024-02-07 15:56:24,9.77259954012233,70772.50413959294,-171747.06004085054,70774.49079386587,-171755.1314091396,70785.17281044798,-171757.6411734937,-98,25.0
2024-02-07 15:56:24,9.75336581848721,70772.50413959294,-171747.06004085054,70774.49079386587,-171755.1314091396,70785.05954903267,-171757.26149053712,-98,25.0
2024-02-07 15:56:25,9.757085532243416,70772.50413959294,-171747.06004085054,70774.49079386587,-171755.1314091396,70784.89436490255,-171756.57481786242,-98,25.0
2024-02-07 15:56:25,9.772233776230507,70772.50413959294,-171747.06004085054,70774.49079386587,-171755.1314091396,70784.76828560117,-171755.9992024985,-98,25.0
2024-02-07 15:56:26,9.772233776230507,70772.50413959294,-171747.06004085054,70774.49079386587,-171755.1314091396,70784.76828560117,-171755.9992024985,-98,25.0
2024-02-07 15:56:26,9.807199302443113,70772.50413959294,-171747.06004085054,70774.49079386587,-171755.1314091396,70784.65520038048,-171755.39346285508,-99,25.0
2024-02-07 15:56:27,9.817927096526294,70772.50413959294,-171747.06004085054,70774.49079386587,-171755.1314091396,70784.56735410265,-171754.99167581045,-99,25.0
2024-02-07 15:56:27,9.8705722388298,70772.50413959294,-171747.06004085054,70774.49079386587,-171755.1314091396,70784.34638141312,-171753.8736390872,-99,25.0
2024-02-07 15:56:28,9.872180111175442,70772.50413959294,-171747.06004085054,70774.49079386587,-171755.1314091396,70784.23248405261,-171753.40417008055,-99,25.0
2024-02-07 15:56:28,10.014819930169455,70772.50413959294,-171747.06004085054,70774.49079386587,-171755.1314091396,70784.21187382637,-171752.7236223914,-90,25.0
2024-02-07 15:56:29,10.014819930169455,70772.50413959294,-171747.06004085054,70774.49079386587,-171755.1314091396,70784.21187382637,-171752.7236223914,-90,25.0
2024-02-07 15:56:30,10.166763397539404,70772.50413959294,-171747.06004085054,70774.49079386587,-171755.1314091396,70784.19213898444,-171752.00770425028,-90,25.0
2024-02-07 15:56:30,10.292773581735815,70772.50413959294,-171747.06004085054,70774.49079386587,-171755.1314091396,70784.1173533427,-171751.1766322492,-90,25.0
2024-02-07 15:56:31,10.362785102762153,70772.50413959294,-171747.06004085054,70774.49079386587,-171755.1314091396,70784.02931537044,-171750.5260201296,-90,25.0
