timestamp,直線との距離:,startx:,starty:,goalx:,goaly:,x:,y:,操作量,sp
timestamp,直線との距離:,startx:,starty:,goalx:,goaly:,x:,y:,操作量,sp
2024-01-26 16:20:02,-0.0,70780.75090663254,-171748.84653382338,70774.48352805714,-171732.16460188924,70780.75090663254,-171748.84653382338,0,15.0
2024-01-26 16:20:02,-0.0,70780.75090663254,-171748.84653382338,70774.48352805714,-171732.16460188924,70780.75090663254,-171748.84653382338,0,15.0
2024-01-26 16:20:03,0.027466268499296027,70780.75090663254,-171748.84653382338,70774.48352805714,-171732.16460188924,70780.70733365814,-171748.80865174538,-2,15.0
2024-01-26 16:20:03,0.0306305796867954,70780.75090663254,-171748.84653382338,70774.48352805714,-171732.16460188924,70780.65303615587,-171748.6731249194,-3,15.0
2024-01-26 16:20:04,0.03103877547236717,70780.75090663254,-171748.84653382338,70774.48352805714,-171732.16460188924,70780.5377839092,-171748.3675177351,-5,15.0
2024-01-26 16:20:04,0.11185111013948695,70780.75090663254,-171748.84653382338,70774.48352805714,-171732.16460188924,70780.23919428623,-171747.80253780432,-11,15.0
2024-01-26 16:20:05,0.25389592532537736,70780.75090663254,-171748.84653382338,70774.48352805714,-171732.16460188924,70779.9525641638,-171747.44349648905,-24,15.0
2024-01-26 16:20:05,0.42056441083835433,70780.75090663254,-171748.84653382338,70774.48352805714,-171732.16460188924,70779.64693613467,-171747.10390222428,-44,15.0
2024-01-26 16:20:06,0.6164517255907778,70780.75090663254,-171748.84653382338,70774.48352805714,-171732.16460188924,70779.32019176712,-171746.79118204923,-71,15.0
2024-01-26 16:20:06,1.0069018520576847,70780.75090663254,-171748.84653382338,70774.48352805714,-171732.16460188924,70778.75867798578,-171746.40678613537,-90,15.0
2024-01-26 16:20:07,1.3609481469225522,70780.75090663254,-171748.84653382338,70774.48352805714,-171732.16460188924,70778.20721774627,-171745.945640657,-90,15.0
2024-01-26 16:20:07,1.4720686323440864,70780.75090663254,-171748.84653382338,70774.48352805714,-171732.16460188924,70777.95391280412,-171745.58737227455,-90,15.0
2024-01-26 16:20:08,1.3298395465187767,70780.75090663254,-171748.84653382338,70774.48352805714,-171732.16460188924,70777.89573112622,-171745.02810130158,-90,15.0
2024-01-26 16:20:09,1.1497565567873835,70780.75090663254,-171748.84653382338,70774.48352805714,-171732.16460188924,70777.95211498904,-171744.6661381157,-90,15.0
2024-01-26 16:20:09,0.6768264102657339,70780.75090663254,-171748.84653382338,70774.48352805714,-171732.16460188924,70778.30531610966,-171744.26154624912,-90,15.0
2024-01-26 16:20:10,0.373707122948723,70780.75090663254,-171748.84653382338,70774.48352805714,-171732.16460188924,70778.65706570001,-171744.33592404606,-90,15.0
2024-01-26 16:20:10,0.17636606844336328,70780.75090663254,-171748.84653382338,70774.48352805714,-171732.16460188924,70778.928952952,-171744.49849709184,-90,15.0
2024-01-26 16:20:11,0.07429389911169426,70780.75090663254,-171748.84653382338,70774.48352805714,-171732.16460188924,70779.18323049787,-171744.8850818713,-90,15.0
2024-01-26 16:20:11,0.19567853293703694,70780.75090663254,-171748.84653382338,70774.48352805714,-171732.16460188924,70779.17794902282,-171745.21616420237,-90,15.0
2024-01-26 16:20:12,0.5163791893090895,70780.75090663254,-171748.84653382338,70774.48352805714,-171732.16460188924,70779.00511200321,-171745.66798957487,-90,15.0
2024-01-26 16:20:12,0.9604173926687397,70780.75090663254,-171748.84653382338,70774.48352805714,-171732.16460188924,70778.65556408519,-171746.0001550372,-90,15.0
2024-01-26 16:20:13,1.3899618748153422,70780.75090663254,-171748.84653382338,70774.48352805714,-171732.16460188924,70778.23330007159,-171746.09756063262,-90,15.0
2024-01-26 16:20:13,1.597372685716757,70780.75090663254,-171748.84653382338,70774.48352805714,-171732.16460188924,70777.99130211666,-171746.04317610027,-90,15.0
2024-01-26 16:20:14,1.777219702458224,70780.75090663254,-171748.84653382338,70774.48352805714,-171732.16460188924,70777.75313767271,-171745.92062149625,-90,15.0
2024-01-26 16:20:14,1.8276847963847258,70780.75090663254,-171748.84653382338,70774.48352805714,-171732.16460188924,70777.54622709985,-171745.5133763338,-90,15.0
2024-01-26 16:20:15,1.5167769949331882,70780.75090663254,-171748.84653382338,70774.48352805714,-171732.16460188924,70777.57407638576,-171744.70348054598,-90,15.0
2024-01-26 16:20:15,1.5167769949331882,70780.75090663254,-171748.84653382338,70774.48352805714,-171732.16460188924,70777.57407638576,-171744.70348054598,-90,15.0
2024-01-26 16:20:16,0.9611172393695705,70780.75090663254,-171748.84653382338,70774.48352805714,-171732.16460188924,70777.94131326693,-171744.1010178081,-90,15.0
2024-01-26 16:20:16,0.9611172393695705,70780.75090663254,-171748.84653382338,70774.48352805714,-171732.16460188924,70777.94131326693,-171744.1010178081,-90,15.0
