timestamp,直線との距離:,startx:,starty:,goalx:,goaly:,x:,y:,操作量,sp
timestamp,直線との距離:,startx:,starty:,goalx:,goaly:,x:,y:,操作量,sp
timestamp,直線との距離:,startx:,starty:,goalx:,goaly:,x:,y:,操作量,sp
2024-01-29 11:21:20,0.02049332617710666,70775.64283986286,-171741.28761556852,70774.48352805714,-171732.16460188924,70775.63271119617,-171741.37047543793,-1,30.0
2024-01-29 11:21:20,-0.0,70775.64283986286,-171741.28761556852,70774.48352805714,-171732.16460188924,70775.64283986286,-171741.28761556852,0,30.0
2024-01-29 11:21:20,0.02049332617710666,70775.64283986286,-171741.28761556852,70774.48352805714,-171732.16460188924,70775.63271119617,-171741.37047543793,-1,30.0
2024-01-29 11:21:21,0.02049332617710666,70775.64283986286,-171741.28761556852,70774.48352805714,-171732.16460188924,70775.63271119617,-171741.37047543793,-1,30.0
2024-01-29 11:21:21,0.03141262950124654,70775.64283986286,-171741.28761556852,70774.48352805714,-171732.16460188924,70775.62472578086,-171741.39425419708,-1,30.0
2024-01-29 11:21:22,-0.23227741442611077,70775.64283986286,-171741.28761556852,70774.48352805714,-171732.16460188924,70775.94585733616,-171741.82959354916,0,30.0
2024-01-29 11:21:22,-0.705160657790334,70775.64283986286,-171741.28761556852,70774.48352805714,-171732.16460188924,70776.47726412871,-171742.2602093817,1,30.0
2024-01-29 11:21:23,-1.7715976316749016,70775.64283986286,-171741.28761556852,70774.48352805714,-171732.16460188924,70777.58287269372,-171742.50097611628,4,30.0
2024-01-29 11:21:23,-2.82964737038945,70775.64283986286,-171741.28761556852,70774.48352805714,-171732.16460188924,70778.59549743016,-171742.0765546377,8,30.0
2024-01-29 11:21:24,-3.4208923939991207,70775.64283986286,-171741.28761556852,70774.48352805714,-171732.16460188924,70779.1220738781,-171741.53023996964,11,30.0
2024-01-29 11:21:25,-3.3388609732778547,70775.64283986286,-171741.28761556852,70774.48352805714,-171732.16460188924,70778.78730244549,-171739.5465352132,13,30.0
2024-01-29 11:21:25,-3.3388609732778547,70775.64283986286,-171741.28761556852,70774.48352805714,-171732.16460188924,70778.78730244549,-171739.5465352132,15,30.0
2024-01-29 11:21:26,-2.9063145505154213,70775.64283986286,-171741.28761556852,70774.48352805714,-171732.16460188924,70778.30317753629,-171739.16801976267,17,30.0
2024-01-29 11:21:26,-2.1418307567284245,70775.64283986286,-171741.28761556852,70774.48352805714,-171732.16460188924,70777.50388495062,-171738.94247676263,17,30.0
2024-01-29 11:21:27,-1.6984498799006977,70775.64283986286,-171741.28761556852,70774.48352805714,-171732.16460188924,70777.0043176964,-171738.52838591172,18,30.0
2024-01-29 11:21:27,-1.4966785239952287,70775.64283986286,-171741.28761556852,70774.48352805714,-171732.16460188924,70776.79845983224,-171738.50899656623,18,30.0
2024-01-29 11:21:28,-1.1767193357180399,70775.64283986286,-171741.28761556852,70774.48352805714,-171732.16460188924,70776.57387605627,-171739.27978577168,19,30.0
2024-01-29 11:21:28,-1.2595885232905952,70775.64283986286,-171741.28761556852,70774.48352805714,-171732.16460188924,70776.67927331117,-171739.45182245763,20,30.0
2024-01-29 11:21:29,-1.3957680644904604,70775.64283986286,-171741.28761556852,70774.48352805714,-171732.16460188924,70776.83960929752,-171739.63329973954,21,30.0
2024-01-29 11:21:29,-1.3957680644904604,70775.64283986286,-171741.28761556852,70774.48352805714,-171732.16460188924,70776.83960929752,-171739.63329973954,22,30.0
2024-01-29 11:21:30,-1.2906245524942395,70775.64283986286,-171741.28761556852,70774.48352805714,-171732.16460188924,70776.75746445823,-171739.8209378433,23,30.0
2024-01-29 11:21:30,-1.2935632189378965,70775.64283986286,-171741.28761556852,70774.48352805714,-171732.16460188924,70776.7925190114,-171740.07348256593,24,30.0
2024-01-29 11:21:31,-1.4876277215695355,70775.64283986286,-171741.28761556852,70774.48352805714,-171732.16460188924,70777.03972549048,-171740.47939356946,25,30.0
2024-01-29 11:21:31,-1.2157585384286267,70775.64283986286,-171741.28761556852,70774.48352805714,-171732.16460188924,70776.785759543,-171740.63748492138,25,30.0
2024-01-29 11:21:32,-1.2157585384286267,70775.64283986286,-171741.28761556852,70774.48352805714,-171732.16460188924,70776.785759543,-171740.63748492138,26,30.0
2024-01-29 11:21:33,-1.0514912595858432,70775.64283986286,-171741.28761556852,70774.48352805714,-171732.16460188924,70776.64843898437,-171740.85993308373,27,30.0
2024-01-29 11:21:33,-1.139190154252848,70775.64283986286,-171741.28761556852,70774.48352805714,-171732.16460188924,70776.74507061717,-171740.9246779216,28,30.0
2024-01-29 11:21:34,-1.0518532971797343,70775.64283986286,-171741.28761556852,70774.48352805714,-171732.16460188924,70776.69683008047,-171741.23786695334,28,30.0
2024-01-29 11:21:34,-1.0518532971797343,70775.64283986286,-171741.28761556852,70774.48352805714,-171732.16460188924,70776.69683008047,-171741.23786695334,29,30.0
2024-01-29 11:21:35,-1.1051215743470377,70775.64283986286,-171741.28761556852,70774.48352805714,-171732.16460188924,70776.76533086025,-171741.3543656357,30,30.0
2024-01-29 11:21:35,-1.1432343523047108,70775.64283986286,-171741.28761556852,70774.48352805714,-171732.16460188924,70776.83396405258,-171741.59212911667,31,30.0
2024-01-29 11:21:36,-1.2039879419788613,70775.64283986286,-171741.28761556852,70774.48352805714,-171732.16460188924,70776.9125382423,-171741.72852071092,32,30.0
2024-01-29 11:21:36,-1.3103167223893124,70775.64283986286,-171741.28761556852,70774.48352805714,-171732.16460188924,70777.03659558423,-171741.86130387415,33,30.0
2024-01-29 11:21:37,-1.3349609573488708,70775.64283986286,-171741.28761556852,70774.48352805714,-171732.16460188924,70777.07750106757,-171741.9877095265,34,30.0
