timestamp,直線との距離:,startx:,starty:,goalx:,goaly:,x:,y:,操作量,sp
timestamp,直線との距離:,startx:,starty:,goalx:,goaly:,x:,y:,操作量,sp
2024-01-29 11:14:01,-0.0,70777.70969437253,-171744.13724623682,70774.48352805714,-171732.16460188924,70777.70969437253,-171744.13724623682,0,30.0
2024-01-29 11:14:02,-0.0,70777.70969437253,-171744.13724623682,70774.48352805714,-171732.16460188924,70777.70969437253,-171744.13724623682,0,30.0
2024-01-29 11:14:02,0.00615478614604862,70777.70969437253,-171744.13724623682,70774.48352805714,-171732.16460188924,70777.7243327469,-171744.21522656333,-1,30.0
2024-01-29 11:14:02,-0.013256728116406862,70777.70969437253,-171744.13724623682,70774.48352805714,-171732.16460188924,70777.71542623459,-171744.10756586996,0,30.0
2024-01-29 11:14:03,-0.1278254344291854,70777.70969437253,-171744.13724623682,70774.48352805714,-171732.16460188924,70777.7351498217,-171743.74042014286,0,30.0
2024-01-29 11:14:04,-0.45282795177077984,70777.70969437253,-171744.13724623682,70774.48352805714,-171732.16460188924,70777.87913348002,-171743.02561942989,1,30.0
2024-01-29 11:14:04,-0.45282795177077984,70777.70969437253,-171744.13724623682,70774.48352805714,-171732.16460188924,70777.87913348002,-171743.02561942989,1,30.0
2024-01-29 11:14:05,-0.9061341778806651,70777.70969437253,-171744.13724623682,70774.48352805714,-171732.16460188924,70778.1223512124,-171742.18595466585,2,30.0
2024-01-29 11:14:05,-1.2304210503238482,70777.70969437253,-171744.13724623682,70774.48352805714,-171732.16460188924,70778.3138053683,-171741.65007255305,4,30.0
2024-01-29 11:14:06,-1.8085873560792307,70777.70969437253,-171744.13724623682,70774.48352805714,-171732.16460188924,70778.68488994533,-171740.80503848236,6,30.0
2024-01-29 11:14:06,-2.2539019416094557,70777.70969437253,-171744.13724623682,70774.48352805714,-171732.16460188924,70778.9988098882,-171740.2584727746,8,30.0
2024-01-29 11:14:07,-3.0318904841974,70777.70969437253,-171744.13724623682,70774.48352805714,-171732.16460188924,70779.59787265102,-171739.49147793715,11,30.0
2024-01-29 11:14:07,-4.4401621738067965,70777.70969437253,-171744.13724623682,70774.48352805714,-171732.16460188924,70780.72319341963,-171738.25500421628,16,30.0
2024-01-29 11:14:08,-4.4401621738067965,70777.70969437253,-171744.13724623682,70774.48352805714,-171732.16460188924,70780.72319341963,-171738.25500421628,20,30.0
2024-01-29 11:14:08,-5.887933453862812,70777.70969437253,-171744.13724623682,70774.48352805714,-171732.16460188924,70781.96473514303,-171737.29802303037,26,30.0
2024-01-29 11:14:09,-5.887933453862812,70777.70969437253,-171744.13724623682,70774.48352805714,-171732.16460188924,70781.96473514303,-171737.29802303037,30,30.0
2024-01-29 11:14:09,-6.880203947489839,70777.70969437253,-171744.13724623682,70774.48352805714,-171732.16460188924,70782.86641302222,-171736.83047740694,36,30.0
2024-01-29 11:14:10,-8.533753013106788,70777.70969437253,-171744.13724623682,70774.48352805714,-171732.16460188924,70784.43855300173,-171736.30947937968,45,30.0
2024-01-29 11:14:10,-8.533753013106788,70777.70969437253,-171744.13724623682,70774.48352805714,-171732.16460188924,70784.43855300173,-171736.30947937968,51,30.0
2024-01-29 11:14:11,-10.239480994387973,70777.70969437253,-171744.13724623682,70774.48352805714,-171732.16460188924,70786.15090535214,-171736.10827589044,60,30.0
2024-01-29 11:14:11,-10.239480994387973,70777.70969437253,-171744.13724623682,70774.48352805714,-171732.16460188924,70786.15090535214,-171736.10827589044,68,30.0
2024-01-29 11:14:12,-10.873092476156058,70777.70969437253,-171744.13724623682,70774.48352805714,-171732.16460188924,70786.86622542905,-171736.32763397146,76,30.0
2024-01-29 11:14:12,-11.126417848223499,70777.70969437253,-171744.13724623682,70774.48352805714,-171732.16460188924,70787.20558430636,-171736.6133807259,84,30.0
2024-01-29 11:14:13,-10.731661264107613,70777.70969437253,-171744.13724623682,70774.48352805714,-171732.16460188924,70787.27941028218,-171738.40459408768,91,30.0
2024-01-29 11:14:13,-10.731661264107613,70777.70969437253,-171744.13724623682,70774.48352805714,-171732.16460188924,70787.27941028218,-171738.40459408768,99,30.0
2024-01-29 11:14:14,-10.273124736856802,70777.70969437253,-171744.13724623682,70774.48352805714,-171732.16460188924,70786.94123703685,-171738.91197143772,90,30.0
2024-01-29 11:14:14,-9.421105945257473,70777.70969437253,-171744.13724623682,70774.48352805714,-171732.16460188924,70786.2346175624,-171739.56434541164,90,30.0
2024-01-29 11:14:15,-8.748814437134406,70777.70969437253,-171744.13724623682,70774.48352805714,-171732.16460188924,70785.63412523548,-171739.91979099665,90,30.0
2024-01-29 11:14:15,-7.754304201847256,70777.70969437253,-171744.13724623682,70774.48352805714,-171732.16460188924,70784.72242258729,-171740.35874203496,90,30.0
2024-01-29 11:14:16,-6.997069572110055,70777.70969437253,-171744.13724623682,70774.48352805714,-171732.16460188924,70784.02777896918,-171740.69125905042,90,30.0
2024-01-29 11:14:16,-6.431508999640113,70777.70969437253,-171744.13724623682,70774.48352805714,-171732.16460188924,70783.51214982937,-171740.9514231336,90,30.0
2024-01-29 11:14:17,-5.566754962210748,70777.70969437253,-171744.13724623682,70774.48352805714,-171732.16460188924,70782.74207746857,-171741.41726434507,90,30.0
2024-01-29 11:14:18,-4.9400244604598385,70777.70969437253,-171744.13724623682,70774.48352805714,-171732.16460188924,70782.19202574663,-171741.78478772572,90,30.0
2024-01-29 11:14:18,-4.113449169017978,70777.70969437253,-171744.13724623682,70774.48352805714,-171732.16460188924,70781.37795212204,-171741.94059650996,90,30.0
2024-01-29 11:14:19,-3.491207550922619,70777.70969437253,-171744.13724623682,70774.48352805714,-171732.16460188924,70780.78298375063,-171742.12417653928,90,30.0
2024-01-29 11:14:19,-3.2696699255055686,70777.70969437253,-171744.13724623682,70774.48352805714,-171732.16460188924,70780.51357163707,-171741.97583418814,90,30.0
2024-01-29 11:14:20,-3.204651685694419,70777.70969437253,-171744.13724623682,70774.48352805714,-171732.16460188924,70780.44069625456,-171741.95528196555,90,30.0
2024-01-29 11:14:20,-3.503460705861484,70777.70969437253,-171744.13724623682,70774.48352805714,-171732.16460188924,70780.57434267364,-171741.30279273595,90,30.0
2024-01-29 11:14:21,-3.503460705861484,70777.70969437253,-171744.13724623682,70774.48352805714,-171732.16460188924,70780.57434267364,-171741.30279273595,90,30.0
2024-01-29 11:14:21,-3.522367293981771,70777.70969437253,-171744.13724623682,70774.48352805714,-171732.16460188924,70780.5361082655,-171741.08823379126,90,30.0
2024-01-29 11:14:22,-3.512323319360444,70777.70969437253,-171744.13724623682,70774.48352805714,-171732.16460188924,70780.46414144883,-171740.85976109735,90,30.0
2024-01-29 11:14:22,-3.712718977486993,70777.70969437253,-171744.13724623682,70774.48352805714,-171732.16460188924,70780.6081833143,-171740.6240998391,90,30.0
2024-01-29 11:14:23,-4.024226938977162,70777.70969437253,-171744.13724623682,70774.48352805714,-171732.16460188924,70780.80400122925,-171740.15352753195,90,30.0
2024-01-29 11:14:23,-4.186283711441156,70777.70969437253,-171744.13724623682,70774.48352805714,-171732.16460188924,70780.90585778105,-171739.9086666912,90,30.0
2024-01-29 11:14:24,-4.318550827994495,70777.70969437253,-171744.13724623682,70774.48352805714,-171732.16460188924,70780.9146069655,-171739.4327703847,90,30.0
2024-01-29 11:14:24,-4.458530134199856,70777.70969437253,-171744.13724623682,70774.48352805714,-171732.16460188924,70780.89341067131,-171738.8161016265,90,30.0
2024-01-29 11:14:25,-4.7894876079215445,70777.70969437253,-171744.13724623682,70774.48352805714,-171732.16460188924,70781.07319703544,-171738.21128081033,90,30.0
2024-01-29 11:14:25,-5.194216262274769,70777.70969437253,-171744.13724623682,70774.48352805714,-171732.16460188924,70781.29644096401,-171737.48419786734,90,30.0
2024-01-29 11:14:26,-5.531158330121974,70777.70969437253,-171744.13724623682,70774.48352805714,-171732.16460188924,70781.51972246345,-171737.01779045525,90,30.0
2024-01-29 11:14:26,-5.811824611636393,70777.70969437253,-171744.13724623682,70774.48352805714,-171732.16460188924,70781.72134786056,-171736.68730957762,90,30.0
2024-01-29 11:14:27,-6.28827935598439,70777.70969437253,-171744.13724623682,70774.48352805714,-171732.16460188924,70782.11564043327,-171736.31932875296,90,30.0
2024-01-29 11:14:28,-6.461269192717178,70777.70969437253,-171744.13724623682,70774.48352805714,-171732.16460188924,70782.20779383696,-171735.9964375361,90,30.0
2024-01-29 11:14:28,-6.458652799961497,70777.70969437253,-171744.13724623682,70774.48352805714,-171732.16460188924,70782.19165847472,-171735.94661354274,90,30.0
2024-01-29 11:14:29,-6.446312232844731,70777.70969437253,-171744.13724623682,70774.48352805714,-171732.16460188924,70782.12035450264,-171735.72942763276,90,30.0
2024-01-29 11:14:29,-6.219645710971916,70777.70969437253,-171744.13724623682,70774.48352805714,-171732.16460188924,70781.80171405943,-171735.41810653382,90,30.0
2024-01-29 11:14:30,-5.960708748797396,70777.70969437253,-171744.13724623682,70774.48352805714,-171732.16460188924,70781.5054653727,-171735.31391426572,90,30.0
2024-01-29 11:14:30,-5.449253309196859,70777.70969437253,-171744.13724623682,70774.48352805714,-171732.16460188924,70780.96442381793,-171735.2718184235,90,30.0
2024-01-29 11:14:31,-5.209931638678782,70777.70969437253,-171744.13724623682,70774.48352805714,-171732.16460188924,70780.6807729188,-171735.13898697955,90,30.0
2024-01-29 11:14:31,-5.498632918885784,70777.70969437253,-171744.13724623682,70774.48352805714,-171732.16460188924,70780.99134546038,-171735.18193815302,90,30.0
2024-01-29 11:14:32,-5.6734625483043954,70777.70969437253,-171744.13724623682,70774.48352805714,-171732.16460188924,70781.46067811332,-171736.2517278164,90,30.0
2024-01-29 11:14:32,-5.807250009302936,70777.70969437253,-171744.13724623682,70774.48352805714,-171732.16460188924,70781.7379168334,-171736.76638116105,90,30.0
2024-01-29 11:14:33,-5.454388265602823,70777.70969437253,-171744.13724623682,70774.48352805714,-171732.16460188924,70781.50217290047,-171737.24772605268,90,30.0
2024-01-29 11:14:33,-5.010066854102329,70777.70969437253,-171744.13724623682,70774.48352805714,-171732.16460188924,70781.16897998832,-171737.7189504931,90,30.0
2024-01-29 11:14:34,-4.7532851422081634,70777.70969437253,-171744.13724623682,70774.48352805714,-171732.16460188924,70781.03291980704,-171738.20095105574,90,30.0
2024-01-29 11:14:34,-4.457222610565068,70777.70969437253,-171744.13724623682,70774.48352805714,-171732.16460188924,70780.86026869765,-171738.69813369305,90,30.0
2024-01-29 11:14:35,-4.33387618649981,70777.70969437253,-171744.13724623682,70774.48352805714,-171732.16460188924,70780.8548624934,-171739.1521496873,90,30.0
2024-01-29 11:14:35,-4.275202546443051,70777.70969437253,-171744.13724623682,70774.48352805714,-171732.16460188924,70780.83928711271,-171739.31985851531,90,30.0
2024-01-29 11:14:36,-4.0580799112897905,70777.70969437253,-171744.13724623682,70774.48352805714,-171732.16460188924,70780.69578003818,-171739.62179416986,90,30.0
2024-01-29 11:14:37,-4.008137808158049,70777.70969437253,-171744.13724623682,70774.48352805714,-171732.16460188924,70780.66588933211,-171739.7028178612,90,30.0
2024-01-29 11:14:37,-4.024130073352066,70777.70969437253,-171744.13724623682,70774.48352805714,-171732.16460188924,70780.72265623293,-171739.85201994947,90,30.0
2024-01-29 11:14:38,-4.006119665074441,70777.70969437253,-171744.13724623682,70774.48352805714,-171732.16460188924,70780.81271251189,-171740.2554508912,90,30.0
2024-01-29 11:14:38,-4.062455379264145,70777.70969437253,-171744.13724623682,70774.48352805714,-171732.16460188924,70780.95831288709,-171740.5792643286,90,30.0
2024-01-29 11:14:39,-4.081589479031854,70777.70969437253,-171744.13724623682,70774.48352805714,-171732.16460188924,70780.92120899934,-171740.36802642915,90,30.0
