timestamp,直線との距離:,startx:,starty:,goalx:,goaly:,x:,y:,操作量,sp
timestamp,直線との距離:,startx:,starty:,goalx:,goaly:,x:,y:,操作量,sp
2024-01-29 10:58:32,-0.0,70788.70401457597,-171736.7333402305,70774.48352805714,-171732.16460188924,70788.70401457597,-171736.7333402305,0,25.0
2024-01-29 10:58:32,-0.0,70788.70401457597,-171736.7333402305,70774.48352805714,-171732.16460188924,70788.70401457597,-171736.7333402305,0,25.0
2024-01-29 10:58:32,-0.0,70788.70401457597,-171736.7333402305,70774.48352805714,-171732.16460188924,70788.70401457597,-171736.7333402305,0,25.0
2024-01-29 10:58:33,-0.14642159671245672,70788.70401457597,-171736.7333402305,70774.48352805714,-171732.16460188924,70788.6206046413,-171736.55274953463,0,25.0
2024-01-29 10:58:33,-0.4322092721016502,70788.70401457597,-171736.7333402305,70774.48352805714,-171732.16460188924,70788.5146597241,-171736.2185366761,0,25.0
2024-01-29 10:58:34,-0.8309567671940905,70788.70401457597,-171736.7333402305,70774.48352805714,-171732.16460188924,70788.32483706743,-171735.7387291619,0,25.0
2024-01-29 10:58:34,-1.3719633453285485,70788.70401457597,-171736.7333402305,70774.48352805714,-171732.16460188924,70787.82110590923,-171735.00864875558,1,25.0
2024-01-29 10:58:35,-1.9943946456353778,70788.70401457597,-171736.7333402305,70774.48352805714,-171732.16460188924,70787.38046825118,-171734.21331507317,1,25.0
2024-01-29 10:58:35,-2.3908863766409167,70788.70401457597,-171736.7333402305,70774.48352805714,-171732.16460188924,70787.0477496456,-171733.68996747065,2,25.0
2024-01-29 10:58:36,-2.998807587002903,70788.70401457597,-171736.7333402305,70774.48352805714,-171732.16460188924,70786.51029055187,-171732.8787676988,2,25.0
2024-01-29 10:58:36,-3.4395784466157693,70788.70401457597,-171736.7333402305,70774.48352805714,-171732.16460188924,70786.13858347887,-171732.29638567212,3,25.0
2024-01-29 10:58:37,-3.7467658481227604,70788.70401457597,-171736.7333402305,70774.48352805714,-171732.16460188924,70785.29882680815,-171731.70393773535,3,25.0
2024-01-29 10:58:37,-3.870862978997107,70788.70401457597,-171736.7333402305,70774.48352805714,-171732.16460188924,70784.67932680281,-171731.37456110073,3,25.0
2024-01-29 10:58:38,-4.031623802315462,70788.70401457597,-171736.7333402305,70774.48352805714,-171732.16460188924,70783.72297456973,-171730.89845160124,4,25.0
2024-01-29 10:58:38,-4.130453346613379,70788.70401457597,-171736.7333402305,70774.48352805714,-171732.16460188924,70782.76865964117,-171730.4880457159,4,25.0
2024-01-29 10:58:39,-4.2573213357268,70788.70401457597,-171736.7333402305,70774.48352805714,-171732.16460188924,70782.20318954595,-171730.17311738548,4,25.0
2024-01-29 10:58:39,-4.423777829069992,70788.70401457597,-171736.7333402305,70774.48352805714,-171732.16460188924,70781.30455007184,-171729.70956735592,4,25.0
2024-01-29 10:58:40,-4.375065963564883,70788.70401457597,-171736.7333402305,70774.48352805714,-171732.16460188924,70780.70326561565,-171729.5675516694,4,25.0
2024-01-29 10:58:40,-4.365027654114409,70788.70401457597,-171736.7333402305,70774.48352805714,-171732.16460188924,70779.70334522944,-171729.25684228947,4,25.0
2024-01-29 10:58:41,-4.327741862775336,70788.70401457597,-171736.7333402305,70774.48352805714,-171732.16460188924,70778.99079405246,-171729.0670776895,4,25.0
2024-01-29 10:58:41,-4.081880901204648,70788.70401457597,-171736.7333402305,70774.48352805714,-171732.16460188924,70777.92557817831,-171728.98308488494,4,25.0
2024-01-29 10:58:42,-3.8769003793851167,70788.70401457597,-171736.7333402305,70774.48352805714,-171732.16460188924,70777.19047114602,-171728.9622105201,3,25.0
2024-01-29 10:58:43,-3.549319669219237,70788.70401457597,-171736.7333402305,70774.48352805714,-171732.16460188924,70776.10535740356,-171728.95765870367,3,25.0
2024-01-29 10:58:43,-3.110420225841134,70788.70401457597,-171736.7333402305,70774.48352805714,-171732.16460188924,70774.98195438326,-171729.05772818835,3,25.0
2024-01-29 10:58:44,-2.831147919155383,70788.70401457597,-171736.7333402305,70774.48352805714,-171732.16460188924,70774.26222179826,-171729.11982514462,2,25.0
2024-01-29 10:58:44,-2.1523264077520308,70788.70401457597,-171736.7333402305,70774.48352805714,-171732.16460188924,70772.53765116092,-171729.27875273628,2,25.0
2024-01-29 10:58:45,-2.1523264077520308,70788.70401457597,-171736.7333402305,70774.48352805714,-171732.16460188924,70772.53765116092,-171729.27875273628,2,25.0
2024-01-29 10:58:45,-1.6522581975700243,70788.70401457597,-171736.7333402305,70774.48352805714,-171732.16460188924,70771.62316018337,-171729.5101893671,1,25.0
2024-01-29 10:58:46,-1.2771547565037662,70788.70401457597,-171736.7333402305,70774.48352805714,-171732.16460188924,70771.00527918707,-171729.70566460167,1,25.0
2024-01-29 10:58:46,-0.4267573943777596,70788.70401457597,-171736.7333402305,70774.48352805714,-171732.16460188924,70770.02905370192,-171730.28523295003,0,25.0
2024-01-29 10:58:47,0.1968403949185976,70788.70401457597,-171736.7333402305,70774.48352805714,-171732.16460188924,70769.48783155522,-171730.7663412787,-1,25.0
2024-01-29 10:58:47,0.6836458521135236,70788.70401457597,-171736.7333402305,70774.48352805714,-171732.16460188924,70769.27679417233,-171731.20985207567,-1,25.0
2024-01-29 10:58:48,1.4355975402310661,70788.70401457597,-171736.7333402305,70774.48352805714,-171732.16460188924,70769.31756399087,-171732.01275757293,-2,25.0
2024-01-29 10:58:48,1.4131019748357407,70788.70401457597,-171736.7333402305,70774.48352805714,-171732.16460188924,70769.71733469507,-171732.1175673,-2,25.0
2024-01-29 10:58:49,1.0672652803125284,70788.70401457597,-171736.7333402305,70774.48352805714,-171732.16460188924,70770.05587849596,-171731.8630871116,-2,25.0
2024-01-29 10:58:49,0.7365313593170452,70788.70401457597,-171736.7333402305,70774.48352805714,-171732.16460188924,70770.36610963126,-171731.61537375802,-1,25.0
2024-01-29 10:58:50,0.28976196643484986,70788.70401457597,-171736.7333402305,70774.48352805714,-171732.16460188924,70770.69270842141,-171731.25104196207,-1,25.0
2024-01-29 10:58:50,-0.05753312375700738,70788.70401457597,-171736.7333402305,70774.48352805714,-171732.16460188924,70770.73700568119,-171730.9004948344,0,25.0
2024-01-29 10:58:51,-0.6036650032984592,70788.70401457597,-171736.7333402305,70774.48352805714,-171732.16460188924,70770.9489223864,-171730.39495346558,0,25.0
2024-01-29 10:58:51,-1.757553042827443,70788.70401457597,-171736.7333402305,70774.48352805714,-171732.16460188924,70771.22450061404,-171729.2715128888,1,25.0
2024-01-29 10:58:52,-3.258248997428338,70788.70401457597,-171736.7333402305,70774.48352805714,-171732.16460188924,70771.71880125094,-171727.8540759573,3,25.0
2024-01-29 10:58:52,-3.879851150852217,70788.70401457597,-171736.7333402305,70774.48352805714,-171732.16460188924,70771.86209689893,-171727.2472184524,3,25.0
2024-01-29 10:58:53,-4.787392136914125,70788.70401457597,-171736.7333402305,70774.48352805714,-171732.16460188924,70771.99601072588,-171726.33701298074,4,25.0
2024-01-29 10:58:53,-5.398078240705988,70788.70401457597,-171736.7333402305,70774.48352805714,-171732.16460188924,70772.06225441537,-171725.71686592256,5,25.0
2024-01-29 10:58:54,-6.213101570871123,70788.70401457597,-171736.7333402305,70774.48352805714,-171732.16460188924,70772.12026303171,-171724.8794489811,6,25.0
2024-01-29 10:58:54,-7.0630026537341,70788.70401457597,-171736.7333402305,70774.48352805714,-171732.16460188924,70772.02122368803,-171723.95494229146,7,25.0
2024-01-29 10:58:55,-7.624995783109439,70788.70401457597,-171736.7333402305,70774.48352805714,-171732.16460188924,70771.99403725567,-171723.35592244635,7,25.0
2024-01-29 10:58:55,-7.648399897256794,70788.70401457597,-171736.7333402305,70774.48352805714,-171732.16460188924,70772.26876012217,-171723.41960268858,7,25.0
2024-01-29 10:58:56,-7.669877053146691,70788.70401457597,-171736.7333402305,70774.48352805714,-171732.16460188924,70773.16360249149,-171723.6845380381,7,25.0
2024-01-29 10:58:56,-7.382049680873823,70788.70401457597,-171736.7333402305,70774.48352805714,-171732.16460188924,70773.56586224523,-171724.11609290043,7,25.0
2024-01-29 10:58:57,-6.360259144078704,70788.70401457597,-171736.7333402305,70774.48352805714,-171732.16460188924,70773.84803570318,-171725.2799795131,6,25.0
2024-01-29 10:58:58,-6.360259144078704,70788.70401457597,-171736.7333402305,70774.48352805714,-171732.16460188924,70773.84803570318,-171725.2799795131,6,25.0
2024-01-29 10:58:58,-5.058571779391777,70788.70401457597,-171736.7333402305,70774.48352805714,-171732.16460188924,70774.59112061356,-171726.88593473515,5,25.0
2024-01-29 10:58:59,-5.058571779391777,70788.70401457597,-171736.7333402305,70774.48352805714,-171732.16460188924,70774.59112061356,-171726.88593473515,5,25.0
2024-01-29 10:58:59,-4.481289660015127,70788.70401457597,-171736.7333402305,70774.48352805714,-171732.16460188924,70775.00335033842,-171727.6247194397,4,25.0
2024-01-29 10:59:00,-3.581734360656263,70788.70401457597,-171736.7333402305,70774.48352805714,-171732.16460188924,70775.6840918053,-171728.78826853482,3,25.0
2024-01-29 10:59:00,-3.581734360656263,70788.70401457597,-171736.7333402305,70774.48352805714,-171732.16460188924,70775.6840918053,-171728.78826853482,3,25.0
