timestamp,直線との距離:,startx:,starty:,goalx:,goaly:,x:,y:,操作量,sp
timestamp,直線との距離:,startx:,starty:,goalx:,goaly:,x:,y:,操作量,sp
2024-01-26 16:58:32,-0.0,70771.06922957147,-171744.86106199244,70774.48352805714,-171732.16460188924,70771.06922957147,-171744.86106199244,0,15.0
2024-01-26 16:58:32,-0.0,70771.06922957147,-171744.86106199244,70774.48352805714,-171732.16460188924,70771.06922957147,-171744.86106199244,0,15.0
2024-01-26 16:58:32,-0.0,70771.06922957147,-171744.86106199244,70774.48352805714,-171732.16460188924,70771.06922957147,-171744.86106199244,0,15.0
2024-01-26 16:58:33,-0.03833196689163292,70771.06922957147,-171744.86106199244,70774.48352805714,-171732.16460188924,70771.12960022052,-171744.7841727366,0,15.0
2024-01-26 16:58:33,-0.03833196689163292,70771.06922957147,-171744.86106199244,70774.48352805714,-171732.16460188924,70771.12960022052,-171744.7841727366,0,15.0
2024-01-26 16:58:34,0.0006211989311296777,70771.06922957147,-171744.86106199244,70774.48352805714,-171732.16460188924,70771.11611143948,-171744.6843343277,0,15.0
2024-01-26 16:58:34,0.2981728331434237,70771.06922957147,-171744.86106199244,70774.48352805714,-171732.16460188924,70770.8696003912,-171744.4552239503,-5,15.0
2024-01-26 16:58:35,0.5737229129746113,70771.06922957147,-171744.86106199244,70774.48352805714,-171732.16460188924,70770.71812378436,-171743.95743908203,-10,15.0
2024-01-26 16:58:35,0.6948860927495087,70771.06922957147,-171744.86106199244,70774.48352805714,-171732.16460188924,70770.67049282853,-171743.66799398506,-15,15.0
2024-01-26 16:58:36,0.6776432619034438,70771.06922957147,-171744.86106199244,70774.48352805714,-171732.16460188924,70770.77671120755,-171743.33940619815,-18,15.0
2024-01-26 16:58:36,0.820493758613629,70771.06922957147,-171744.86106199244,70774.48352805714,-171732.16460188924,70770.71994048319,-171743.00043645228,-24,15.0
2024-01-26 16:58:37,1.1682619400723346,70771.06922957147,-171744.86106199244,70774.48352805714,-171732.16460188924,70770.51738888452,-171742.4144876374,-33,15.0
2024-01-26 16:58:37,1.6140118801855157,70771.06922957147,-171744.86106199244,70774.48352805714,-171732.16460188924,70770.20426078454,-171741.86242926007,-45,15.0
2024-01-26 16:58:38,1.8917196875147348,70771.06922957147,-171744.86106199244,70774.48352805714,-171732.16460188924,70770.02363507972,-171741.46472983385,-58,15.0
2024-01-26 16:58:38,2.2546756474988867,70771.06922957147,-171744.86106199244,70774.48352805714,-171732.16460188924,70769.8146987053,-171740.84403955837,-73,15.0
2024-01-26 16:58:39,2.516737967081463,70771.06922957147,-171744.86106199244,70774.48352805714,-171732.16460188924,70769.65910509709,-171740.41350190673,-88,15.0
2024-01-26 16:58:39,2.7763321960621,70771.06922957147,-171744.86106199244,70774.48352805714,-171732.16460188924,70769.48510650347,-171740.06090924382,-90,15.0
2024-01-26 16:58:40,3.019564256705282,70771.06922957147,-171744.86106199244,70774.48352805714,-171732.16460188924,70769.40183426626,-171739.43394646465,-90,15.0
2024-01-26 16:58:40,3.0252213443800597,70771.06922957147,-171744.86106199244,70774.48352805714,-171732.16460188924,70769.46794945026,-171739.1663056807,-90,15.0
2024-01-26 16:58:41,2.8628877474181573,70771.06922957147,-171744.86106199244,70774.48352805714,-171732.16460188924,70769.64040376611,-171739.1501168273,-90,15.0
2024-01-26 16:58:42,2.784273658894393,70771.06922957147,-171744.86106199244,70774.48352805714,-171732.16460188924,70769.64639963521,-171739.43054185263,-90,15.0
2024-01-26 16:58:42,2.6418076943109567,70771.06922957147,-171744.86106199244,70774.48352805714,-171732.16460188924,70769.70342007701,-171739.76710226753,-90,15.0
2024-01-26 16:58:43,2.6418076943109567,70771.06922957147,-171744.86106199244,70774.48352805714,-171732.16460188924,70769.70342007701,-171739.76710226753,-90,15.0
2024-01-26 16:58:43,2.4214992169689715,70771.06922957147,-171744.86106199244,70774.48352805714,-171732.16460188924,70769.80023199959,-171740.2554437265,-90,15.0
2024-01-26 16:58:44,2.627137109541032,70771.06922957147,-171744.86106199244,70774.48352805714,-171732.16460188924,70769.41791599324,-171740.885274323,-90,15.0
2024-01-26 16:58:44,2.627137109541032,70771.06922957147,-171744.86106199244,70774.48352805714,-171732.16460188924,70769.41791599324,-171740.885274323,-90,15.0
2024-01-26 16:58:45,2.763917046722298,70771.06922957147,-171744.86106199244,70774.48352805714,-171732.16460188924,70769.2096913518,-171741.13287938447,-90,15.0
2024-01-26 16:58:45,3.4144736261822266,70771.06922957147,-171744.86106199244,70774.48352805714,-171732.16460188924,70768.40448059261,-171741.62203240747,-90,15.0
2024-01-26 16:58:46,3.4144736261822266,70771.06922957147,-171744.86106199244,70774.48352805714,-171732.16460188924,70768.40448059261,-171741.62203240747,-90,15.0
2024-01-26 16:58:46,3.5640634785120837,70771.06922957147,-171744.86106199244,70774.48352805714,-171732.16460188924,70768.27121891313,-171741.54155162687,-90,15.0
2024-01-26 16:58:47,4.027125184284808,70771.06922957147,-171744.86106199244,70774.48352805714,-171732.16460188924,70767.91370566441,-171741.08788163625,-90,15.0
2024-01-26 16:58:47,4.551568047579955,70771.06922957147,-171744.86106199244,70774.48352805714,-171732.16460188924,70767.541331656,-171740.45311103514,-90,15.0
2024-01-26 16:58:48,4.551568047579955,70771.06922957147,-171744.86106199244,70774.48352805714,-171732.16460188924,70767.541331656,-171740.45311103514,-90,15.0
2024-01-26 16:58:48,4.6420166760813375,70771.06922957147,-171744.86106199244,70774.48352805714,-171732.16460188924,70767.56937603597,-171740.00053186735,-90,15.0
2024-01-26 16:58:49,4.32036096254859,70771.06922957147,-171744.86106199244,70774.48352805714,-171732.16460188924,70767.93636886751,-171739.87443514593,-90,15.0
2024-01-26 16:58:49,4.07249868421204,70771.06922957147,-171744.86106199244,70774.48352805714,-171732.16460188924,70768.19673389739,-171739.86068778753,-90,15.0
2024-01-26 16:58:50,3.692453399776366,70771.06922957147,-171744.86106199244,70774.48352805714,-171732.16460188924,70768.51677147819,-171740.13404181195,-90,15.0
2024-01-26 16:58:50,3.355499130822275,70771.06922957147,-171744.86106199244,70774.48352805714,-171732.16460188924,70768.80744153282,-171740.35067063334,-90,15.0
2024-01-26 16:58:51,3.169648856497617,70771.06922957147,-171744.86106199244,70774.48352805714,-171732.16460188924,70768.91220624777,-171740.67674960825,-90,15.0
2024-01-26 16:58:52,3.4568693281123974,70771.06922957147,-171744.86106199244,70774.48352805714,-171732.16460188924,70768.55126518568,-171740.91294282905,-90,15.0
