timestamp,直線との距離:,startx:,starty:,goalx:,goaly:,x:,y:,操作量,sp
2024-01-29 11:22:46,-0.0,70779.00725462244,-171744.41864890614,70774.48352805714,-171732.16460188924,70779.00725462244,-171744.41864890614,0,30.0
2024-01-29 11:22:46,-0.0,70779.00725462244,-171744.41864890614,70774.48352805714,-171732.16460188924,70779.00725462244,-171744.41864890614,0,30.0
2024-01-29 11:22:46,-0.01812985595645492,70779.00725462244,-171744.41864890614,70774.48352805714,-171732.16460188924,70779.02827873146,-171744.4232493949,0,30.0
2024-01-29 11:22:47,-0.01578819707100494,70779.00725462244,-171744.41864890614,70774.48352805714,-171732.16460188924,70778.78304575887,-171743.76571435266,0,30.0
2024-01-29 11:22:48,-0.01578819707100494,70779.00725462244,-171744.41864890614,70774.48352805714,-171732.16460188924,70778.78304575887,-171743.76571435266,0,30.0
2024-01-29 11:22:48,0.2569639316745428,70779.00725462244,-171744.41864890614,70774.48352805714,-171732.16460188924,70778.31178564802,-171743.27672555507,-1,30.0
2024-01-29 11:22:49,0.6450036350171778,70779.00725462244,-171744.41864890614,70774.48352805714,-171732.16460188924,70777.79986911871,-171743.0105009822,-2,30.0
2024-01-29 11:22:49,1.534185820222628,70779.00725462244,-171744.41864890614,70774.48352805714,-171732.16460188924,70776.90152797721,-171743.14457649863,-4,30.0
2024-01-29 11:22:50,2.9523858555089557,70779.00725462244,-171744.41864890614,70774.48352805714,-171732.16460188924,70775.92169232362,-171744.58544951875,-9,30.0
2024-01-29 11:22:50,3.1174448340286016,70779.00725462244,-171744.41864890614,70774.48352805714,-171732.16460188924,70776.02012908799,-171745.32871102763,-11,30.0
2024-01-29 11:22:51,3.1174448340286016,70779.00725462244,-171744.41864890614,70774.48352805714,-171732.16460188924,70776.02012908799,-171745.32871102763,-13,30.0
2024-01-29 11:22:51,2.87269433875243,70779.00725462244,-171744.41864890614,70774.48352805714,-171732.16460188924,70776.60811659574,-171746.21475100855,-15,30.0
2024-01-29 11:22:52,2.0852532053012527,70779.00725462244,-171744.41864890614,70774.48352805714,-171732.16460188924,70777.57000030052,-171746.5465820414,-15,30.0
2024-01-29 11:22:52,1.3635222233990436,70779.00725462244,-171744.41864890614,70774.48352805714,-171732.16460188924,70778.26586074206,-171746.3475386782,-15,30.0
2024-01-29 11:22:53,-0.02752235431127587,70779.00725462244,-171744.41864890614,70774.48352805714,-171732.16460188924,70779.11935043434,-171744.64282688976,-13,30.0
2024-01-29 11:22:53,-0.02752235431127587,70779.00725462244,-171744.41864890614,70774.48352805714,-171732.16460188924,70779.11935043434,-171744.64282688976,-13,30.0
2024-01-29 11:22:54,0.1392591252314577,70779.00725462244,-171744.41864890614,70774.48352805714,-171732.16460188924,70778.60810519595,-171743.73953176953,-13,30.0
2024-01-29 11:22:54,1.474036847597402,70779.00725462244,-171744.41864890614,70774.48352805714,-171732.16460188924,70777.0532436341,-171743.38186804188,-16,30.0
2024-01-29 11:22:55,1.474036847597402,70779.00725462244,-171744.41864890614,70774.48352805714,-171732.16460188924,70777.0532436341,-171743.38186804188,-17,30.0
2024-01-29 11:22:55,2.5172970156395977,70779.00725462244,-171744.41864890614,70774.48352805714,-171732.16460188924,70776.14515989876,-171743.93445668582,-21,30.0
